982,983,606,330,610,609
332,615,614,613,828
608,609,610,611,612,607
766,533,532,514,515
283,55,292,293,82,280
999,998,997,996,994,995,1000
389,15,155,154,398,399,388
178,439,742,870,869,432
840,328,329,605,838
138,711,713,188,28,137
975,976,974,973,1009,1004
240,242,241,88,291,290
372,371,134,133,321
629,632,628,349,636,637
725,717,718,750,749,730
947,948,897,896,895,894
312,311,113,381,378,112
514,532,537,536,523,524
679,680,678,861,937,936
548,549,550,552,551,547
58,59,5,56,236
687,686,125,122,664,665
104,103,400,402,314
326,183,426,710,709,327
521,519,518,517,516,520
509,510,493,494,495,497,496
371,375,374,11,135,136,134
174,175,169,182,428,425
774,776,777,773,794,789
256,515,514,524,525,255
612,611,788,786,796,798
164,18,19,43,42
485,492,484,219,220
756,757,758,755,754,753
54,79,80,245,243,239
845,766,515,256,843
865,866,694,625,634,633
570,572,801,907,909,571
205,471,470,203,201,202,204
185,184,205,204,447,449
490,489,484,492,491
787,785,784,790,786,788
939,938,936,937,934,935
404,405,114,322,323,315,318
10,602,598,322,114
878,879,881,883,882,880
957,956,553,998,999,783
992,1018,1017,851,338
317,318,315,316,319,320
664,122,123,653,652,662
560,561,558,559,563,562
922,969,976,975,923,921
979,1010,1012,1011,835
81,83,68,69,67
127,542,541,257,254,128
614,557,556,152,153,613
474,475,473,472,470,471
518,239,243,242,240,517
657,852,929,990,991,658
153,152,383,385,303,151
434,867,868,732,900,899
56,5,54,239,518,519
90,808,807,579,567,91
130,841,616,980,981
333,607,612,798,799,334
143,145,368,369,671,673
477,481,480,478,479,476
296,574,581,810,809,295
80,78,76,77,244,245
16,159,160,344,343,17
733,731,429,172,173,171
924,982,609,608,836
987,928,927,925,926,986
688,65,64,63,250,691
951,946,949,948,947,950
817,910,914,917,818
805,806,583,577,576,299,578
887,888,892,891,889,890
342,341,339,340,619
643,644,645,646,356
82,293,560,562,68,83
52,504,499,230,234
345,353,352,603,602,10,346
59,800,79,54,5
681,416,415,387,684
503,502,501,498,500,499,504
697,61,65,688,701,703
984,837,838,605,606,983
281,282,283,280,279
592,591,304,97,98,305
225,180,436,439,178,224
791,793,554,555,954,955
231,224,178,432,433,229
997,265,14,696,695,996
26,30,31,47,621,620
883,875,876,877,874,882
392,391,158,107,105
68,562,563,276,268,269,69
610,330,126,787,788,611
605,329,127,128,126,330,606
410,950,947,894,406,411
416,418,417,414,413,415
926,925,623,341,342,624
2,9,148,149,13
402,404,318,317,113,311
723,748,747,452,170
462,463,464,481,477,461
857,933,931,858,855,856
64,50,233,232,53,63
558,89,85,84,48,274,559
395,396,348,347,403,401
32,35,34,33,37,36
249,238,248,535,538
37,33,162,163,472,473
849,624,342,619,850
433,432,869,867,434,435
765,764,116,115,120,124
427,185,449,714,712
525,524,523,522,767,771
126,128,254,785,787
831,834,595,596,597,648
308,108,104,314,313,310
595,321,133,644,643,596
915,911,820,819,912
854,656,655,848,988,989,930
663,662,652,656,854,853,367
671,369,370,146,373,672
51,52,234,233,50,49
692,689,690,251,409,693
194,40,465,757,756,193
693,409,410,411,626,625,694
565,296,295,277,278
836,608,607,333,331
543,544,772,770,541,542
390,389,388,391,392,393
617,842,844,336,337,335
958,953,957,783,782,959
408,406,894,895,685,660,407
859,860,386,418,416,681
88,241,286,284,85,89
809,810,806,805,807,808
1019,1020,1005,1006,1003,1002,1001
746,812,816,875,883,881
891,892,759,192,456
397,17,343,348,396
254,257,258,253,784,785
202,201,206,207,44,4
422,214,217,487,488,423
630,633,634,632,629,631
799,798,796,795,902,903,797
934,937,861,860,859,862
13,149,150,12
428,182,189,190,184,185,427
31,29,458,463,462,47
586,818,917,916,588,587
994,996,695,704,700,706
144,407,660,659,368,145
1017,1016,849,850,851
871,740,441,738,734,872
914,915,912,913,916,917
116,171,173,118,119,115
203,42,43,210,206,201
218,216,490,491,487,217
1008,300,821,964,1007
553,267,266,265,997,998
967,95,301,973,974
960,961,958,959,963,962
190,474,471,205,184
384,382,679,936,938
472,163,164,42,203,470
221,223,222,493,510,507
125,124,120,121,123,122
11,141,657,658,364,135
895,896,686,687,685
286,287,289,288,285,284
173,172,177,176,117,118
499,500,225,224,231,230
932,1000,995,931,933
551,552,62,698,696,14
1014,1013,1015,1016,1017,1018
243,245,244,287,286,241,242
862,859,681,684,683,682
728,726,727,725,730,729
575,970,1022,1021,803,801,572
705,706,700,699,863,941,940
795,792,791,955,952,902
447,204,202,4,27,446
535,248,57,247,526,527,534
419,943,944,420,421
453,451,475,474,190,189
582,298,823,822,577,583
322,598,599,832,829,323
197,198,199,200,460,459
107,158,157,103,104,108
480,193,756,753,478
169,170,452,453,189,182
645,642,641,132,646
391,388,399,394,157,158
977,981,980,978,1010,979
846,845,843,844,842
137,28,30,26,139
269,268,271,272,270
563,559,274,273,275,276
1004,1009,1008,1007,1006,1005
258,540,775,776,774,253
952,955,954,956,957,953
675,673,671,672,674,676
403,347,346,10,114,405
358,650,647,357,359
354,355,351,352,353
903,902,952,953,958,961
861,678,857,856,386,860
636,349,144,145,143,635
888,884,893,759,892
1023,923,975,1004,1005,1020
294,571,909,908,92,93
508,509,496,181,226
954,555,267,553,956
315,323,829,830,649,316
306,393,392,105,307
573,297,918,823,298
734,738,739,735,737,736
739,442,728,729,722,735
266,547,551,14,265
621,47,462,461,46,622
641,366,365,618,132
591,935,934,862,682,304
750,718,721,166,23,751
784,253,774,789,790
602,603,601,600,599,598
777,781,546,545,773
749,750,751,752,747,748
683,684,387,156,154,155
741,438,443,445,441,740
714,449,447,446,448,715
737,735,722,724,430,431
713,715,448,186,187,188
362,327,709,711,138,361
339,45,211,482,340
638,635,143,673,675,670
23,166,167,21,35,32
948,949,901,764,765,897
722,729,730,749,748,723,724
889,891,456,3,41
708,874,877,707,727,726
628,627,408,407,144,349
87,569,568,223,221,86
370,661,663,367,142,146
288,91,567,569,87,285
259,255,525,771,772,544
275,273,227,501,502
268,276,275,502,503,271
803,1021,1019,1001,589,802
84,86,221,507,506,48
111,110,358,359,109
101,98,97,15,389,390
742,741,740,871,870
790,789,794,793,791,792
133,134,136,642,645,644
426,425,428,427,712,710
119,118,117,183,326,325
775,778,779,780,781,777,776
444,708,726,728,442
599,600,669,667,833,832
129,335,337,260,328,840,839
360,361,138,137,139,140
847,140,139,26,620,927,928
1010,978,129,839,1012
810,581,582,583,806
980,616,617,335,129,978
424,423,488,486,719,716
460,200,195,40,194,457
227,505,508,226,498,501
877,876,422,423,424,707
328,260,543,542,127,329
387,415,413,159,16,156
99,593,592,305,100
324,325,326,327,362,363
530,527,526,528,529,531
927,620,621,622,623,925
234,230,231,229,232,233
526,247,521,520,246,528
488,487,491,492,485,486
187,186,197,459,458,29
364,658,991,993,365,366
841,846,842,617,616
376,379,111,109,147
848,847,928,987,988
177,431,430,175,174,176
165,220,219,25,168
719,486,485,220,165,720
550,7,70,72,62,552
541,770,769,540,258,257
833,667,668,372,321,595,834
716,719,720,721,718,717
853,854,930,929,852
123,121,324,363,654,653
167,168,25,22,21
413,414,419,421,350,160,159
545,546,261,66,549,548,264
942,940,941,945,944,943
469,761,886,885,467,468
46,461,477,476,211,45
3,456,192,39,38
844,843,256,255,259,336
211,476,479,483,482
704,703,701,702,699,700
76,278,277,74,75,77
769,768,539,778,775,540
92,908,905,745,744,179
779,252,281,279,263,780
654,363,362,361,360,651
458,459,460,457,464,463
106,308,310,309,1
162,161,18,164,163
313,314,402,311,312
337,336,259,544,543,260
873,872,734,736,429,731
57,237,236,56,519,521,247
761,760,762,763,886
497,495,743,879,878,440
199,196,469,468,195,200
399,398,397,396,395,394
334,799,797,557,614,615
1002,1003,965,911,915,914,910
744,745,746,881,879,743
827,151,303,302,590
594,939,935,591,592,593
556,960,962,383,152
352,351,639,640,601,603
297,826,920,919,918
557,797,903,961,960,556
284,285,87,86,84,85
587,588,218,217,214,215
912,819,212,213,913
825,96,966,968
102,101,390,393,306
626,411,406,408,627
829,832,833,834,831,830
61,60,49,50,64,65
450,36,37,473,475,451
421,420,630,631,355,354,350
498,226,181,180,225,500
811,814,813,815,816,812
117,176,174,425,426,183
969,968,966,967,974,976
9,8,112,378,377,148
747,752,450,451,453,452
835,1011,837,984,985
1015,986,926,624,849,1016
441,445,444,442,739,738
319,316,649,650,358,110
479,478,753,754,191,483
786,790,792,795,796
721,720,165,168,167,166
533,249,538,537,532
807,805,578,580,579
181,496,497,440,437,436,180
400,401,403,405,404,402
555,554,264,548,547,266,267
386,856,855,412,417,418
916,913,213,216,218,588
666,665,664,662,663,661
455,41,3,38,454
782,783,999,1000,932,677
277,295,809,808,90,74
577,822,971,970,575,576
6,67,69,269,270,70,7
585,584,817,818,586,813,814
113,317,320,380,381
680,677,932,933,857,678
941,863,864,866,865,945
537,538,535,534,536
262,81,67,6,66,261
209,20,762,760,208
868,873,731,733,732
929,930,989,1013,1014,990
228,435,434,899,898,511
62,72,71,60,61,697,698
365,993,992,338,618
430,724,723,170,169,175
136,135,364,366,641,642
307,105,107,108,308,106
973,301,300,1008,1009
331,333,334,615,332
568,566,294,93,222,223
443,880,882,874,708,444,445
303,385,384,938,939,594,302
28,188,187,29,31,30
27,4,44,196,199,198
946,898,899,900,901,949
250,63,53,228,511,512
905,906,811,812,746,745
355,631,629,637,639,351
34,24,161,162,33
206,210,209,208,207
142,367,853,852,657,141
919,920,922,921,824
417,412,942,943,419,414
291,88,89,558,561
195,468,467,466,465,40
989,988,987,986,1015,1013
674,672,373,374,375
823,918,919,824,972,971,822
699,702,689,692,864,863
272,271,503,504,52,51,73
800,564,78,80,79
781,780,263,262,261,546
972,824,921,923,1023,1024
589,1001,1002,910,817,584
647,648,597,131,357
44,207,208,760,761,469,196
235,58,236,237
754,755,455,454,191
380,320,319,110,111,379
96,94,95,967,966
813,586,587,215,815
660,685,687,665,666,659
604,130,981,977
904,804,585,814,811,906
66,6,7,550,549
448,446,27,198,197,186
690,691,250,512,513,251
75,74,90,91,288,289
516,517,240,290,292,55
437,440,878,880,443,438
539,531,529,252,779,778
758,890,889,41,455,755
971,972,1024,1022,970
801,803,802,804,904,907
238,235,237,57,248
464,457,194,193,480,481
639,637,636,635,638,640
802,589,584,585,804
816,815,215,214,422,876,875
21,22,24,34,35
100,305,98,101,102
772,771,767,768,769,770
292,290,291,561,560,293
1022,1024,1023,1020,1019,1021
676,674,375,371,372,668
304,682,683,155,15,97
1006,1007,964,965,1003
154,156,16,17,397,398
244,77,75,289,287
574,573,298,582,581
855,858,705,940,942,412
213,212,489,490,216
71,73,51,49,60
794,773,545,264,554,793
963,959,782,677,680,679,382
222,93,92,179,494,493
920,826,825,968,969,922
623,622,46,45,339,341
995,994,706,705,858,931
964,821,820,911,965
309,310,313,312,112,8
246,520,516,55,283,282
429,736,737,431,177,172
985,984,983,982,924
149,148,377,376,147,150
991,990,1014,1018,992,993
869,870,871,872,873,868,867
767,522,530,531,539,768
120,115,119,325,324,121
368,659,666,661,370,369
232,229,433,435,228,53
651,360,140,847,848,655
669,670,675,676,668,667
901,900,732,733,171,116,764
601,640,638,670,669,600
383,962,963,382,384,385
652,653,654,651,655,656
1,309,8,9,2
597,596,643,356,131
1011,1012,839,840,838,837
944,945,865,633,630,420
343,344,345,346,347,348
580,578,299,570,571,294,566
436,437,438,741,742,439
494,179,744,743,495
696,698,697,703,704,695
896,897,765,124,125,686
263,279,280,82,83,81,262
467,885,884,888,887,466
251,513,951,950,410,409
378,381,380,379,376,377
707,424,716,717,725,727
828,613,153,151,827
160,350,354,353,345,344
157,394,395,401,400,103
649,830,831,648,647,650
523,536,534,527,530,522
709,710,712,714,715,713,711
567,579,580,566,568,569
885,886,763,893,884
529,528,246,282,281,252
701,688,691,690,689,702
373,146,142,141,11,374
752,751,23,32,36,450
274,48,506,505,227,273
70,270,272,73,71,72
512,511,898,946,951,513
465,466,887,890,758,757
506,507,510,509,508,505
634,625,626,627,628,632
564,565,278,76,78
210,43,19,20,209
299,576,575,572,570
590,302,594,593,99
864,692,693,694,866
909,907,904,906,905,908
