2170,2167,1723,1724,1725,1726
1148,1165,1163,669,671,1151
671,669,1184,1182,670
1931,1897,2322,2323,1896,1930
2308,136,134,1356,1357,2306
1292,1290,775,1502,1501
257,294,295,584,588,573
2605,2602,1496,1489,1488
1699,1086,611,617,1089,1698
1713,1714,1715,2153,2154,2148
370,376,794,1003,1004
1927,1926,1925,1923,1922,1924
2585,2719,2720,1645,1647
104,30,31,29,338,750,749
2732,2776,2772,2733,2735,2734
1723,1116,1117,1720,1719,1724
1209,1208,1211,1210,1212,1213
1020,1017,1339,1338,1332,1334
1760,607,1071,1147,1146,1757
1433,1434,2237,2238,1844,327
734,1262,1259,1254,733
254,253,77,286,596,595
2624,2623,2621,2622,2620
1512,1511,1514,1515,1513
1187,693,1216,1799,2198,2197
1153,1152,1155,1154,1156,1157
1640,2479,2480,390,1327,1329
272,271,284,1681,1682,437
908,159,48,905,907
1766,1716,2667,2666,1717,1768
2383,1426,2362,2361,1237,2381
606,657,2534,2533,1751,605
2423,928,492,2343,2341,1508,2424
1182,1184,1786,1788,1185,1183
2015,1477,2257,2259,2016
2291,2294,2293,2292,2694,2692
206,205,207,208,210,209
1382,1381,1396,1539,1538,1543,1542
103,648,774,773,355
843,845,846,844,842,841
328,327,1844,1845,1258,1260
1751,2533,2535,1750,1756,1755
453,1214,1815,2219,2218,1117,1116
1122,1123,1121,1119,1118,1120
1791,2195,1206,1207,1188
1462,1486,1487,1480,164,1463
472,919,2026,2024,481,471
1351,1335,1333,1331,1935,1352
2378,2374,1977,2372,2369
1859,1856,1855,1849,1851,1857
2602,2603,2420,2613,2612,2036,1496
1616,517,1100,1102,968
1417,1418,444,446,440
2047,2045,2046,2048,2051,2050
297,89,88,263,262,296
669,1163,1161,1785,1786,1184
455,1213,1212,897,1989,1990
1329,1327,1345,1344,1328
223,516,515,54,13,4
559,574,577,551,557
277,290,288,16,270,276
1741,1739,1737,1135,1136,1743
1848,1846,926,923,491
2654,2655,1224,1225,1227,1226
1609,1610,1608,1613,1612
1576,1577,509,223,4,5,3
265,673,674,1044,1041
836,423,129,415,416,407,835
1747,1746,1823,1825,1777,1776
2271,2273,2275,2276,2274,2272
1958,1962,1963,1961,1960,1959
1387,1386,1392,1394,1535,1536
2465,2466,2097,2096
2425,2615,2618,541,542,1526
429,480,479,431,432,433,430
2787,2788,2745,2689,2545,2543,2544
85,86,353,53,12
2257,2256,2255,2258,2260,2259
834,406,405,401,400,1364,1365
308,1128,1126,653,651
925,920,489,190,189,924
629,1688,1689,1073,301,630
1971,1972,1740,1742,1239,1240
2247,768,1287,1885,1886,2244
728,727,1248,1249,725,726
530,989,988,526,524,525
1393,1390,892,450,32,33
1932,1933,1931,1930,1928,1929
1484,1482,1483,1485,1487,1486
1015,1014,2472,2471,2104,1655
1418,1419,881,439,443,444
2217,2216,1975,1974,2164,2165
381,124,135,824,825,388
1031,1033,1034,1032,1030,1029
920,1500,1289,490,489
1067,1068,1063,658,1065
1605,1607,1600,1602,1603,1601
870,876,875,176,1424,1422
339,341,337,336,334,335
260,259,672,673,265,258
2547,2394,2393,1438,1906,2548
1467,1469,1484,1486,1462
1005,1004,1003,1002,1651,2103,2102
333,98,97,343,744,743
738,726,725,722,721,737
611,613,610,609,616,617
653,1126,1125,1711,1712,654
1693,1691,1692,2131,2132,2120
1863,1862,1266,11,41
2085,2095,2459,2461,2451,2084
609,610,297,296,295,294
2542,1204,680,1199,1203,2541
1503,1504,493,494,492,928
991,990,2091,2092,1624,1623
441,1416,1417,440,1401,1399
634,631,632,635,636,633
2677,2678,2517,2520,2524,2147
2760,2759,2099,2098,1013,2721
1230,1836,1837,1232,1812,1813
515,514,201,55,56,54
2290,2546,2548,1906,1907,1904,1905
830,1359,1952,1955,394
185,186,181,182,179
2329,1969,1965,2576,2709,2708
2772,2771,2661,2505,2659,2733
579,258,265,1041,1042,581
2792,2791,2790,2788,2787,2789
1241,1234,1233,714,765,1246
90,661,1149,1150,88,89
1949,1950,1951,1948,1953,1954
689,685,1811,1808,322,687
1569,1568,1570,1571,1572,1573
707,704,325,649,705
1143,1753,1754,1140,1155,1152
742,740,738,737,739,741
156,157,158,154,153,155
1965,2334,2336,2578,2576
2779,2144,2513,2514,2672,2780
2775,2773,2774,2771,2772,2776
999,1637,1639,1001,1000
1180,1795,1793,1190,1196,1195
383,382,374,803,802,135,124
2150,2155,2681,2679,1824
847,848,849,850,902,904
2517,2516,2665,2728,2727,2522,2520
549,572,570,545,1054,1053
1179,1784,1783,1794,1795,1180,1181
1319,1927,1924,822,823,1321
1904,1907,1962,1958,900
1548,931,934,1308,1309,1547
753,752,1272,1282,1278,751
700,701,699,1225,1224
2534,2684,2685,2536,2535,2533
1886,1885,1888,1887,2261,2266
1135,1134,2179,2180,1136
1449,911,466,465,2020,2021,2011
2666,2732,2734,2236,1717
1963,1440,1369,2314,2313,1961
899,2005,2006,2004,1373,1375
521,1631,1628,1626,983
1981,1980,896,2384,2382,1978
2554,2703,2702,1360,397,396,393
2164,1974,1973,2364,2363,2163
489,490,353,86,190
877,1412,1411,874,875,876
267,273,275,878,1413,1415
979,980,983,1626,1625,981,982
2370,2371,1738,1739,1741,1740,1972
99,747,746,339,335,100
2311,2312,1944,1943,1942,1941
1220,1219,1221,1222,1223
2149,2148,2154,2155,2150,2151
1064,600,599,2193,2192
241,582,583,564,569,568
2242,1240,1239,1238,1842,2240
532,1007,1661,1660,1658,1657
159,424,427,848,847,48
1896,2323,2553,2555,831,832
1651,1002,792,119,1006,1652
2082,2452,2765,2766,2723,1584,2083
1881,1882,1875,1876,1877,1878
499,212,211,214,215,502
1235,1236,1137,314,712,713
46,42,41,11,91,158,157
2108,2477,2479,1640
69,70,498,500,71
2362,2363,2364,2358,2360,2359,2361
1700,1695,2126,2125,1086,1699
2161,2163,2363,2362,1426
1383,1384,2356,2357,2353,2352
2782,2786,2785,2784,2783,2781
1549,2053,2052,1546,935,936
12,53,487,486,51
2374,2373,2157,2156,1133,1977
1149,1157,1156,1148,1151,1150
2231,1828,1827,1826,1838,1839,2232
2684,2683,2686,2688,2687,2685
1125,1124,1132,2508,2669,2668,1711
2116,1690,1066,657,606,2117
1968,1380,2333,2334,1965,1969
717,2175,2176,1234,1241,1242
544,580,582,241,242,543
1293,773,774,775,1290
1446,2009,2010,1445,1915,1914
823,822,386,820,1313,1312
1497,1430,1429,898,1494,1495,1498
1400,1399,1401,1402,1398,1397
1008,1012,1015,1655,1654,1009
1243,1242,1241,1246,1245,1244
158,91,92,93,154
197,51,486,485,188,199
2500,2499,1087,75,76,247
730,729,1261,1262,734,732,731
1985,1721,1722,896,1980
932,33,32,810,811,933
2662,2507,2652,2653,2137,2660
1902,1903,2792,2789,2287
1635,1609,1612,2087,2089
1089,617,616,615,614,1088
1924,1922,1322,386,822
536,537,538,535,997
1447,1449,2011,2014,1448
2188,2189,2186,2184,2185,2187
1779,1774,1166,668,667,1162
600,308,651,652,599
1270,757,1283,1285,346,1269
998,999,1000,2106,2107
1205,1192,677,680,1204
1368,1367,778,363,362
154,93,30,104,105,153
2358,2367,2370,1972,1971,2360
2069,2073,2072,2066,2065,2068
985,984,986,987,988,989
2275,1908,1910,1911,1909,2276
694,688,689,687,691,692,695
1995,901,49,173,172,1435,1996
2131,2129,2130,2497,2498,2132
2761,1966,1005,2102,2099,2759
964,970,969,966,967,965
482,1474,1473,40,142,162
2785,2780,2672,2671,2784
369,367,366,368,785
476,469,470,1466,1464
1219,698,324,305,1221
1681,1055,1680,1684,1683,1682
2304,2306,1357,2303,2302,1940
2589,2591,2590,2586,2587,2588
2688,2190,1748,1749,2186,2189,2687
2404,2403,2402,2405,2406,2401
858,266,267,1415,1414,435,859
1155,1140,1142,1141,1139,1154
739,737,721,723,329,330
2174,1743,1136,2180,2181,2177
1715,2670,2737,2736,2152,2153
401,133,132,780,781,400
2314,1369,1374,1372,1944,2312
2090,2089,2087,2086,2088
2327,2326,2324,2325,2559,2556
100,335,334,109,108,18
1832,705,649,2528,2529,2160
1487,1485,1479,1478,1481,1480
1973,2366,2368,2367,2358,2364
493,219,1383,2352,2350,494
652,651,653,654,656,655
2278,2283,2281,2320,2322,1897
1344,1345,1346,1347,1349,1348
2382,2384,2383,2381,2379,2380
1423,1422,1424,1425,1421,1420
1331,1330,1934,1935
2375,2158,2526,2525,2157,2373
2434,249,248,251,252,2437
407,416,412,404,403,408
1306,1305,804,375,793,794,376
1775,1776,1777,1774,1779,1778
958,959,1110,1109,957
2125,2124,612,613,611,1086
2120,2132,2498,2501,2121,2122
2322,2320,2321,2698,2699,2553,2323
123,378,377,120,121,122
2152,2736,2782,2781,2518,2519
217,269,860,2354,2356,1384
769,710,708,310,352,770
1839,1838,1840,1841,1837,1836
1543,1538,1537,1532,1533,2056,2057
2724,2725,2625,1598,1599,1597
2629,2448,2450,2449,2626,2627
1598,1565,1567,1566,1581,1599
792,791,122,121,117,118,119
76,75,562,561,246,78
2236,2734,2735,2657,2234,2235
2201,2202,1804,1806,1805,1807
1580,1581,1566,946,511,512
322,1808,1809,1214,453,454
709,87,309,310,708
2099,2102,2103,2101,2100,2098
1237,2361,2359,2241,2239
1552,2055,2053,1549,1551,1550
243,554,553,239,81,82
281,282,598,597,1678,1676
1085,1080,1694,1695,1700,2130,2129
1909,1911,1901,1900,2282,2284
66,953,1574,1575,61,67
132,131,358,783,780
993,992,991,1623,1622,973
2575,2577,1377,1964,2717,2718
575,573,588,587,576,577,574
2587,2586,1400,1397,1395,2344
161,866,867,872,871,888,887
1066,1065,658,2683,2684,2534,657
238,496,1520,1521,231,74
2774,2663,2662,2660,2661,2771
1278,1282,1281,1280,1279,1277
2796,2795,2337,2582,2583,1650
2462,1596,2447,2769,2768,2460
71,500,501,216,232
674,675,1780,1784,1179,1044
1169,323,1769,1819,1818,1170
2421,2418,2417,2419,2611,2613,2420
1894,1895,2270,2476,2473
1735,313,1134,1135,1737
2392,2593,2595,2007,2006,2005
496,497,2047,2050,2049,1520
2103,1651,1652,1653,2101
592,594,278,274,280
1283,1880,1881,1878,1284,1285
1030,1032,1646,1643,538,537
1093,957,1109,1107,1095
138,140,139,44,151,152
343,751,1278,1277,745,744
500,498,499,502,503,504,501
2669,2508,2509,2778,2777,2738
2105,1657,1658,1656,2482,2478
2076,1703,1704,602,1070,2077
1539,1541,1540,1537,1538
1272,1273,1274,1275,1276,1281,1282
913,474,910,1447,1448,1454,1455
2494,2495,1074,1071,607,608
1212,1210,1982,1983,897
2337,2565,2564,2762,2763,2582
2735,2733,2659,2658,2656,2657
458,457,410,409,136,2308,2309
540,539,1523,1522,1035,1036
1589,1582,1583,1579,1578,955,1585
2450,2444,2624,2620,2443,2449
2107,2106,2105,2478,2477,2108
142,40,42,46,47,141
941,1554,1555,72,73
1761,1762,1760,1757,1758,1759
1374,1375,1373,1370,1371,1372
2355,859,435,434,2590,2591
479,1461,1463,164,165,431
1923,1929,1928,1323,1322,1922
2510,1113,638,637,1707,2146,2511
1553,939,937,940,942
2645,2115,1690,2116,2119
626,627,623,625,624
2321,1956,1957,2701,2698
2109,1663,1666,1665,1664,2111
2410,2409,2407,2408,2412,2411
88,1150,1151,671,670,264,263
2609,2610,1265,1263,1264,2039
2737,2738,2777,2786,2782,2736
935,1546,1545,221,806,807
2766,2767,2726,2725,2724,2723
32,450,2397,2399,810
108,109,1296,1297,114,113
2793,2581,2579,2565,2337,2795
81,239,240,283,285,80
231,1521,1524,1523,539
1631,2465,2096,1630,1629,1628
2041,1497,1498,2022,2043
1873,1872,1268,758,790
2265,2266,2261,2262,2263,2264
1115,1114,2376,2377,2365,1976
470,473,472,471,1470,1466
2571,2569,2707,2710,2756,2755
1527,1528,2426,2425,1526,1530,1529
2518,2781,2783,2664,2665,2516
1769,1770,1773,1772,1771,1820,1819
1805,1806,911,1449,1447,910
1823,1824,2679,2680,2226,2225,1825
203,209,210,218,220,202
2611,2419,730,731,1265,2610
1499,1501,1502,1289,1500
1683,1684,1405,1406,1404,1403
1304,807,806,805,804,1305
2592,2594,2596,2597,2595,2593
1777,1825,2225,2227,1166,1774
1259,1255,1256,1253,1254
2248,2250,1291,354,1247
1513,1515,495,1505,1506,929
1192,1191,679,678,676,677
2427,2428,2617,2615,2425,2426
956,2079,2080,1582,1589,1588,952
2104,2471,2474,2468,2636,2637
1052,1050,868,869,1407,1410
1076,1078,1079,1762,1761,1082,1083
284,285,283,1055,1681
330,329,22,26,28
1758,1757,1146,1145,663,1158
1483,1492,2410,2411,1479,1485
1998,1997,1995,1996,1999,2000
2745,2748,2690,2691,2689
947,1601,1603,2070,2446,2445
186,484,488,483,181
860,857,858,859,2355,2354
716,328,1260,1261,729
1077,608,607,1760,1762,1079
435,1414,1416,441,434
1139,1141,659,1775,1778,1164
226,68,14,10,15
1622,1623,1624,1619,1620,1621,1618
1837,1841,1833,1834,1231,1232
1287,1288,1286,1888,1885
2033,2380,2379,1434,1433,2030
1251,1850,1848,491,196,718
2027,2413,2606,2605,1488,2023
2668,2669,2738,2737,2670
666,665,1159,1160,664
814,816,1926,1927,1319,1317
1944,1372,1371,2307,2305,1943
789,1874,1873,790,344
15,10,9,70,69
2299,1936,1939,1938,1937,2298
883,882,425,426,160,449
1556,2751,2750,1557,1555,1554
1421,1425,884,882,883,885
329,723,724,719,21,22
1470,471,481,1482,1484,1469
2223,2222,690,2172,2171,684,321
2506,2504,2503,2502,2651,2652,2507
1105,1103,1099,1706,1705,1097,1098
2226,2680,2677,2147,2230
2219,2215,2214,2216,2217,2218
2114,2643,2488,1689,1688
2302,2303,2299,2298,2300,2301
1781,1175,1178,1177,1176,1782
1951,1940,2302,2301,1354,1948
2087,1612,1613,1614,1615,1611,2086
207,1668,1667,591,268,208
250,78,246,245,77,253
501,504,237,236,216
93,92,96,95,31,30
1521,1520,2049,2430,2429,1525,1524
301,1073,1686,1685,632,631
2495,2492,2118,1075,1074
1454,1448,2014,2013,912,1459
2694,2292,2396,2394,2547,2695
2704,2705,2754,2757,2752,2749
1322,1323,821,387,818,820,386
1649,1644,1642,1010,1638
91,11,1266,1267,736,96,92
1678,597,1062,1061,593,1679
465,1431,2042,2599,2600,2020
427,428,854,851,849,848
443,439,864,866,161,442
1307,809,808,2746,2790,2791
954,952,1588,1587,1574,953
127,393,396,395,125
627,300,299,618,619,623
1055,1053,1054,1056,1057,1680
1295,1871,1874,789,1299
1432,2387,2388,2040,2042,1431
1260,1258,1257,1259,1262,1261
2649,2650,2648,2647,2646
721,722,1860,1861,1252,724,723
1994,2000,1999,2594,2592,2395
2620,2622,2440,2441,2442
1189,1188,1207,2539,2537,1197
264,670,1182,1183,672,259
1071,1074,1075,1072,1144,1147
248,247,76,78,250,251
864,865,1403,1404,867,866
2614,2424,1508,1510,1509,2619
374,797,1898,1899,803
234,235,238,74,233
1114,1835,2159,2158,2375,2376
1366,776,777,778,1367
1814,1813,1812,2215,2219,1815
292,601,1081,1080,1085,1084
1915,1445,1442,1913,1916
134,402,406,834,1358,1356
683,681,319,474,913,915
1409,1410,1407,1408,1411,1412
2115,1067,1065,1066,1690
2080,2083,1584,1583,1582
94,741,739,330,28,27
481,2024,2025,1493,1492,1483,1482
2550,2697,2696,2546,2290,2289
2274,2276,1909,2284,2285,2277
806,221,1902,2287,2286,379,805
2633,2634,2635,2630,2632,2631
1890,1889,1310,1908,2275,2273
2783,2784,2671,2673,2675,2664
2331,1382,1542,1544,2332
2573,2574,2572,2753,2754,2705
2644,2649,2646,2484,2490
1339,1342,1343,1340,1341,1338
452,885,883,449,448,451
2797,2794,2793,2795,2796
679,456,1209,1213,455,678
2747,1446,1914,2297,2690,2748
2206,2203,1800,681,683,682
1207,1206,1205,1204,2542,2539
778,777,365,786,363
2388,2385,1430,1497,2041,2040
1070,602,603,949,948,1069
1659,2642,2641,1026,1028,1027
1783,1782,1176,1186,1792,1794
56,55,1671,1668,207,205
1812,1232,1231,1215,2214,2215
1303,2279,2278,1897,1931,1933
2022,1498,1495,2035,2416,2415
1101,1092,1094,1099,1103
2438,2437,252,255,79,1562
166,167,163,140,138,137
1975,1976,2365,2366,1973,1974
945,1561,1560,507,506,508,944
2651,2502,1708,700,1224,2655
665,1821,1822,1763,1764,1159
1036,1035,1040,1039,1037
1731,1730,1129,2140,2143,2142
2198,1799,1798,1797,1796,2196
1194,1193,1195,1196,1803,1802
79,255,254,595,598,282
1563,1562,79,282,281,222
1034,2584,2585,1647,1646,1032
1694,1696,1697,2123,2126,1695
144,43,45,156,155,37,143
1042,1041,1044,1179,1181,1043
16,80,285,284,271,270
1288,772,769,770,771,1286
1109,1110,1111,1106,1108,1107
354,1291,1292,1501,1499,921
1555,1557,534,1033,1031,72
1946,1941,1942,1950,1949,1947
650,315,1713,2148,2149
2412,2408,2015,2016,2017,2018
49,430,433,420,173
129,146,147,128,413,415
2416,2035,2034,2418,2421
17,23,25,19,97,98
1099,1094,1096,1090,1702,1706
419,418,150,149,168,170
1852,2243,2244,1886,2266,2265,1853
404,412,411,133,401,405
242,241,568,571,547
2239,2241,2242,2240,2238,2237
680,677,676,2390,2391,1198,1199
1593,1591,1590,2081,2078,1592
1371,1370,458,2309,2307
225,979,982,994,996
872,873,877,876,870,871
2661,2660,2137,2138,2139,2505
2480,2481,1025,391,390
2178,2177,2181,2182,1137,1236
2458,963,962,1596,2462,2463
1901,900,1958,1959,1362,1900
1615,1614,1606,1607,1605,1604
1621,1620,974,1591,1593,977
2496,1698,1089,1088,1087,2499
118,117,372,798,800
211,60,6,63,213,214
2484,2646,2647,2491,2486
2267,2268,383,124,381,380
274,278,277,276,275,273
168,149,422,840,839,169
409,408,403,402,134,136
2010,2401,2406,1444,1442,1445
891,887,888,886,889,890
1957,1363,833,2316,2315,2700,2701
1600,960,2075,2071,1602
2635,2457,2458,2463,2464,2630
1630,2096,2097,1634,1633,1632
70,9,59,212,499,498
2230,2147,2524,2523,1822,1821,2229
1354,2301,2300,828,1353
1796,1797,320,456,679,1191
1867,1866,728,726,738,740
379,2286,2288,377,378
2100,2101,1653,1894,2473,2472,1014
1024,1028,1026,1016,1021,1023
244,555,558,554,243
2228,2229,1821,665,666,317
1118,1119,303,640,643
477,475,476,1464,1465,916,478
1665,1038,2330,2572,2574,1664
852,918,1460,1461,479,480
2056,1533,1531,931,1548,2054
2204,2210,2211,2203,2206,2205
2130,1700,1699,1698,2496,2497
2722,2721,1013,1012,1008,1641
1360,1361,829,398,397
2682,2519,2518,2516,2517,2678
195,196,491,923,922,194,193
36,99,100,18,359,357
638,1120,1118,643,644,637
2616,2422,2423,2424,2614
163,162,142,141,139,140
2295,1917,2291,2692,2693,2551
839,840,836,835,838,837
2340,856,855,1379,1380,1968,2338
889,886,1423,1420,894,893
1677,1679,593,594,592,1048
1385,861,862,1389,1392,1386
959,2114,1688,629,1111,1110
2719,2764,2760,2721,2722,2720
2006,2007,2001,2002,2003,2004
26,22,21,20,19,25
1092,1091,1093,1095,1096,1094
2307,2309,2308,2306,2304,2305
2456,2453,2631,2632,2454,2455
838,835,407,408,409,410
1411,1408,178,459,460,874
518,958,957,1093,1091
2515,2511,2146,2145,2742,2743
1535,1394,1393,33,932,1534
1991,1992,1998,2000,1994,1993
1613,1608,964,965,1606,1614
2524,2520,2522,2521,2523
2063,2442,2441,1559,1560,1561
902,850,429,430,49,901
171,170,168,169,1436,1437
1257,1244,1245,1255,1259
193,194,52,754,1275,1274
1525,2429,2427,2426,1528
182,181,483,183,184
1786,1785,1787,1790,1789,1788
1033,534,1650,2583,2584,1034
2334,2333,2331,2332,2335,2336
598,595,596,1059,1062,597
246,561,560,556,245
2256,1471,735,332,1865,2255
720,718,196,195,192,191
2535,2536,2188,2187,1745,1138,1750
2529,2528,2530,2532,2531
31,95,94,27,24,29
1357,1356,1358,1936,2299,2303
1284,1878,1877,101,342
1719,1720,2166,2162,1722,1721
1506,1505,1504,1503,1507
2220,1816,695,692,690,2222
2199,2538,2540,2202,2201,2200
2696,2695,2547,2548,2546
725,1249,1854,1858,1860,722
1350,1351,1352,826
988,987,956,952,954,526
2159,2160,2529,2531,2526,2158
1916,1913,1912,2294,2291,1917
2128,1158,663,660,662,2127
1829,2233,2232,1839,1836,1230
1908,1310,2289,2290,1905,1910
667,668,318,1174,1171
1818,1819,1820,1816,2220,2221,1817
2356,2354,2355,2591,2589,2357
564,565,1193,1194,566,569
632,1685,1687,1078,1076,635
319,1807,1805,910,474
585,261,260,258,579,578,586
846,464,477,478,463,844
969,968,1102,1104,966
1255,1245,1246,765,766,767,1256
2376,2375,2373,2374,2378,2377
764,763,761,762,759,760
702,1223,1222,703,704,707,706
580,578,579,581,583,582
930,929,1506,1507,2044,2431,2432
2021,2020,2600,2601,2414,2019
2447,2445,2446,2628,2770,2769
2672,2514,2515,2743,2744,2673,2671
2652,2651,2655,2654,2653
2092,2456,2455,1594,1619,1624
1097,1705,1703,2076,2074
2728,2729,2731,2730,2727
1443,907,905,906,1992,1991,1441
875,874,460,461,175,177,176
1039,1040,1529,1530,1666,1663
1939,1365,1364,1366,1367,1368,1938
917,916,1465,1468,1460,918
2258,2255,1865,1866,1867,1868
2050,2051,2433,2430,2049
1764,1763,1766,1768,1767,1765
1320,1321,823,1312,1315,1314
2001,1436,169,839,837,2002
2263,2262,2254,2249,1855,1856
1121,1727,646,303,1119
84,85,12,51,197,198
934,933,811,809,1307,1308
1297,1296,1294,1295,1299,1298
1380,1379,1381,1382,2331,2333
2234,2657,2656,2233,1829,1831,1830
1745,2187,2185,1746,1747,1744
1517,1512,1513,929,930,1519
1803,1196,1190,1189,1197,1801
922,924,189,83,52,194
346,1285,1284,342,345
1712,1711,2668,2670,1715,1714
1216,1817,2221,2224,1798,1799
1313,820,818,819,1921
236,237,497,496,238,235
283,240,548,549,1053,1055
1594,2455,2454,2095,2085,1595
2707,2708,2709,2706,2711,2710
1692,1084,1085,2129,2131
2194,2197,2198,2196,2195,1791
486,487,488,484,485
377,2288,2544,2543,812,120
295,296,262,261,585,584
2261,1887,1250,2253,2254,2262
5,4,13,58,57,2
2168,454,453,1116,1723,2167
2617,2616,2614,2619,2618,2615
2741,2740,2506,2507,2662,2663
576,587,586,578,580,544
1221,305,306,703,1222
1211,1726,1725,1986,1982,1210
2385,2386,1988,1429,1430
1328,1344,1348,1324,1326
2474,2475,2267,380,815,2467,2468
943,944,508,1046,1045,200
1336,1337,1334,1332,1333,1335
1862,2260,2258,1868,1267,1266
19,20,753,751,343,97
1398,1402,1385,1386,1387,1388
1634,2090,2088,2634,2633,1633
361,112,367,369,364
759,762,2245,2243,1852,347
2186,1749,650,2149,2151,2184
1330,1341,1340,1316,1311,1934
1059,596,286,287,291,1058
784,360,111,112,361,779
2124,2127,662,661,90,612
645,1729,1727,1121,1123
825,824,1932,1929,1923,1925
191,192,1273,1272,752
1060,1058,291,289,288,290
2454,2632,2630,2464,2459,2095
2752,2757,2758,2713,2581,2793,2794
320,321,684,1208,1209,456
2700,2315,2318,1361,1360,2702
1362,1959,1960,1363,1957,1956
1531,1534,932,933,934,931
1928,1930,1896,832,821,1323
2443,2620,2442,2063,2062
561,562,563,575,574,559,560
1729,1728,646,1727
299,302,634,633,620,618
714,1233,1235,713,711,326
510,513,516,223,509
1851,1849,1847,1846,1848,1850
1475,2037,2039,1264,1472,1476
2674,2739,2741,2663,2774,2773
1185,1788,1789,1175,1781,1780,675
974,1595,2085,2084,1590,1591
1424,176,177,174,884,1425
1744,1747,1776,1775,659
1658,1660,1659,1027,1656
1,8,980,979,225
803,1899,2280,2279,1303,802
2137,2653,2654,1226,1228,2138
172,173,420,419,170,171
2141,1112,1113,2510,2512
1914,1915,1916,1917,2295,2297
2742,2145,2136,2504,2506,2740
2300,2298,1937,827,828
2359,2360,1971,1240,2242,2241
542,541,2568,2570,2330,1038
511,946,943,200,201,514
1798,2224,2223,321,320,1797
444,443,442,445,447,446
1037,1039,1663,2109,2112
881,880,436,865,864,439
2064,951,950,1558,2621,2623
2121,2501,2500,247,248,249
2580,2714,2716,2557,2561,2563
2578,2336,2335,1376,1377,2577
1156,1154,1139,1164,1165,1148
416,415,413,414,411,412
1970,2339,2338,1968,1969,2329,2328
1875,187,185,179,180,1876
65,64,66,67,59
1315,1312,1313,1921,1920
842,844,463,853,854,428
96,736,742,741,94,95
2094,1632,1633,2633,2631,2453
2176,2178,1236,1235,1233,1234
2313,2314,2312,2311,2310
1035,1522,1527,1529,1040
2600,2599,2598,2607,2608,2601
801,799,796,797,374,382
1472,1264,1263,764,760,735,1471
1738,1736,1735,1737,1739
2608,2607,2604,2603,2602,2605,2606
1435,172,171,1437,2597,2596
2618,2619,1509,2567,2568,541
2072,2077,1070,1069,2067,2066
584,585,586,587,588
1327,390,391,392,1346,1345
1532,1536,1535,1534,1531,1533
914,915,913,1455,1456,1450
1318,1317,1319,1321,1320,1343,1342
955,1578,1580,512,513,510
358,357,359,360,784,783
1452,1450,1456,1457,1453,1451
433,432,417,418,419,420
771,770,352,351,348,349,350
1138,1745,1744,659,1141,1142
385,384,127,125,126
256,2209,2210,2204,438
2513,2512,2510,2511,2515,2514
644,643,640,696,641,642
1870,1271,1270,1269,1268,1872
1392,1389,1391,1390,1393,1394
898,1428,1979,2032,2031,1494
102,326,711,710,769,772
1166,2227,2228,317,318,668
48,847,904,903,906,905
1559,1564,1563,222,507,1560
1465,1464,1466,1470,1469,1467,1468
831,2555,2554,393,127,384
2252,356,355,773,1293,2251
1952,1954,1953,1355,1955
2250,2251,1293,1290,1292,1291
2042,2040,2041,2043,2598,2599
676,678,455,1990,2389,2390
713,712,709,708,710,711
1838,1826,702,706,1840
2166,2165,2164,2163,2161,2162
2579,2580,2563,2562,2564,2565
21,719,720,191,752,753,20
558,557,551,550,552,553,554
1545,1547,1309,1903,1902,221
1407,869,468,467,178,1408
2675,2673,2744,2739,2674,2676
583,581,1042,1043,565,564
1603,1602,2071,2073,2069,2070
2282,1900,1362,1956,2321,2320,2281
2563,2561,2560,1378,1967,2562
1910,1905,1904,900,1901,1911
1316,1314,1315,1920,1311
733,1254,1253,2246,2245,762,761
442,161,887,891,445
2112,2109,2111,2110,2113
818,387,385,126,819
732,734,733,761,763
135,802,1303,1933,1932,824
1979,1978,2382,2380,2033,2032
2650,2645,2119,2493,2648
1586,1585,955,510,509,1577
460,459,1452,1451,462,461
2071,2075,2074,2076,2077,2072,2073
2389,1990,1989,1987,1988,2386
2225,2226,2230,2229,2228,2227
553,552,546,548,240,239
962,947,2445,2447,1596
1505,495,202,220,219,493,1504
117,121,120,812,813,373,372
151,44,43,144,145,148
788,743,744,745,1271,1870,1869
139,141,47,45,43,44
1667,1669,1047,590,589,591
2638,2639,2469,533,1019,1018
2345,2588,2587,2344,2347,2346
316,664,1160,1770,1769,323
978,1618,1621,977,975,976
2487,2486,2491,2494,608,1077
1710,697,701,700,1708
1281,1276,1884,1879,1280
1756,1750,1138,1142,1140,1754
338,29,24,23,17,340
2681,2682,2678,2677,2680,2679
35,106,748,747,99,36
2023,1488,1489,1491,1493,2025
2621,1558,2059,2060,2440,2622
422,421,423,836,840
421,148,145,146,129,423
2777,2778,2779,2780,2785,2786
229,519,520,224,7
2335,2332,1544,1552,1550,1376
704,703,306,304,325
1767,1768,1717,2236,2235,1218,1217
145,144,143,147,146
1493,1491,1490,2409,2410,1492
1865,332,331,727,728,1866
2286,2287,2789,2787,2544,2288
781,780,783,784,779,782
996,994,992,993,995
463,478,916,917,853
868,2205,2206,682,468,869
2238,2240,1842,1843,1845,1844
1579,1597,1599,1581,1580,1578
2254,2253,2252,2251,2250,2248,2249
1225,699,324,698,1227
2440,2060,2061,1564,1559,2441
411,414,130,131,132,133
2647,2648,2493,2492,2495,2494,2491
1686,2483,2485,1687,1685
1413,878,879,880,881,1419
1705,1706,1702,1701,1704,1703
1332,1338,1341,1330,1331,1333
2398,451,448,2402,2403
2324,936,935,807,1304,2325
546,547,571,572,549,548
2391,2390,2389,2386,2385,2388,2387
2466,1635,2089,2090,1634,2097
2730,2731,2775,2776,2732,2666,2667
192,195,193,1274,1273
2509,2142,2143,2144,2779,2778
577,576,544,543,550,551
147,143,37,39,38,128
884,174,843,841,425,882
833,2310,2311,1941,1946,2317,2316
2477,2478,2482,2481,2480,2479
2139,2138,1228,1229,1827,1828
1347,1336,1335,1351,1350,1349
1684,1680,1057,1051,1405
1960,1961,2313,2310,833,1363
1049,438,2204,2205,868,1050
1137,2182,2183,312,314
1131,307,647,1130
230,1029,1030,537,536
1725,1724,1719,1721,1985,1986
1082,1761,1759,1697,1696
894,1420,1421,885,452,895
1734,1733,1730,1731,1732
1279,1280,1879,1880,1283,757
348,351,311,648,103
513,512,511,514,515,516
1248,1853,2265,2264,1854,1249
1309,1308,1307,2791,2792,1903
286,77,245,556,555,244,287
2029,2030,1433,327,328,716,715
1108,1106,628,302,299,300,298
2406,2405,909,908,907,1443,1444
1022,1023,1021,1020,1334,1337
1203,1199,1198,1201,1200,1202
2221,2220,2222,2223,2224
821,832,831,384,385,387
517,518,1091,1092,1101,1100
109,334,336,787,1294,1296
349,348,103,355,356
107,105,104,749,748,106
2642,2640,2637,2636,2639,2638,2641
1081,1083,1082,1696,1694,1080
1481,1478,482,162,163,167
175,461,462,464,846,845
1509,1510,1970,2328,2566,2567
1045,1046,1673,1674,1670,1672
2133,642,641,1709,2135
686,1217,1218,685,689,688
1888,1286,771,350,1250,1887
1401,440,446,447,861,1385,1402
1377,1376,1550,1551,2326,2327,1964
47,46,157,156,45
1572,1571,505,2435,2436,2058
1404,1406,863,873,872,867
1854,2264,2263,1856,1859,1858
1811,1830,1831,1810,1809,1808
1907,1906,1438,1439,1440,1963,1962
1477,1476,1472,1471,2256,2257
1670,1674,1677,1048,1047,1669
1395,1397,1398,1388,1540,1541
1898,2272,2274,2277,2280,1899
528,527,985,989,530,529
307,645,1123,1122,639,647
1489,1496,2036,2038,1490,1491
855,2346,2347,1396,1381,1379
616,609,294,257,615
336,337,333,743,788,787
2315,2316,2317,2319,2318
2350,2352,2353,2349,2348,2351
2017,2016,2259,2260,1862,1863,1864
2031,2032,2033,2030,2029,2028
1172,1173,316,323,1169,1167
658,1063,2191,2686,2683
1771,1772,686,688,694
849,851,852,480,429,850
948,949,1569,1573,950,951
523,528,529,228,522
403,404,405,406,402
2711,2706,2575,2718,2715,2712
2717,1964,2327,2556,2557,2716
2088,2086,1611,2457,2635,2634
613,612,90,89,297,610
997,535,1636,1637,999,998
426,425,841,842,428,427,424
994,982,981,990,991,992
160,426,424,159,908,909
2341,2343,2342,2340,2338,2339
1358,834,1365,1939,1936
1132,1732,1731,2142,2509,2508
2584,2583,2582,2763,2764,2719,2585
268,591,589,857,860,269
793,375,123,122,791
1096,1095,1107,1108,298,1090
2693,2692,2694,2695,2696,2697
1629,1630,1632,2094,2093,1627
448,449,160,909,2405,2402
1200,1201,1432,1431,465,466
468,682,683,915,914,467
2552,2551,2693,2697,2550,2549
1789,1790,1172,1167,1178,1175
1174,318,317,666,664,316,1173
1013,2098,2100,1014,1015,1012
1945,1947,1949,1954,1952,1359
2135,1709,1710,1708,2502,2503
1802,1803,1801,2213,2208
1752,1755,1756,1754,1753
1294,787,788,1869,1871,1295
2269,1301,801,382,383,2268
40,1473,1864,1863,41,42
798,372,373,371,795,796,799
1453,1457,1458,469,476,475
1795,1794,1792,2194,1791,1793
1571,1570,1693,2120,2122,505
817,388,825,1925,1926,816
1276,1275,754,755,756,1883,1884
2396,2395,2592,2593,2392,2393,2394
571,568,569,566,567,570,572
1804,1202,1200,466,911,1806
1479,2411,2412,2018,1474,482,1478
556,560,559,557,558,555
2461,2460,2768,2765,2452,2451
1178,1167,1169,1170,1168,1177
1834,1833,1832,2160,2159,1835
1568,604,293,1691,1693,1570
1161,1162,667,1171,1787,1785
1842,1238,717,1242,1243,1843
1687,2485,2487,1077,1079,1078
2538,2537,2539,2542,2541,2540
906,903,1997,1998,1992
2641,2638,1018,1016,1026
2754,2753,2755,2756,2758,2757
2431,2044,2422,2616,2617,2428
2393,2392,2005,899,1439,1438
1841,1840,706,707,705,1832,1833
1190,1793,1791,1188,1189
1707,637,644,642,2133,2134
1557,2750,2797,2796,1650,534
1102,1100,1101,1103,1105,1104
1228,1226,1227,698,1219,1220,1229
1326,1324,389,1325
1343,1320,1314,1316,1340
115,1298,1299,789,344,116
2143,2140,2141,2512,2513,2144
1165,1164,1778,1779,1162,1161,1163
1054,545,256,438,1049,1056
2173,2174,2177,2178,2176,2175
1989,897,1983,1984,1427,1987
1490,2038,2037,1475,2407,2409
1495,1494,2031,2028,2034,2035
724,1252,1251,718,720,719
1250,350,349,356,2252,2253
2180,2179,2183,2182,2181
2146,1707,2134,2136,2145
2052,2054,1548,1547,1545,1546
1025,1024,1023,1022,392,391
1871,1869,1870,1872,1873,1874
1967,1378,370,1004,1005,1966
224,520,976,975,984,985,527
341,340,17,98,333,337
663,1145,1143,1152,1153,660
2545,2689,2691,2296,1918,1893
2118,2117,606,605,1072,1075
2245,2246,2247,2244,2243
2685,2687,2189,2188,2536
2317,1946,1947,1945,2319
662,660,1153,1157,1149,661
1611,1615,1604,963,2458,2457
201,200,1045,1672,1671,55
2560,2558,1306,376,370,1378
2625,2626,2449,2443,2062,1565,1598
180,179,182,184,50
2191,2192,2193,2190,2688,2686
2379,2381,1237,2239,2237,1434
2008,2400,2404,2401,2010,2009
1514,204,203,202,495,1515
656,654,1712,1714,1713,315
1253,1256,767,768,2247,2246
2436,2435,2434,2437,2438,2439
2715,2718,2717,2716,2714
2526,2531,2532,2527,2525
927,921,1499,1500,920,925
2469,2470,814,1317,1318,533
1847,1247,354,921,927,926,1846
1912,1441,1991,1993,2293,2294
210,208,268,269,217,218
2713,2712,2715,2714,2580,2579,2581
1606,965,967,961,960,1600,1607
570,567,2207,2209,256,545
2430,2433,2432,2431,2428,2427,2429
2213,1801,1197,2537,2538,2199,2212
227,525,524,64,65,14,68
1087,1088,614,563,562,75
2691,2690,2297,2295,2551,2552,2296
52,83,84,198,755,754
813,1892,1891,371,373
1689,2488,2489,2483,1686,1073
2012,2019,2414,2413,2027,2026,919
1390,1391,893,894,895,892
1588,1589,1585,1586,1587
215,214,213,1516,1518
371,1891,1890,2273,2271,795
1218,2235,2234,1830,1811,685
2540,2541,1203,1202,1804,2202
1652,1006,1302,1895,1894,1653
2157,2525,2527,1718,2156
1439,899,1375,1374,1369,1440
331,347,1852,1853,1248,727
1146,1147,1144,1752,1753,1143,1145
1324,1348,1349,1350,826,389
2113,2110,938,939,1553
2522,2727,2730,2667,1716,2521
636,635,1076,1083,1081,601
967,966,1104,1105,1098,961
1733,1131,1130,1129,1730
1176,1177,1168,693,1187,1186
1540,1388,1387,1536,1532,1537
130,34,35,36,357,358,131
2055,2057,2056,2054,2052,2053
2709,2576,2578,2577,2575,2706
505,2122,2121,249,2434,2435
262,263,264,259,260,261
767,766,102,772,1288,1287,768
1820,1771,694,695,1816
1508,2341,2339,1970,1510
995,993,973,972,531
2044,1507,1503,928,2423,2422
1877,1876,180,50,101
2195,2196,1796,1191,1192,1205,1206
2093,2094,2453,2456,2092,2091
1827,1229,1220,1223,702,1826
2568,2567,2566,2569,2571,2570
1999,1996,1435,2596,2594
1062,1059,1058,1060,1061
1405,1051,1052,1410,1409,863,1406
937,2704,2749,2751,1556,940
1918,2296,2552,2549,1919
804,805,379,378,123,375
2446,2070,2069,2068,2448,2629,2628
755,198,197,199,756
504,503,2045,2047,497,237
1239,1742,2173,2175,717,1238
396,397,398,399,395
776,782,779,361,364,365,777
926,927,925,924,922,923
2051,2048,1519,930,2432,2433
37,155,153,105,107,39
436,437,1682,1683,1403,865
213,63,62,1511,1512,1517,1516
903,904,902,901,1995,1997
614,615,257,573,575,563
2744,2743,2742,2740,2741,2739
1787,1171,1174,1173,1172,1790
508,506,1675,1673,1046
2193,599,652,655,1748,2190
2014,2011,2021,2019,2012,2013
1879,1884,1883,1882,1881,1880
1860,1858,1859,1857,1861
2061,2439,2438,1562,1563,1564
1442,1444,1443,1441,1912,1913
1127,1734,1732,1132,1124
1855,2249,2248,1247,1847,1849
1831,1829,1230,1813,1814,1810
550,543,242,547,546,552
417,137,138,152,150,418
1231,1834,1835,1114,1115,1215
1584,2723,2724,1597,1579,1583
1389,862,890,889,893,1391
1565,2062,2063,1561,945,1567
2729,2676,2674,2773,2775,2731
503,502,215,1518,2046,2045
1617,1616,968,969,970
2209,2207,2208,2213,2212,2211,2210
1068,1064,2192,2191,1063
1111,629,630,628,1106
2448,2068,2065,2444,2450
2498,2497,2496,2499,2500,2501
450,892,895,452,451,2398,2397
524,526,954,953,66,64
2566,2328,2329,2708,2707,2569
1458,1459,912,473,470,469
1792,1186,1187,2197,2194
1268,1269,346,345,758
2123,2128,2127,2124,2125,2126
2280,2277,2285,2283,2278,2279
2472,2473,2476,2475,2474,2471
1530,1526,542,1038,1665,1666
1610,1617,970,964,1608
252,251,250,253,254,255
1937,1938,1368,362,827
431,165,166,137,417,432
1822,2523,2521,1716,1766,1763
1460,1468,1467,1462,1463,1461
1619,1594,1595,974,1620
912,2013,2012,919,472,473
1639,1638,1010,1011,1007,532,1001
276,270,271,272,879,878,275
960,961,1098,1097,2074,2075
2613,2611,2610,2609,2612
2749,2752,2794,2797,2750,2751
2154,2153,2152,2519,2682,2681,2155
815,380,381,388,817
2353,2357,2589,2588,2345,2349
522,228,227,68,226
61,1575,1576,3,6,60
2559,2325,1304,1305,1306,2558
2342,2351,2348,856,2340
2365,2377,2378,2369,2368,2366
1671,1672,1670,1669,1667,1668
2330,2570,2571,2755,2753,2572
1128,1127,1124,1125,1126
2414,2601,2608,2606,2413
400,781,782,776,1366,1364
1414,1415,1413,1419,1418,1417,1416
1168,1170,1818,1817,1216,693
1895,1302,1300,1301,2269,2270
2067,1069,948,951,2064
1702,1090,298,300,627,626,1701
220,218,217,1384,1383,219
1198,2391,2387,1432,1201
1267,1868,1867,740,742,736
73,72,1031,1029,230
861,447,445,891,890,862
2726,2627,2626,2625,2725
2136,2134,2133,2135,2503,2504
684,2171,2170,1726,1211,1208
879,272,437,436,880
112,111,113,114,110,366,367
359,18,108,113,111,360
1780,1781,1782,1783,1784
189,190,86,85,84,83
2417,715,716,729,730,2419
178,467,914,1450,1452,459
1660,1661,1662,2640,2642,1659
1861,1857,1851,1850,1251,1252
2347,2344,1395,1541,1539,1396
2643,2644,2490,2489,2488
1047,1048,592,280,279,590
1982,1986,1985,1980,1981,1984,1983
1265,731,732,763,764,1263
2665,2664,2675,2676,2729,2728
1845,1843,1243,1244,1257,1258
2046,1518,1516,1517,1519,2048
1748,655,656,315,650,1749
1759,1758,1158,2128,2123,1697
279,280,274,273,267,266
2211,2212,2199,2200,1800,2203
594,593,1061,1060,290,277,278
2467,815,817,816,814,2470
1542,1543,2057,2055,1552,1544
986,1592,2078,2079,956,987
1590,2084,2451,2452,2082,2081
1892,1893,1918,1919,1889,1890,1891
164,1480,1481,167,166,165
6,3,5,2,62,63
981,1625,1627,2093,2091,990
233,74,231,539,540
1427,1984,1981,1978,1979,1428
2598,2043,2022,2415,2604,2607
1662,1654,1655,2104,2637,2640
366,110,115,116,368
62,2,57,204,1514,1511
2078,2081,2082,2083,2080,2079
365,364,369,785,786
2564,2562,1967,1966,2761,2762
1346,392,1022,1337,1336,1347
2756,2710,2711,2712,2713,2758
942,940,1556,1554,941
57,58,206,209,203,204
1626,1628,1629,1627,1625
939,938,2573,2705,2704,937
2543,2545,1893,1892,813,812
854,853,917,918,852,851
628,630,301,631,634,302
641,696,697,1710,1709
2293,1993,1994,2395,2396,2292
492,494,2350,2351,2342,2343
2172,2169,2168,2167,2170,2171
1160,1159,1764,1765,1773,1770
975,977,1593,1592,986,984
1942,1943,2305,2304,1940,1951,1950
589,590,279,266,858,857
622,621,292,1084,1692,1691,293
888,871,870,1422,1423,886
1129,1130,647,639,1112,2141,2140
2604,2415,2416,2421,2420,2603
232,216,236,235,234
538,1643,1648,1636,535
2770,2628,2629,2627,2726,2767
1800,2200,2201,1807,319,681
765,714,326,102,766
1704,1701,626,624,603,602
863,1409,1412,877,873
1642,1641,1008,1009,1011,1010
2185,2184,2151,2150,1824,1823,1746
1474,2018,2017,1864,1473
24,27,28,26,25,23
1740,1741,1743,2174,2173,1742
8,521,983,980
691,687,322,454,2168,2169
1953,1948,1354,1353,1355
2065,2066,2067,2064,2623,2624,2444
1636,1648,1649,1638,1639,1637
692,691,2169,2172,690
2656,2658,2231,2232,2233
2034,2028,2029,715,2417,2418
1117,2218,2217,2165,2166,1720
2553,2699,2703,2554,2555
13,54,56,205,206,58
625,623,619,622,293,604
1566,1567,945,944,943,946
531,972,971,519,229
796,795,2271,2272,1898,797
1551,1549,936,2324,2326
2557,2556,2559,2558,2560,2561
808,2008,2009,1446,2747,2746
462,1451,1453,475,477,464
1574,1587,1586,1577,1576,1575
963,1604,1605,1601,947,962
1373,2004,2003,457,458,1370
291,287,244,243,82,289
2036,2612,2609,2039,2037,2038
2590,434,441,1399,1400,2586
735,760,759,347,331,332
2659,2505,2139,1828,2231,2658
1765,1767,1217,686,1772,1773
2790,2746,2747,2748,2745,2788
114,1297,1298,115,110
14,65,59,9,10
413,128,38,34,130,414
1016,1018,1019,1017,1020,1021
1000,1001,532,1657,2105,2106
1643,1646,1647,1645,1644,1649,1648
228,529,530,525,227
188,485,484,186,185,187
2003,2002,837,838,410,457
750,338,340,341,339,746
150,152,151,148,421,422,149
1988,1987,1427,1428,898,1429
2285,2284,2282,2281,2283
745,1277,1279,757,1270,1271
2489,2490,2484,2486,2487,2485,2483
2763,2762,2761,2759,2760,2764
1722,2162,2161,1426,2383,2384,896
2026,2027,2023,2025,2024
398,829,830,394,399
748,749,750,746,747
1361,2318,2319,1945,1359,830,829
59,67,61,60,211,212
672,1183,1185,675,674,673
1673,1675,1676,1678,1679,1677,1674
289,82,81,80,16,288
1456,1455,1454,1459,1458,1457
506,507,222,281,1676,1675
1019,533,1318,1342,1339,1017
310,309,311,351,352
1007,1011,1009,1654,1662,1661
950,1573,1572,2058,2059,1558
972,973,1622,1618,978,971
1112,639,1122,1120,638,1113
2399,2397,2398,2403,2404,2400
314,312,87,709,712
567,566,1194,1802,2208,2207
2493,2119,2116,2117,2118,2492
2768,2769,2770,2767,2766,2765
2348,2349,2345,2346,855,856
2595,2597,1437,1436,2001,2007
1006,119,118,800,1300,1302
1883,756,199,188,187,1875,1882
1300,800,798,799,801,1301
2372,1977,1133,1736,1738,2371
1809,1810,1814,1815,1214
603,624,625,604,1568,1569,949
2110,2111,1664,2574,2573,938
2059,2058,2436,2439,2061,2060
619,618,620,621,622
1645,2720,2722,1641,1642,1644
1133,2156,1718,313,1735,1736
794,793,791,792,1002,1003
2464,2463,2462,2460,2461,2459
1057,1056,1049,1050,1052,1051
177,175,845,843,174
2482,1656,1027,1028,1024,1025,2481
2699,2698,2701,2700,2702,2703
565,1043,1181,1180,1195,1193
649,325,304,2530,2528
620,633,636,601,292,621
2407,1475,1476,1477,2015,2408
7,224,527,528,523
2636,2468,2467,2470,2469,2639
2214,1215,1115,1976,1975,2216
1523,1524,1525,1528,1527,1522
519,971,978,976,520
1072,605,1751,1755,1752,1144
1889,1919,2549,2550,2289,1310
2476,2270,2269,2268,2267,2475
2368,2369,2372,2371,2370,2367
38,39,107,106,35,34
811,810,2399,2400,2008,808,809
