474,293,294,134,37,475
302,42,43,442,441,303
255,221,226,228,102,253
450,306,655,658,519,449
675,676,674,677,678,679
215,216,201,81,82,219,220
389,159,67,353,387
233,504,501,234,235,236
628,496,492,635,716,718
257,258,254,255,253,256
94,229,232,224,222,93
744,745,741,743,742
444,265,514,513,259
549,548,551,550,552,554,553
479,481,473,477,298
751,752,667,355,348,346
40,140,142,13,5,41
348,355,354,347,540,541
395,9,10,11,394
321,319,323,322,573,571,320
288,286,287,291,292,290,289
173,53,388,385
65,579,577,372,64
200,199,198,197,399,400
494,553,554,45,44,491
217,593,594,411,201,216
727,726,640,499,276
172,173,385,386,171
594,767,766,412,413,411
32,510,506,29,28
413,412,168,167,328,332
492,493,494,491,634,635
640,734,733,498,497,499
436,236,235,258,257,435
480,249,20,133,472,473,481
110,108,267,266,6,46
312,147,151,150,70,181,313
168,161,162,57,56,167
603,604,605,711,774,773
489,488,301,135,138
530,527,314,323,319
783,785,664,665
331,332,328,329,330
143,64,372,378,379,373
700,390,392,391,395,701
61,63,369,580,579,65,59
456,461,459,454,455,457
71,155,156,74,76,187,186
365,366,364,557,674,676
615,601,426,421,420,616
403,404,405,406,402,401
583,582,584,707,708
111,107,108,110,109
307,520,779,780,662,308,309
623,624,622,626,625
696,699,698,700,701,702,697
705,704,593,217,213,203
558,556,356,551,548
678,677,558,548,549,560
570,689,688,368,382,380
426,599,596,425,421
425,596,595,83,207,205,424
641,644,638,508,509
96,245,246,242,101,99
19,18,603,773,771,484
608,609,610,606,607
247,202,203,213,214,241,248
458,608,607,459,461,460
757,758,687,686,688,689
634,491,44,42,302,633
146,152,147,312,315
318,50,327,324,362,363
83,211,210,15,206,207
544,545,349,352,351,350
550,60,144,141,552
796,795,797,798,799,800
652,518,311,310,47,651
180,383,384,174,69,178
259,513,729,730,104
554,552,141,140,40,45
463,281,272,271,462
382,368,166,55,160,381
644,643,639,636,637,638
750,648,517,518,652,746
287,132,471,468,291
328,167,56,404,403,85,329
119,256,253,102,250,252
222,224,223,221,255,254
89,90,16,88
139,490,489,138,137
565,671,672,669,755,754
24,31,32,28,26,27
98,100,19,484,486,225
416,414,415,703,706,417
713,602,601,615,715
567,185,68,563,791,790,568
659,656,749,777,778
446,260,458,445
262,309,308,263,264
349,343,341,58,352
763,381,160,164,163,765
581,756,757,689,570,569
512,304,619,645,736,737
260,268,609,608,458
116,237,433,432,122,274,275
246,248,241,244,243,242
688,686,165,166,368
571,573,575,576,574,572
91,86,87,418,428,427,212
602,427,428,600,599,426,601
419,409,408,84,597,598
345,346,348,541,539,344
301,422,423,136,135
123,121,118,132,287,286
529,528,526,527,530,531
747,748,653,620,618,525
399,197,188,79,195,398
726,728,735,734,640
716,635,634,633,721,722,717
617,616,420,422,301,488
37,134,139,137,38
402,406,196,407,410
204,417,706,705,203,202
483,479,298,299,469
584,380,382,381,763,764,707
775,776,747,525,524,661
695,694,693,692,691,690
579,580,578,695,690,577
505,503,502,500,501,504
521,109,110,46,649,650
523,522,521,650,657,654
746,652,651,653,748
466,467,470,285,284
187,76,77,78,79,188
128,283,282,281,463
393,394,11,2,1
124,125,127,33
11,10,7,2
517,145,456,457,311,518
487,614,617,488,489,490
534,333,542,543,334,537
66,171,386,383,180,179
621,625,626,627,647,646
599,600,598,597,595,596
195,79,78,72,392,390
53,158,159,389,388
26,28,29,95,238,239
434,435,257,256,119,120
370,680,681,566,367,762,761
452,515,516,453
265,114,117,304,512,514
362,324,325,153,169,361
54,344,539,542,333
666,665,664,538,663
104,730,728,726,727
714,715,615,616,617,614
788,800,799,752,751,753
789,754,755,795,796,792
149,12,66,179,176
563,564,565,754,789,791
682,684,685,681,680,683
112,22,305,306,450,451
243,244,218,604,603,18
22,21,522,523,305
536,537,334,335,336,191,190
667,668,666,663,354,355
618,620,621,646,645,619
191,336,339,155,71,189
561,560,549,553,494,493
459,607,606,360,366,365,454
637,636,724,725,629,502,503
69,174,546,564,563,68
597,84,209,211,83,595
101,242,243,18,19,100
428,418,419,598,600
76,74,73,14,77
432,434,120,121,123,122
501,500,94,93,234
429,92,91,212,430
194,190,191,189,192,193
794,792,796,800,788,787
630,303,441,438,230,631
270,273,288,289,35,36
447,451,450,449,448
725,723,630,631,632,629
759,787,788,753,687,758
468,471,482,483,469,470,467
162,535,536,190,194,57
205,207,206,208,4
103,30,31,24,25
589,592,591,699,696,590
540,347,342,343,349,545
443,39,204,202,247,440
684,184,183,185,567,685
95,233,236,436,437,238
206,15,89,88,208
539,541,540,545,544,543,542
166,165,345,344,54,55
250,102,228,227,20,249
649,46,6,145,517,648
611,769,770,714,614,487,295
269,115,50,318,532
43,41,5,39,443,442
156,157,75,73,74
704,710,768,767,594,593
354,663,538,340,342,347
356,61,59,60,550,551
230,438,439,245,96,231
209,585,586,210,211
56,57,194,193,405,404
476,475,37,38,297
453,516,307,309,262
497,498,511,510,32,31,30
70,150,177,175,183,184
768,764,763,765,766,767
130,27,26,239,240,129
325,531,530,319,321,153
87,401,402,410,409,419,418
738,737,736,745,744,739,740
478,480,481,479,483,482
762,367,793,794,787,759
306,305,523,654,655
546,547,673,671,565,564
386,385,388,389,387,384,383
278,34,126,125,124
268,269,532,610,609
656,657,650,649,648,750,749
317,316,528,529,326
660,661,524,117,114,23
106,105,261,113
339,338,154,157,156,155
342,340,341,343
359,357,675,679,559,358
573,322,182,682,683,575
515,448,449,519,520,307,516
741,647,627,628,718,720,743
105,112,451,447,261
439,440,247,248,246,245
733,731,641,509,511,498
672,786,782,781,669
226,225,486,485,227,228
72,8,3,391,392
576,575,683,680,370,371
706,703,709,710,704,705
142,374,414,416,13
694,371,370,761,760,693
462,271,270,36,277
90,587,588,396,17,16
335,337,338,339,336
264,263,23,114,265,444
183,175,178,69,68,185
163,164,533,535,162,161
781,782,785,783,784
653,651,47,623,625,621,620
543,544,350,337,335,334
314,313,181,182,322,323
240,239,238,437,433,237
6,266,460,461,456,145
152,48,148,151,147
566,568,790,793,367
655,654,657,656,659,658
294,295,487,490,139,134
252,250,249,480,478,251
799,798,668,667,752
311,457,455,357,359,310
686,687,753,751,346,345,165
720,718,716,717,719
192,189,71,186,198,199
742,743,720,719,639,643,642
210,586,587,90,89,15
34,35,289,290,279,126
420,421,425,424,423,422
60,59,65,64,143,144
559,679,678,560,561,562
132,118,251,478,482,471
685,567,568,566,681
777,749,750,746,748,747,776
5,13,416,417,204,39
277,36,35,34,278
739,744,742,642,732
674,557,555,556,558,677
177,176,179,180,178,175
464,465,466,284,280
766,765,163,161,168,412
691,692,581,569,375,377
25,24,27,130,131
771,773,774,770,769,772
755,669,781,784,797,795
437,436,435,434,432,433
181,70,184,684,682,182
423,424,205,4,136
605,431,429,430,712,711
364,361,169,170,555,557
415,376,583,708,709,703
97,99,101,100,98
290,292,465,464,279
502,629,632,229,94,500
241,214,215,220,218,244
80,330,329,85,86,91,92
702,701,395,394,393,397
353,67,670,673,547
735,740,739,732,731,733,734
574,576,371,694,695,578
219,82,80,92,429,431
296,612,611,295,294,293
722,721,723,725,724
613,772,769,611,612
693,760,756,581,692
351,352,58,52,51
730,729,738,740,735,728
585,590,696,697,588,587,586
218,220,219,431,605,604
398,195,390,700,698
780,779,778,777,776,775
626,622,495,496,628,627
281,282,116,275,272
169,153,321,320,62,170
151,148,149,176,177,150
639,719,717,722,724,636
470,469,299,300,285
47,310,359,358,624,623
441,442,443,440,439,438
760,761,762,759,758,757,756
115,317,326,327,50
721,633,302,303,630,723
591,400,399,398,698,699
673,670,786,672,671
316,146,315,526,528
524,525,618,619,304,117
81,331,330,80,82
495,562,561,493,492,496
154,51,52,75,157
107,446,445,267,108
85,403,401,87,86
141,144,143,373,374,142,140
21,111,109,521,522
375,569,570,380,584,582
283,129,240,237,116,282
292,291,468,467,466,465
125,126,279,464,280,127
396,397,393,1,17
697,702,397,396,588
274,122,123,286,288,273
227,485,613,612,296,133,20
506,507,505,504,233,95,29
374,373,379,376,415,414
384,387,353,547,546,174
235,234,93,222,254,258
391,3,9,395
624,358,559,562,495,622
120,119,252,251,118,121
526,315,312,313,314,527
798,797,784,783,665,666,668
369,572,574,578,580
308,662,660,23,263
232,231,96,99,97,223,224
645,646,647,741,745,736
299,298,477,476,297,300
276,499,497,30,103
198,186,187,188,197
48,49,12,149,148
632,631,230,231,232,229
533,534,537,536,535
409,410,407,592,589,408
411,413,332,331,81,201
133,296,293,474,472
473,472,474,475,476,477
662,780,775,661,660
455,454,365,676,675,357
774,711,712,713,715,714,770
610,532,318,363,360,606
379,378,377,375,582,583,376
555,170,62,63,61,356,556
406,405,193,192,199,200,196
519,658,659,778,779,520
486,484,771,772,613,485
712,430,212,427,602,713
508,638,637,503,505,507
62,320,571,572,369,63
113,261,447,448,515,452
213,217,216,215,214
49,172,171,66,12
327,326,529,531,325,324
360,363,362,361,364,366
732,642,643,644,641,731
131,130,129,283,128
408,589,590,585,209,84
160,55,54,333,534,533,164
267,445,458,460,266
513,514,512,737,738,729
223,97,98,225,226,221
407,196,200,400,591,592
790,791,789,792,794,793
709,708,707,764,768,710
77,14,8,72,78
337,350,351,51,154,338
511,509,508,507,506,510
372,577,690,691,377,378
44,45,40,41,43,42
272,275,274,273,270,271
