1279,1277,339,348,346,340
712,711,708,707,1225,1223
574,564,205,206,1105,1106
441,440,439,962,960,438
601,1121,1120,913,914,594
1455,478,151,149,148,1458
1418,1417,1730,1420,1419
1105,206,212,213,587,1103
1415,1412,1413,1414,1727,1729
1034,1035,1039,1041,1032,1033
1829,1170,432,958,1831
356,355,319,742,741,314,115
979,978,969,967,977
217,216,589,590,214,215
66,262,1162,1629,1630
632,626,243,1431,1432
410,411,1356,1694,1881,1880,405
1031,1030,1029,1035,1034,1027,1028
386,385,382,1322,1324,381
72,105,116,831,830,74
910,911,1509,1416,1406
387,388,837,836,385,386
1357,2004,2005,1719,1903,1899
1955,135,779,778,45,1956
1400,1389,1390,1391,1388,1387,1399
825,824,356,115,114,357
1678,1679,1250,1251,1252
1287,1844,1845,816,815
693,694,267,268,402,403
1327,1326,1320,858,850
1606,1602,1600,625,623
1622,1621,1619,1626,1625,1620
572,573,574,1106,1102,571
488,493,1056,1054,514,489
436,438,960,959,437
1527,452,1520,1521,1001,1000,1526
1019,1542,1541,1020,1021,1023,1022
2016,2017,2013,2012,2014,2015
748,710,1850,1848,747
250,1153,648,253,249
1601,1117,1115,1116,1599,1600,1602
1013,389,390,1525,1523,1010
1120,1119,909,908,912,913
1573,1079,1076,1078,1077,1575
1501,982,981,1507,1508,1502
110,113,407,408,127,42
676,675,1197,1198,682,683
763,1663,1665,1194,1195,764
888,890,409,411,410
95,91,92,94,93
1479,1941,1938,1760,1757,1480
1346,1347,1349,1348,1345,1344
2028,2023,2022,1994,1995,2025
1592,1594,195,558,1097,1109
471,1024,1543,1542,1019,470
1599,1116,131,916,133,132
1146,1145,1825,1828,1143,1144
69,68,93,94,71,80,75
1068,1563,1562,1079,1573,1572,1074
1777,1533,1534,452,1527,1776
1743,1477,336,335,1258,1742
1685,1305,798,1272,1681,1686
731,733,322,762,1247,1246
297,720,719,292,1136,1135,296
836,835,840,841,382,385
1540,1538,1784,1781,1537,1539
327,103,102,318,317,326
1879,1882,1698,1355,1354
1837,1835,1173,1145,1146,1147
273,274,691,692,276,277
1581,1586,1588,1578,1579,1580
1983,1984,1985,1982,1987,1986
739,752,753,714,732,738
1646,1657,1654,664,412,897,896
695,701,706,368,697
1262,809,810,1841,1843,1289
1139,1137,1138,1141,1142,1140
1555,1559,1075,1073,1072,1071
1142,1141,1839,1838,1619,1621
962,439,29,30,35,963
659,660,1644,1645,1818,1815
664,663,901,898,412
585,215,214,224,226,586
1428,1429,920,142,139
1577,554,555,556,557
1898,1902,1893,1892,875,1709
1720,1722,1393,1402,1404,1392
440,141,426,427,29,439
1937,1752,1753,1754,1755,1759,1760,1938
591,592,418,421,51,52,53
570,567,566,565,568,569
760,323,1248,1673,1674,758
1407,1408,1409,1405,902
1647,1646,896,1703,1702
383,852,857,837,388,124
47,394,1340,1339,27,26
1098,1351,1350,581,582,1584,1585
977,967,968,973,972
1239,724,1613,1614,1127,1240
1911,1913,1435,1436,1437,1736
2046,2045,2042,2041,2044,2043
229,225,221,238,239,228
1730,1729,1727,1728,1420
1933,1932,1935,1936,1931,1934
444,445,443,144,4
894,1382,1381,891,895,1391,1390
1631,1630,1629,1634,1632,1642,1641
1256,1254,1470,1469,937,430
1169,1168,1166,1167,1165
1358,1359,1346,1344,1362,1363
152,484,486,6,539,540
900,668,848,2033,2032,899
514,1054,1055,516,517,515
1043,1031,1028,1042
1985,1863,1861,1860,1862,1982
1849,1847,1855,1854,1231,718
2032,2033,2034,2030,2029,2031
1511,984,444,4,1512
1075,1074,1572,1574,1569,1073
1230,1229,1228,1227,1226
1548,1547,1546,1545,1544,1549
193,1550,1551,525,550,194
700,699,695,697,696,698
546,41,543,542,185
1173,1638,1826,1825,1145
495,496,494,1057,1056,493
934,479,477,478,1455,1454
1700,1702,1703,1884,2007,2006,1701
1241,1240,1127,1128,627
709,1226,1227,1851,1850,710
1634,1633,1821,1823,1632
1590,1595,1598,1107,1108,1591
397,400,1365,1367,864,392
987,992,991,1950,1948,1516
1638,1636,1637,1830,1832,1826
84,2,15,281,280
1726,2015,2014,1725,1724,1723
725,293,295,1970,1971,1613,724
1569,1574,1576,1570,1571,1568
1625,1626,1623,1628,1627,1624
1975,1973,1808,1809,1810,1814
847,843,383,124,846
626,1129,1130,630,629,243
1229,713,711,712,1228
544,186,38,36,541
506,610,608,233,232,159
1044,1549,1544,500,8
421,422,604,605,49,51
1288,1289,1843,1844,1287,1286
642,260,256,11,263,645
1362,1344,1345,867,869,1364
492,490,1030,1031,1043
1482,1481,1485,1484,1483
85,286,1216,1217,269
1193,673,674,675,676,1192
490,489,514,515,1029,1030
384,379,123,380,854,855
212,560,562,216,217,213
1110,1109,1097,1098,1585,1582
99,100,320,740,734
916,917,918,133
1218,1659,1213,706,701
786,885,887,43,44,108
1697,2008,2010,2004,1357,1695
566,482,575,1797,1796,565
1508,1507,1506,1503,1504,1505
1943,1942,1945,1944,1947,1946
631,1131,1132,240,628
787,789,757,754,350
1517,993,994,995,1522
1706,1704,1711,1710,1707,1705
1897,1891,1398,1341,1360,1896
901,900,899,1395,1396,898
31,33,174,172,28,5
1842,1649,1650,1652,1651,1846
999,450,1514,1515,449,998
946,945,944,1962,1963,947
1474,136,785,786,108,109,1473
1143,1828,1827,935,1463,1461
1404,1402,1726,1723,1401,1403
778,777,1803,1802,207,45
1216,1215,1660,1659,1218,1217
208,209,393,394,47,46
1816,1815,1818,1817,1819,1820
1623,1147,1146,1144,1628
516,167,171,1037,1036,517
1295,1294,1292,1293,1290,1291
942,1479,1480,1485,1481,943
342,817,819,689,343
1235,89,309,312,727,1236
1947,1944,1003,986,447,446
1465,936,1462,1928,1929,1921
897,412,898,1396,1721,2001,2000
1148,1150,637,636,638,639
830,831,1302,1298,1304,1303,829
1187,670,677,679,671,1190
806,805,804,803,807,808
810,1281,1280,690,1649,1842,1841
382,841,1306,1308,1323,1322
1446,1445,943,1481,1482,428,1439
130,26,27,1016,1017,603
1537,1781,1780,1533,1777,1779,1008
2012,2013,1905,1717,1716,1715
690,665,666,1178,1650,1649
857,856,838,835,836,837
627,1128,1129,626,632
1915,1914,1912,1913,1911,1916
49,605,606,600,602,593,220
505,508,507,612,610,506,504
354,326,317,319,355
553,552,526,527,187,190
325,324,327,326,354,353,328
1852,1223,1225,1224,1667,1853
163,169,168,521,522,162
941,1476,1475,940,1753,1752
1971,1970,1972,1973,1975,1974
1558,1069,1068,1074,1075,1559
1017,1016,1015,1612,1611,1018
1763,1494,1493,1492,1491,1762
677,1206,1204,680,678,679
537,1093,548,547,1
1931,1936,1748,1739,1738,1747
408,1878,1879,1354,126,127
1819,1817,1643,654,657,1164
437,959,961,434,435
1189,1188,1187,1190,1191
401,399,879,1366,1365,400
77,75,80,79,78,76
13,12,25,1868,1867,658
1274,1273,1295,1291,1275,1276
1238,728,725,724,1239
65,66,1630,1631,67,10
948,949,338,1749,1935,1932
1135,1136,1139,1140,1133,1134
2,16,14,15
1850,1851,1852,1853,1847,1849,1848
713,84,280,708,711
1381,1384,892,893,891
432,431,1933,1934,1745,958
781,780,430,937,939,775,334
726,1236,727,728,1238,729
396,872,871,453,1783,1784,1538
661,70,68,69,265
476,475,134,483,1026,1025,150
909,907,906,1412,1415,908
534,533,179,1090,1091,1086,519
1063,1064,1065,1554,1557,1553
2044,2041,2028,2025,2026,2027
996,998,449,911,910,451
1197,1196,1373,1372,1199,1200,1198
1551,1556,1555,1071,525
532,197,196,179,533
1317,1316,2038,2039,1315,1314
2017,2031,2029,1904,1905,2013
1827,1834,1833,954,953,935
263,11,261,1159,1161
1104,1103,587,585,586,583,584
937,1469,1472,938,939
309,308,310,311,312
378,377,379,384,845,844
1775,1776,1527,1526,1769,1770
1651,1652,1658,1657,1646,1647,1648
1306,1310,1309,1307,1308
1426,1448,1449,931,429,425,1425
1304,1298,1296,797,798,1305
799,808,807,1263,1264,784,337
1617,1618,635,1466,1467,242
329,333,770,102,103
1644,1865,1866,1984,1983,1645
459,465,468,461,463,458
1365,1366,1369,1368,1371,1370,1367
260,259,258,257,256
1231,1854,1857,1234,1233,1232
1770,1769,1771,1772,1773
442,980,983,1953,1952
812,811,1285,1281,810,809
1759,1755,780,781,1758
1059,1084,1085,1060,1061,1062
1995,1994,1691,1690,1692,1872
2003,1998,1997,1720,1392,1718,2002
1532,1528,1773,1772,1530,1529,1531
930,928,473,472,477,479
1790,1791,1049,510,1566,1567
860,971,975,1493,1494
737,738,732,733,731,730
145,446,447,1518,1519,146
1158,1157,1156,1154,1155
863,862,391,390,389
2030,1996,1874,1693,1904,2029
2020,2021,2046,2043,2018,2019
484,1033,1032,485,487,486
1023,1021,480,197,532,531
2038,2037,2035,2036,2040,2039
1498,1502,1508,1505,1497,988
522,521,523,524,1065,1064
620,621,1124,619,618,617
142,920,919,141,440,441,143
1271,795,792,1294,1295,1273
1967,1966,1964,1965,1968,1969
1572,1573,1575,1576,1574
1627,1628,1144,1143,1461,1462,936
922,423,424,925,1912,1914
1432,1431,1910,1909,1733
1085,1083,534,519,520,1060
877,878,401,400,397,398
804,688,687,811,812,803
1950,1952,1953,1951,1949,1948
317,318,316,743,742,319
73,74,830,829,25,12
232,233,624,622,234
433,495,493,488,491
1086,1091,1794,1788,1087
1869,1688,1685,1686,1687,1864
1831,958,1745,1746,1487,1486
251,250,249,637,1150
35,30,1459,1456,32,34
183,181,182,1092,536
848,1315,2039,2040,2034,2033
1833,1486,1488,952,954
1999,2000,2001,1997,1998
25,829,1303,1688,1869,1868
199,198,572,571,48,180
926,955,957,927,1443,1442
1162,1161,1159,1160,1633,1634,1629
1433,1734,1735,1422,1423,1430
1242,266,1664,1663,763,1245
1832,1830,1829,1831,1486,1833,1834
3,90,304,305,18
1163,1164,657,656,1171,1172
2036,2035,1877,1876,1875,1874,1996
244,248,247,246,245
1490,1489,941,1752,1937,1939
886,889,890,888,887,885
406,405,1880,1878,408,407
2014,2012,1715,1378,1725
1431,243,629,924,1908,1910
704,705,702,703,1219,1662,1661
270,269,1217,1218,701,695,699
1718,1392,1404,1403,1885,1886
241,242,1467,1468,424,423
173,175,178,1080,1082,39
1114,1113,1111,1112,1123,1122
588,584,583,230,615,616
1708,1709,875,399,401,878
1220,883,882,881,880,1222
1393,1394,2016,2015,1726,1402
2005,2002,1718,1886,1887,1719
1471,1473,109,111,773,774
1167,1166,658,1867,1865,1644,660
803,812,809,1262,1263,807
606,1018,1611,1610,1118,600
1130,1812,1811,1131,631,630
275,270,699,700,691,274
771,774,773,772,1964,1966
1906,1916,1911,1736,1735,1734
1126,616,615,614,613,1125
1583,1582,1585,1584,1587,1588,1586
1707,1710,1708,878,877,876
766,764,1195,1202,1205
333,1678,1252,769,770
1283,1186,1189,1191,1185,1282
416,46,47,26,130,414
1977,1976,1981,1980,1979,1978
1772,1771,469,1408,1407,1530
106,363,362,117,118
214,590,591,53,223,224
295,296,1135,1134,1972,1970
1662,1219,1220,1222,1221,1666
1449,1452,929,928,930,931
1885,1403,1401,1397,1890,1889
964,963,35,34,155,156
1529,1530,1407,902,129
945,1756,1758,781,334,137,944
1805,1806,1592,1109,1110,1596
494,156,155,513,1058,1057
1785,1959,1960,1954,1786,1787
1175,1174,1176,1177,1653,1655
1326,1325,1318,1319,1321,1320
765,766,1205,1206,677,670
1917,1918,1737,1447,1453,1451
1102,1106,1105,1103,1104,1101
1311,844,845,843,847,1313
174,176,177,175,173,172
1316,1200,1199,376,2037,2038
1861,1680,1274,1276,1278,1860
1876,842,378,844,1311,1875
887,888,410,405,406,43
798,797,796,795,1271,1272
2040,2036,1996,2030,2034
473,474,475,476,472
1154,1156,640,259,260,642,643
638,636,57,55,59,254
1206,1205,1202,1201,1203,1204
917,915,1418,1419,918
1711,1901,1898,1709,1708,1710
866,870,872,396,395
1810,1809,1616,1618,1617,1615
853,374,375,838,856
1151,251,1150,1148,1149
986,1003,1002,989,990,985
1811,1814,1810,1615,1132,1131
895,891,893,849,1330,1332
1355,1698,1699,1704,1706,1353
1857,1856,275,274,273,1234
1370,1371,866,395,147,865
1712,884,1377,1993,2042,2045
1619,1838,1837,1147,1623,1626
1036,1037,1038,1040,1041,1039
628,240,241,423,922,923
855,854,853,856,857,852
1873,1872,1692,377,378,842
1762,1491,982,1501,1500,1761
2010,2011,2003,2002,2005,2004
526,1072,1073,1569,1568,528,527
314,741,745,759,756
607,237,235,1603,1604,609
672,1671,1672,765,670,1187,1188
499,497,1548,1549,1044,498
283,282,278,279,284,285
1459,1460,1454,1455,1458,1457,1456
104,81,23,98,332
744,736,737,730,315,746
227,228,239,237,607,611
893,892,381,1324,1328,849
615,230,229,228,227,614
1107,1598,1597,1100,1099,561
1847,1853,1667,1859,1855
1330,849,1328,1327,850,1331
474,428,1482,1483,134,475
1769,1526,1000,997,469,1771
903,464,462,413,906,907
209,398,397,392,393
1795,1589,1590,1591,1800
1808,634,1622,1620,1616,1809
1029,515,517,1036,1039,1035
179,196,201,200,1088,1090
168,518,1066,1067,523,521
1441,1442,1443,1445,1446,1444
1225,707,283,285,287,1224
580,876,877,398,209,208,579
1843,1841,1842,1846,1845,1844
530,509,620,617,161,529
83,704,1661,1664,266
536,1092,1094,1093,537
525,1071,1072,526,552
1285,1284,1283,1282,1280,1281
1942,1764,1763,1762,1761,1945
213,217,215,585,587
1890,1397,1400,1399,1398,1891
1858,85,269,270,275,1856
306,299,301,300,298,307
613,614,227,611,612,507
838,375,839,840,835
1300,823,827,828,822,1297
703,277,276,883,1220,1219
1519,1518,1517,1522,1521,1520
735,734,740,739,738,737,736
1500,1501,1502,1498,1499
463,461,1004,1006,462,464
1731,1907,1906,1734,1433,1434
1051,1114,1122,621,1050
1560,1789,1790,1567,1565,1561
246,247,10,67,633,1138,1137
481,569,568,204,202,203
1021,1020,570,569,481,480
158,498,1044,8,37
336,337,784,1268,1267,335
202,204,563,573,572,198
644,643,642,645,647,646
303,307,298,87,88,86
1312,1313,847,846,1380,1379
1435,1919,1917,1451,1450,1436
1650,1178,1656,1658,1652
1,547,549,7
859,858,1320,1321,971,860,861
1478,800,799,337,336,1477
694,698,696,367,121,267
1095,540,539,538,1096
462,1006,1005,904,905,413
1204,1203,684,1210,1212,680
316,97,735,736,744,743
1880,1881,1883,1882,1879,1878
1267,1268,1265,1266,1270,1269
1643,1986,1987,1683,950,654
109,108,44,112,111
483,947,1963,1958,1026
148,149,471,470,177,176
882,403,402,1375,1376,881
477,472,476,150,151,478
938,1472,1471,774,771,776
137,334,775,779,135
1385,387,386,381,892,1384
1209,681,1317,1314,1207
1092,182,191,188,1094
1350,1705,1707,876,580,581
1745,1934,1931,1747,1744,1746
1093,1094,188,189,41,546,548
91,107,105,72,92
1987,1982,1862,1682,1684,1683
447,986,985,993,1517,1518
1091,1090,1088,1089,1793,1794
366,122,369,370,832
52,51,49,220,219,9
1000,1001,999,998,996,997
520,519,1086,1087,1066,518
929,1440,1439,428,474,473,928
1380,846,124,388,387,1385,1386
1004,1008,1779,1778,1005,1006
1411,1531,1529,129,128
1802,1803,1967,1969,1807,1801
1887,1886,1885,1889,1888
239,238,236,235,237
981,965,966,1506,1507
44,43,406,407,113,112
777,776,771,1966,1967,1803
1053,511,166,167,516,1055
674,125,404,1196,1197,675
1280,1282,1185,665,690
649,652,653,659,1815,1816,1635
879,1361,1358,1363,1369,1366
1463,935,953,955,926,1464
1457,1458,148,176,174,33
1157,1152,641,640,1156
721,723,722,719,720
1767,1765,445,444,984
1349,873,863,389,1013,1014,1348
598,599,597,1115,1117
205,559,560,212,206
1703,896,897,2000,1999,1884
512,5,28,165,166,511
140,139,142,143,138
1438,1444,1446,1439,1440
1825,1826,1832,1834,1827,1828
1949,1951,1766,1765,1767,1768
1576,1575,1077,497,499,1570
1429,1430,1423,1424,919,920
1423,1422,1421,1426,1425,1424
1960,1961,1955,1956,1957,1954
455,454,145,146,1535,1536
18,305,302,17
429,931,930,479,934,933
1066,1087,1788,1789,1560,1067
1321,1319,970,976,975,971
851,1307,1309,969,978
1491,1492,974,965,981,982
377,1692,1690,371,123,379
1836,1639,1977,1978,1173,1835
1045,1046,1047,1048,1546,1547
575,576,577,1589,1795,1797
391,859,861,1524,1525,390
1497,1505,1504,1495,1496
1699,1696,1900,1901,1711,1704
927,957,956,1940,1941,1479,942
155,34,32,31,5,512,513
178,1022,1023,531,1081,1080
1679,104,332,331,1250
864,1367,1370,865,1335,1336
1302,1301,1299,1300,1297,1296,1298
1664,1661,1662,1666,1665,1663
562,561,1099,1581,1580,589,216
1757,1760,1759,1758,1756
330,329,103,327,324
349,755,768,1180,1179,351
1732,1731,1434,1427,921
1027,1034,1033,484,152,153
538,539,6,40,184
1127,1614,1813,1812,1130,1129,1128
90,313,299,306,304
1513,1768,1767,984,1511,1510
29,427,932,1460,1459,30
1866,1864,1687,1863,1985,1984
2042,1993,2024,2023,2028,2041
347,344,805,806,802
1025,1026,1958,1959,1785,1543,1024
840,839,1310,1306,841
1660,1214,1213,1659
769,1252,1251,21,22
426,425,429,933,932,427
248,56,64,65,10,247
550,525,552,553,551
1259,1258,335,1267,1269,783
2026,2025,1995,1872,1873,1990
358,357,114,788,793,791
221,222,50,54,236,238
600,1118,1121,601,602
57,58,63,64,56,55
1185,1191,1190,671,662,666,665
568,565,1796,1798,563,204
790,756,759,760,758,757,789
1487,1746,1744,1476,941,1489
1922,1921,1929,1930,1924,1923
924,923,922,1914,1915,1908
1005,1778,1774,1007,904
272,271,1232,1233,702,705
1818,1645,1983,1986,1643,1817
187,527,528,186,544,545
919,1424,1425,425,426,141
1524,861,860,1494,1763,1764
58,252,644,646,63
761,82,83,266,1242,1243
1964,772,110,42,1593,1965
1195,1194,1193,1192,1201,1202
503,501,160,211,210
1593,42,127,126,195,1594
753,749,717,716,715,714
1668,1669,1670,1672,1671
1855,1859,1858,1856,1857,1854
218,578,579,208,46,416,417
1011,1009,457,454,455,456
991,1496,1495,442,1952,1950
322,321,101,82,761,762
1427,1434,1433,1430,1429,1428
523,1067,1560,1561,1070,524
1247,762,761,1243,1244,1249
28,172,173,39,164,165
121,367,834,369,122
1895,1896,1360,1359,1358,1361
884,832,370,833,1377
502,504,506,159,160,501
1244,1243,1242,1245,1670,1669
1343,874,873,1349,1347
1867,1868,1869,1864,1866,1865
1469,1470,1474,1473,1471,1472
1352,1353,1706,1705,1350,1351
320,751,752,739,740
1356,1701,2006,2009,1694
1979,1980,1163,1172,1637,1636
684,683,682,681,1209,1210
1888,1889,1890,1891,1897,1894
1544,1545,503,210,500
117,362,360,1299,1301
1616,1620,1625,1624,635,1618
1132,1615,1617,242,241,240
1674,1673,1677,1676,1675
1058,513,512,511,1053
1081,531,532,533,534,1083
1904,1693,1312,1379,1717,1905
826,353,354,355,356,824
745,746,315,323,760,759
1318,851,978,979,970,1319
1201,1192,676,683,684,1203
1784,1783,1782,1780,1781
469,997,996,451,1409,1408
1088,200,199,180,535,1089
70,95,93,68
201,203,202,198,199,200
1462,1461,1463,1464,1927,1928
1791,1792,1052,1051,1050,1049
315,730,731,1246,1248,323
1807,1969,1968,1806,1805,1804
796,359,358,791,792,795
1070,1561,1565,1563,1068,1069
793,788,790,789,787,794
715,716,271,272,101,321
727,312,311,294,293,725,728
1690,1691,1871,372,371
1118,1610,1607,1119,1120,1121
854,380,373,374,853
1717,1379,1380,1386,1383,1716
20,86,88,308,309,89
1261,1259,783,782,1255
563,1798,1799,564,574,573
38,157,158,37,36
1373,2019,2018,1988,1372
651,650,1169,1165,653,652
655,951,948,1932,1933,431
1509,1510,1511,1512,1416
583,586,226,225,229,230
589,1580,1579,592,591,590
1525,1524,1764,1942,1943,1523
1727,1414,1411,128,1728
1607,1609,903,907,909,1119
1398,1399,1387,1342,1341
1521,1522,995,450,999,1001
1122,1123,1126,1125,1124,621
435,434,496,495,433
995,994,987,1516,1514,450
310,288,721,720,297,294,311
404,1374,2020,2019,1373,1196
845,384,855,852,383,843
1199,1372,1988,1992,1991,376
1182,1183,672,1188,1189,1186
593,602,601,594,595,596
1935,1749,1750,1751,1748,1936
1123,1112,588,616,1126
294,297,296,295,293
1124,1125,613,507,508,619
880,881,1376,1374,404,125
313,1151,1149,301,299
1920,1923,1924,1918,1917,1919
952,1488,1490,1939,1940,956
1535,146,1519,1520,452,1534
595,594,914,915,917,916,131
1637,1172,1171,1170,1829,1830
1724,1725,1378,894,1390,1389
1376,1375,1714,2021,2020,1374
409,813,1700,1701,1356,411
415,417,416,414,420,419
875,1892,1895,1361,879,399
264,265,69,75,77,61
1514,1516,1948,1949,1768,1513,1515
1038,1062,1061,169,163,1040
663,667,669,668,900,901
1822,1635,1816,1820,1824
1437,1436,1450,1448,1426,1421
364,24,96,120,361
2006,2007,2011,2010,2008,2009
1882,1883,1697,1695,1696,1699,1698
331,332,98,750,751,320,100
1453,1447,1438,1440,929,1452
1721,1396,1395,1394,1393,1722
1782,1536,1535,1534,1533,1780
1010,1523,1943,1946,457,1009
1579,1578,415,419,418,592
604,603,1017,1018,606,605
1173,1978,1979,1636,1638
1750,345,801,800,1478,1751
1765,1766,448,443,445
291,254,59,60,722,723
11,256,257,62,650,651,261
557,556,192,181,183
749,747,1848,1849,718,717
1371,1368,1364,869,870,866
1345,1348,1014,1012,868,867
1168,78,79,13,658,1166
1409,451,910,1406,1405
1248,1246,1247,1249,1677,1673
276,692,693,403,882,883
814,1648,1647,1702,1700,813
352,1181,1182,1186,1283,1284
1042,1028,1027,153,154
1383,1386,1385,1384,1381,1382
1082,1080,1081,1083,1085,1084
647,645,263,1161,1162,262
635,1624,1627,936,1465,1466
597,596,595,131,1116,1115
219,220,593,596,597,599
1903,1719,1887,1888,1894,1893,1902
1395,899,2032,2031,2017,2016,1394
510,1049,1050,621,620,509
1002,1499,1498,988,989
1633,1160,649,1635,1822,1821
177,470,1019,1022,178,175
1788,1794,1793,1792,1791,1790,1789
1061,1060,520,518,168,169
24,330,324,325,96
757,758,1674,1675,768,755,754
1927,1464,926,1442,1441,1925
889,815,816,814,813,409,890
612,611,607,609,608,610
906,413,905,1410,1413,1412
1786,1954,1957,482,566,567
1100,1583,1586,1581,1099
1076,529,161,1046,1045,1078
1744,1747,1738,1741,1475,1476
350,754,755,349,820,821
932,933,934,1454,1460
528,1568,1571,157,38,186
1133,1140,1142,1621,1622,634
543,545,544,541,542
1656,1655,1653,1654,1657,1658
344,343,689,688,804,805
1014,1013,1010,1009,1011,1012
775,939,938,776,777,778,779
1263,1262,1289,1288,1264
953,954,952,956,957,955
820,349,351,685,818
993,985,990,992,987,994
119,328,353,826,827,823
1377,833,1689,2024,1993
19,20,89,1235,1237
1604,1603,1601,1602,1606,1605
116,118,117,1301,1302,831
1676,1677,1249,1244,1669,1668,767
671,679,678,1174,1175,662
1953,983,448,1766,1951
1483,1484,946,947,483,134
1275,1291,1290,817,342,341
630,631,628,923,924,629
161,617,618,231,1047,1046
363,364,361,360,362
1687,1686,1681,1680,1861,1863
48,571,1102,1101,1111,1113
292,245,246,1137,1139,1136
1962,944,137,135,1955,1961
1665,1666,1221,673,1193,1194
1611,1612,1608,1609,1607,1610
1566,510,509,530,1564
1600,1599,132,625
2024,1689,1870,2022,2023
2001,1721,1722,1720,1997
154,153,152,540,1095
784,1264,1288,1286,1265,1268
914,913,912,1417,1418,915
1753,940,1253,1257,1754
253,648,1155,1154,643,644,252
792,791,793,794,1292,1294
678,680,1212,1211,1176,1174
301,1149,1148,639,255,300
226,224,223,222,221,225
50,9,219,599,598,54
1227,1228,712,1223,1852,1851
1292,794,787,350,821,1293
742,743,744,746,745,741
959,960,962,963,964,961
783,1269,1270,785,136,782
255,639,638,254,291,290
1340,1336,1335,1338,1337,1339
1369,1363,1362,1364,1368
722,60,244,245,292,719
1893,1894,1897,1896,1895,1892
1335,865,147,466,467,1338
1096,538,184,554,1577
2018,2043,2044,2027,1992,1988
418,419,420,422,421
637,249,253,252,58,57,636
827,826,824,825,828
147,395,396,1538,1540,466
1963,1962,1961,1960,1959,1958
235,236,54,598,1117,1601,1603
101,272,705,704,83,82
990,989,988,1497,1496,991,992
80,71,73,12,13,79
207,1802,1801,577,576
22,21,99,734,735,97
696,697,368,834,367
691,700,698,694,693,692
1171,656,655,431,432,1170
126,1354,1355,1353,1352,558,195
1360,1341,1342,1343,1347,1346,1359
449,1515,1513,1510,1509,911
1324,1322,1323,1325,1326,1327,1328
577,1801,1807,1804,1595,1590,1589
1737,1926,1925,1441,1444,1438,1447
1929,1928,1927,1925,1926,1930
921,1427,1428,139,140
1504,1503,980,442,1495
1992,2027,2026,1990,1989,1991
1779,1777,1776,1775,1774,1778
453,456,455,1536,1782,1783
420,414,130,603,604,422
468,1539,1537,1008,1004,461
1733,1909,1907,1731,1732
305,304,306,307,303,302
819,818,685,686,687,688,689
63,646,647,262,66,65,64
491,488,489,490,492
905,904,1007,1528,1532,1410
1595,1804,1805,1596,1597,1598
2022,1870,1871,1691,1994
1813,1974,1975,1814,1811,1812
424,1468,1922,1923,1920,925
970,979,977,972,976
1874,1875,1311,1313,1312,1693
1565,1567,1566,1564,1562,1563
801,802,806,808,799,800
88,87,289,288,310,308
27,1339,1337,460,1015,1016
1845,1846,1651,1648,814,816
1184,767,1668,1671,672,1183
1391,895,1332,1334,1388
1401,1723,1724,1389,1400,1397
189,190,187,545,543,41
298,300,255,290,289,87
1588,1587,218,417,415,1578
1047,231,505,504,502,1048
1640,1641,1642,1639,1836,1840
181,192,194,550,551,191,182
1554,1065,524,1070,1069,1558
1323,1308,1307,851,1318,1325
1796,1797,1795,1800,1799,1798
773,111,112,113,110,772
653,1165,1167,660,659
1900,1899,1903,1902,1898,1901
1738,1739,1743,1742,1740,1741
1989,1990,1873,842,1876,1877
1543,1785,1787,1541,1542
1608,458,463,464,903,1609
1296,1297,822,359,796,797
547,548,546,185,549
467,466,1540,1539,468,465
1485,1480,1757,1756,945,946,1484
1552,1553,1557,1556,1551,1550
338,340,346,345,1750,1749
2007,1884,1999,1998,2003,2011
870,869,867,868,871,872
681,682,1198,1200,1316,1317
1684,1682,1279,340,338,949
346,348,347,802,801,345
1695,1357,1899,1900,1696
1653,1177,667,663,664,1654
1253,1260,1261,1255,1254,1256,1257
160,159,232,234,211
1111,1101,1104,584,588,1112
1862,1860,1278,1277,1279,1682
912,908,1415,1729,1730,1417
102,770,769,22,97,316,318
1152,661,265,264,641
1290,1293,821,820,818,819,817
1221,1222,880,125,674,673
1924,1930,1926,1737,1918
618,619,508,505,231
191,551,553,190,189,188
98,23,709,710,748,750
669,1208,1207,1314,1315,848,668
608,609,1604,1605,624,233
1981,1824,1820,1819,1164,1163,1980
708,280,281,282,283,707
120,96,325,328,119
729,1238,1239,1240,1241
1334,1332,1330,1331,1329,1333
114,115,314,756,790,788
1329,1331,850,858,859,391,862
1176,1211,1208,669,667,1177
1912,925,1920,1919,1435,1913
624,1605,1606,623,622
284,279,1214,1660,1215
339,341,342,343,344,347,348
1475,1741,1740,1260,1253,940
1584,582,578,218,1587
974,973,968,966,965
107,106,118,116,105
457,1946,1947,446,145,454
1467,1466,1465,1921,1922,1468
1735,1736,1437,1421,1422
258,61,77,76,62,257
1909,1910,1908,1915,1916,1906,1907
822,828,825,357,358,359
365,366,832,884,1712,1713
1546,1048,502,501,503,1545
6,486,487,1063,1553,1552,40
1557,1554,1558,1559,1555,1556
59,55,56,248,244,60
1278,1276,1275,341,339,1277
1968,1965,1593,1594,1592,1806
1153,1158,1155,648
1179,1180,1184,1183,1182,1181
164,39,1082,1084,1059,170
1642,1632,1823,1976,1977,1639
582,581,580,579,578
62,76,78,1168,1169,650
1270,1266,886,885,786,785
261,651,652,649,1160,1159
138,143,441,438,436
950,1683,1684,949,948,951
1681,1272,1271,1273,1274,1680
1450,1451,1453,1452,1449,1448
1881,1694,2009,2008,1697,1883
267,121,122,366,365,268
1041,1040,163,162,485,1032
1486,1487,1489,1490,1488
360,361,120,119,823,1300,1299
1740,1742,1258,1259,1261,1260
1714,1713,1712,2045,2046,2021
666,662,1175,1655,1656,1178
1251,1250,331,100,99,21
393,392,864,1336,1340,394
17,302,303,86,20,19
687,686,352,1284,1285,811
1940,1939,1937,1938,1941
171,170,1059,1062,1038,1037
1613,1971,1974,1813,1614
1944,1945,1761,1500,1499,1002,1003
1793,1089,535,1052,1792
1748,1751,1478,1477,1743,1739
657,654,950,951,655,656
197,480,481,203,201,196
1443,927,942,943,1445
1413,1410,1532,1531,1411,1414
1056,1057,1058,1053,1055,1054
751,750,748,747,749,753,752
535,180,48,1113,1114,1051,1052
874,1333,1329,862,863,873
1303,1304,1305,1685,1688
67,1631,1641,1640,633
1077,1078,1045,1547,1548,497
1823,1821,1822,1824,1981,1976
281,15,14,278,282
151,150,1025,1024,471,149
81,1230,1226,709,23
1715,1716,1383,1382,894,1378
1265,1286,1287,815,889,886,1266
1337,1338,467,465,459,460
1957,1956,45,207,576,575,482
640,641,264,61,258,259
1387,1388,1334,1333,874,1343,1342
289,290,291,723,721,288
1571,1570,499,498,158,157
94,92,72,74,73,71
1799,1800,1591,1108,559,205,564
868,1012,1011,456,453,871
1597,1596,1110,1582,1583,1100
1212,1210,1209,1207,1208,1211
556,555,193,194,192
123,371,372,373,380
1541,1787,1786,567,570,1020
732,714,715,321,322,733
184,40,1552,1550,193,555,554
2037,376,1991,1989,1877,2035
1774,1775,1770,1773,1528,1007
485,162,522,1064,1063,487
1233,1234,273,277,703,702
716,717,718,1231,1232,271
1237,1235,1236,726
768,1675,1676,767,1184,1180
685,351,1179,1181,352,686
1138,633,1640,1840,1839,1141
1254,1255,782,136,1474,1470
402,268,365,1713,1714,1375
223,53,52,9,50,222
1456,1457,33,31,32
1015,460,459,458,1608,1612
975,976,972,973,974,1492,1493
559,1108,1107,561,562,560
1562,1564,530,529,1076,1079
1667,1224,287,286,85,1858,1859
287,285,284,1215,1216,286
1755,1754,1257,1256,430,780
1670,1245,763,764,766,765,1672
166,165,164,170,171,167
1839,1840,1836,1835,1837,1838
1972,1134,1133,634,1808,1973
434,961,964,156,494,496
558,1352,1351,1098,1097
