39,16,46,48,26,27,41
33,32,13,12,11
34,33,11,14,38,37
54,80,77,72
55,57,58,56,73,75
31,8,7,30,29
60,4,22,63
80,79,78,76,77
13,68,69,42,15,12
18,51,68,13,32
46,47,49,50,48
27,26,65,78,79,28
20,6,8,31,19
9,18,32,33,34,35
47,17,3,2,24,49
66,36,55,75,53
14,11,12,15,16,39,40
52,20,19,45,67
50,49,24,23,61,59,25
70,74,54,72,71
23,21,4,60,61
51,52,67,69,68
82,37,38,36,66
69,67,45,44,43,42
30,7,1,2,3
2,1,21,23,24
15,42,43,17,47,46,16
26,48,50,25,64,65
58,41,27,28,56
53,75,73,74,70
43,44,29,30,3,17
10,9,35,81
57,40,39,41,58
78,65,64,5,76
45,19,31,29,44
81,35,34,37,82
59,61,60,63,62
38,14,40,57,55,36
73,56,28,79,80,54,74
64,25,59,62,5
