1.00000000006907,0.0399508578604704
1.0000000000832,0.386882228066955
1.00000000008284,0.419479860796233
0.83688387645672,0.502515310291938
0.827046948151944,0.533130825627603
0.825246671264074,0.509328933779778
0.689014973794219,0.596460198955583
0.977255726508527,0.039031660581707
0.971586660998541,0.0318827901678158
0.980144481613686,8.34922408987637e-14
0.915719573308447,0.482172040854777
0.85693867636566,0.070906454392319
0.871645459215475,0.0711615173910438
8.99627594641572e-14,0.362659369558611
0.093642511697188,-2.77926640035453e-12
-3.691682376461e-12,1.00000000007556
0.0441643995812794,1.00000000007556
-3.33350708148217e-12,0.904655669666905
0.0300294122210799,0.430116473771842
8.91474394304481e-14,0.4322870902152
8.99644941876332e-14,0.397375965407695
0.120872558888622,0.753346422889908
0.37053711702372,0.666461018909597
0.366612315364179,0.699007732663727
0.35932306850957,0.684804524813
0.056287323824524,0.632776662278075
0.0981066364922838,0.55231866583414
1.00000000006976,0.743366895062243
0.789009522508761,0.628107630391243
0.783943357459528,0.640403441560933
0.819796870759973,0.651882283976637
0.798829995611648,0.661798106482011
0.802348469990704,0.662516711370257
1.00000000006778,0.451366817446388
1.00000000006622,0.598081957362901
0.86185681869224,0.515960541171818
0.793943556271228,0.588045641847767
0.759189125048434,0.577156943439745
0.75638552854344,0.614985192577224
0.780431399964579,0.593487401139686
0.774073588100288,0.610928449759753
0.813331126800779,0.542496181925042
0.816376880225973,0.566673406562246
0.79834812250585,0.574993693439096
0.767983824253223,0.6461859697628
0.700365391071429,0.616460709845817
0.719239426943672,0.617422735137319
0.795138557480963,8.33621366380655e-14
0.75892721004714,8.33534630206856e-14
0.735271361178995,0.0712415228966193
0.728160754976943,0.0315763782468904
0.749124891302698,0.0435278337051948
1.00000000006144,-3.46031536757607e-12
0.9495813754522,0.0274612699485167
0.902354562365929,0.482660133947171
0.875111769713481,0.500767375187645
0.890378536183926,0.501027333812867
0.9712498751165,0.419542963619934
0.800976359877547,0.293099645630798
0.856429354341444,0.0315995070998423
0.816812663372223,0.0353167692953916
0.846406549355479,0.0547683585082195
0.825356828107396,0.0551399993817972
0.882303452761776,0.0538957075083508
0.889457134364073,0.0232448684301943
0.875515541296991,0.0359125333986609
0.0439887435390366,0.977164126287827
-3.33350534675869e-12,0.933964674548603
-3.69168064173753e-12,0.973008905408781
0.129256262941317,1.00000000008276
0.164576588484754,0.908595691902538
0.157124259207039,0.443597478607405
0.125879792561813,0.349887751387719
0.139129088040749,0.372588983391134
0.158594768469048,0.370480863177812
0.196649586100556,0.440016512321096
0.211874508391972,0.404789348742302
0.264278507338852,0.437574458147841
0.22797038300439,0.423323104190695
0.222968726611095,0.440453343822161
0.248446911119794,0.415284980213208
0.260329818516066,0.421651991415139
0.283011709022075,0.234233900423608
0.272497372584946,0.212912659054492
0.304834198143945,0.200799994322352
0.296983445382384,0.197683412427715
0.2853617598404,0.444561576983353
0.300751944051575,0.429233124659156
0.322064728972865,0.439367936873809
0.294038030539634,0.270193838656087
0.312501584137123,0.292449276214352
0.301378755520867,0.289072020514011
0.356747287342859,0.344236423687119
0.285828369307466,0.64020901086415
0.302464656209866,0.639373887337831
0.114069873516525,0.775389463669488
0.110586232549662,0.74130480182966
0.0907253829575052,0.743956682730789
0.257804988562172,0.832436655563415
0.215995553785572,0.823675575521997
0.233700186286559,0.821580616737614
0.247217280196499,0.833484597756089
0.148752546468011,0.731396196996523
0.173145149630966,0.762833273197964
0.141826585491095,0.751162507265015
0.152273515470121,0.764848348887394
0.226777278532625,0.71322195893994
0.200919914577442,0.738948381885261
0.180035815210549,0.740810856806843
0.170846696467056,0.730091450873942
0.207940388642234,0.715449549962297
0.330966214311337,0.717214031153049
0.353332980956784,0.721455753342681
0.258031026974694,0.473072057074654
0.250908712391794,0.453476209958789
0.228493212935101,0.449818326965756
0.0736743250627991,0.604283977631635
0.10253258859009,0.624731148719071
0.0748395016726125,0.628074016615673
0.0826545780602368,0.633041377473073
0.0842805750040764,0.576497646682987
0.0981175621437479,0.566269051085136
0.0856594538700458,0.596482601540262
0.101351973089438,0.603129342317072
0.0655436699064076,0.569338088242167
0.116732942048585,0.577129236035362
0.115780929731331,0.594839499004036
0.115625119250978,0.540153075918061
0.199511882348314,-2.80259149221251e-12
0.221102274555607,0.0368747427611642
0.370260043745172,1.00000000007741
0.204869419032629,0.925836065877594
0.220733166538146,0.928195375995909
0.228832770940131,0.960605610022778
0.232160110076725,0.943629430969673
0.96684752055534,0.722122622447654
0.777397762581845,0.676722613084794
0.766454272634189,0.671451064584264
0.754940382890426,0.675040268780914
0.782300623374158,0.693197743784663
0.837337031817853,0.634550629729845
0.822647358882137,0.642230134350666
0.803675012354428,0.623831646532978
0.81208440036991,0.605751989503784
0.839561228362546,0.79118650330695
0.965808054751858,0.870766535084995
1.00000000006689,0.82018530864499
0.977375047799622,0.819159352712711
0.965169106855562,0.836556404966243
0.975393800858038,0.855725619322759
0.980569327999774,0.892709994303628
0.819660825709433,0.805808221946712
0.81218336051022,0.803155783333331
0.827463101826328,0.859467715973522
0.827741934409401,0.825631508969484
0.81858397528216,0.83801869988033
0.949539332736511,0.873267881747149
0.909082776206964,0.0778286406591429
0.883091332631173,0.086347182165088
1.00000000006907,0.0770352133952581
1.00000000007251,0.560347101132193
0.975168984234072,0.707434255842952
1.00000000006976,0.707319565696011
0.87735194204827,0.558729792343072
0.881143900933231,0.539124165875551
0.862408054424646,0.525723729914936
0.844654641785703,0.540494524417744
0.665200374594411,1.00000000007802
0.697730717110515,0.693156039823293
0.72020389224379,0.676811096634106
0.70758897683969,0.677908418747424
0.826187685746444,0.571052350201684
0.847483161677693,0.557405017217896
0.859925065906055,0.564892986416371
0.752905833276288,0.578805722142762
0.742941362792096,0.596160125477141
0.727425727736495,0.598392175932103
0.749479918349171,0.629459646167142
0.753048816864093,0.638772590549346
0.724839066818153,0.626833186093384
0.718026839331457,0.645311308083847
0.731200935425449,0.660760716324571
0.736651090290294,0.660324713652181
0.84332328282717,0.0896734909867661
0.813645218146552,0.0745114221059908
0.751041311010007,0.0862665207879127
0.800345680083135,0.251511208379472
0.763499985133897,0.0273372100827391
0.749832316303301,0.0433826409399836
0.792086253473692,0.0309618983592287
0.794160402175045,0.0336936192174928
0.85923443937126,-2.79540106340459e-12
0.82399030540924,-2.86967324902854e-12
0.93954185432436,0.0545148733902707
0.942086630978212,0.0327431526159933
0.909362414364522,0.056299911611671
0.919710940704215,0.0237840670375029
0.909762209955126,0.0309268439114894
0.949064841605397,8.65904570268583e-14
0.841783481312235,0.481864161387114
0.863879278503329,0.479089525343865
0.929823590557149,0.4550436656649
0.963253731751092,0.433451442693179
0.951259824454377,0.469281631271921
0.972635145229063,0.453804842220557
0.967011081961073,0.463993931396655
1.00000000009303,0.326329224801423
1.00000000008524,0.35500564741454
1.00000000007525,0.259861122111467
0.938886614696156,0.400497313228522
0.970716184801054,0.387252028347941
0.962943762236639,0.40030166398855
0.872462723641633,0.365970034063588
0.92817598201408,0.315801099666668
0.900273779875854,0.313466645530031
0.894030281431145,0.332304488733454
0.794376074088571,0.314592490427183
0.708722194579886,0.527975040539564
0.730956303236039,0.55996977760549
0.700595898945256,0.51109642465299
-2.90978699468702e-12,0.104398255229795
-2.90979393358093e-12,0.136374016828234
0.0696881744305027,0.184968491926479
0.0598200202605501,0.315271826839935
0.0593603533432658,0.344084830328376
0.0283634142423263,0.36317699156424
0.0359269108826393,0.347686470486567
-2.62425497998819e-12,0.0689001313769127
0.0254809620129162,0.103147943777316
0.0608096497569904,0.0246011673590764
0.0635624096611943,-2.77925946146063e-12
0.0684402703711395,0.962797654359852
0.0416554943112284,0.93100176750166
0.0862515287693343,0.931999568644845
0.0683237058191592,0.946691581996992
0.0310095463742451,0.9660988293147
0.0321678788100208,0.938961603576533
8.82367096055603e-14,0.76689504160316
0.0320660345958611,0.714623046634523
0.0194214850515949,0.732148950940544
0.126444863209416,0.914522237136323
0.144471700855315,0.899864430952947
0.167425204905274,0.929262210025647
0.189477557086039,0.938325314608882
0.028760576123809,0.49303899015059
0.0610145874003819,0.448641831117016
0.0365894770088757,0.482020919192915
0.0381371715126907,0.446844453504841
0.0288039802806037,0.462709148919834
0.133378481828869,0.47716488014814
0.0660888336234153,0.415281096617943
0.0708383490134947,0.435179654920867
0.0834868619962699,0.403660414704744
0.11644747784025,0.389005071750972
0.129282477772818,0.388203746634177
0.141596246344072,0.40685062523943
0.102237218107595,0.410137286507453
0.15923283053487,0.407364792723313
0.168883085741265,0.422976049614299
0.188300671683804,0.424364482201621
0.200396447633929,0.405285161435245
0.187023990579703,0.387762062833411
0.170429072428175,0.388053004197831
0.358928179504517,0.0255638620350176
0.35610842394043,-3.03506178522817e-12
0.288253054099378,0.177531022516491
0.270043146603187,0.17602918361419
0.268209061425895,0.211407116825533
0.259300292250539,0.191316475447149
0.244648005003062,0.225607271880838
0.269880601235244,0.349822216998236
0.29255375368305,0.364643750404669
0.255785029807436,0.361037089581866
0.256902417444308,0.3813559390473
0.245592436986188,0.390384590540877
0.225946974709354,0.385844237096881
0.178997534574801,0.281820333661588
0.214261458304021,0.242997737766526
0.228539317007773,0.262297929226899
0.212343705209712,0.278316574727573
0.190698970291564,0.25165361900145
0.191011769563707,0.271243169399124
0.235130416506142,0.262897902811252
0.274094317402637,0.268525569812901
0.266445463895261,0.250065859227553
0.252100765344229,0.246638645674526
0.248459172134355,0.28297438931656
0.263106922735915,0.283444272363403
0.298523204509564,0.415331331134518
0.280905423801398,0.406022283632323
0.278257408537241,0.389258168009879
0.293097235909734,0.375210731038616
0.330956408799402,0.373037459901219
0.317430242573989,0.39892806049017
0.316478050357473,0.388212006035231
0.334890721649374,0.42974082031822
0.336916840248303,0.411768408660806
0.351915356608487,0.403991729819522
0.362184944988551,0.354390365562461
0.350208373739245,0.376741514927332
0.355805856422005,0.386221101016909
0.368533316509709,0.322882940427411
0.302604209234608,0.258233670247512
0.293404014463938,0.236354903624048
0.324356219439933,0.229873449853819
0.308969152405566,0.22444087402285
0.437351258851089,0.551304863314912
0.440773746511148,0.570595510348656
0.427011526699261,0.582426732179519
0.330032495017777,0.661559093796845
0.314826839284414,0.661135313182182
0.341392198209958,0.682408284318973
0.322571200272755,0.703444084941186
0.202329073608076,0.812199448689452
0.183579980874673,0.775112515597526
0.0839516560070109,0.763514656002416
0.0930307876982843,0.776627373514999
0.0985822128012709,0.84535999634058
0.122912189402678,0.785686278119678
0.14503614505923,0.783526586488133
0.127506169043569,0.818783625011985
0.117148037304959,0.809257301304152
0.05876882229903,0.693293251662957
0.322477655325335,0.821072629198038
0.208288344281601,0.854183132853686
0.190846842088975,0.853762189934134
0.176337771667133,0.872244499233903
0.196262228951059,0.896685489069526
0.184067788766298,0.893093082635425
0.274429390164508,0.660635968741342
0.291859543113198,0.733814015682617
0.265995327056296,0.700836920287858
0.24133607156414,0.794373834873178
0.333355445550915,0.757394226909822
0.322616387614754,0.780725901280132
0.30222449328003,0.743391394470889
0.318663495994204,0.742520692458151
0.359274296070486,0.733153205098854
0.344307166550595,0.756323451448554
0.247562795350649,0.486652711070904
0.258036463260559,0.508805223071361
0.460192384160109,0.576845450420862
0.0786630648966414,0.682054496490152
0.0745817809962749,0.662171420031118
0.0845432687264779,0.652730171756218
0.197270839484497,0.704761000363211
0.177256351928439,0.707312077206881
0.259130544596912,0.6614368982713
0.234504902832233,0.688766398576191
0.249195205282475,0.686625132941909
0.0517974114917482,0.583205378306961
0.0567929733746481,0.599046006435355
0.0425202143518018,0.614900791433617
0.0290851229050266,0.579991229933333
0.0318189615386539,0.578055566193046
0.0623801425797038,0.553311897573916
0.0803776001047996,0.539903297572986
0.080217334589531,0.529660332973015
0.0592526565119747,0.515009177428012
0.217060429855972,0.542869911251864
0.231976186448454,0.523036782111427
0.246534457031733,0.523256595110624
0.271921880364385,0.622297663513776
0.282370267442933,0.603622193960854
0.096511220111888,0.515244011881795
0.112227721379493,0.521255772932906
0.129346081401247,0.508024399316405
0.125054405027808,0.488819214743706
0.131498143683029,0.547455654986942
0.131486601264619,0.568351630806364
0.144875263628901,0.514953749222242
0.159530252185696,0.508608103901349
0.144098939478983,0.540204952441378
0.165436517222995,0.548651780930436
0.187831165690981,0.458271610552314
0.164882329668083,0.457012421558529
0.155150487930458,0.477479266564608
0.164644889774415,0.491572573767705
7.95700311195802e-14,0.732165387460972
0.0226840376660169,0.698765529831783
8.26734514181027e-14,0.698377567311156
8.26734514181027e-14,0.666940982175762
0.0325487905191875,0.614776382607616
0.0239257223934667,0.605288157442876
0.0217627523159637,0.635543005864801
8.33499935737336e-14,0.634734658063568
0.297599431988329,0.0614714494554722
0.197881295686892,0.028376018751744
0.327655944866139,-3.03506525467512e-12
0.412594121872909,1.00000000006849
0.412194511950349,0.983446968978403
0.330851032213714,1.00000000007136
0.455282770190513,1.00000000007378
0.93711881257137,0.714660404782404
0.948699880450768,0.725759686406565
0.943998113886462,0.744207641111555
0.913693115594126,0.722634589059192
0.981153395482945,0.74344004439164
1.00000000006902,0.781753362603171
0.802565029758663,0.69680825833742
0.811551801225607,0.686675627638686
0.894008199646099,0.751844673381152
0.926836354132976,0.773956981156888
0.92642922946168,0.751196359195809
0.912864508731976,0.742808819410959
0.90082931545487,0.779100004155467
0.91470258464348,0.782584196976452
0.885844940914303,0.749078813271659
0.865549957949908,0.76376839375195
0.861299346483308,0.726537844855809
0.877178003878723,0.729007271449513
0.835135390788209,0.773443093977882
0.846544619223404,0.742157869940562
0.851720553503632,0.758484935096381
0.981002408922092,0.93171009755399
0.813605299278956,0.87398002930828
0.813849721683593,0.883061583565935
0.792795398839945,0.896990244080634
0.857746267222119,0.953669288348169
0.837390769646443,0.942992277075081
0.942594754522405,0.896393362680094
0.962217632943048,0.912897825372129
0.96233220903069,0.914695101333429
0.915314810492326,0.869987874578608
0.938154946933486,0.863364795143654
0.859483422399948,0.965580465626012
0.875525856680027,0.975265683717754
0.909295958382025,1.00000000006881
0.874916987195247,1.00000000006881
0.918748538299542,0.0875207552647059
0.976658569126682,0.596841256789265
0.891656502877788,0.571282848257863
0.966743357521418,0.691610505484059
1.00000000007055,0.672325674686761
1.00000000007585,0.633126735659415
0.632053611477823,0.972826992584415
0.598917705562773,1.00000000008544
0.792573665761205,0.813654751989615
0.779009814343323,0.757752742527039
0.80435266578719,0.780836693645071
0.816865081317126,0.766913698385017
0.74279788966388,0.760818538176686
0.720450250118229,0.764819480376611
0.746965671214621,0.69479667835584
0.732607809531331,0.695733269661518
0.496459914035482,1.00000000008717
0.528723395763075,1.00000000008717
0.566146602097612,0.868204072397131
0.549300966237772,0.863076874582615
0.583792603161062,0.79948830208767
0.580317791261847,0.837408506213041
0.582717573831546,0.854772173869842
0.712805571782587,0.757594547929904
0.691855332068082,0.76102822002336
0.578761684439658,0.609348649202568
0.603066093298425,0.779704244722363
0.587278778868972,0.785889530885267
0.825607245445669,0.602559140419054
0.832583972020416,0.590359688414786
0.841304368455211,0.622307209993307
0.85867322604719,0.589823383356681
0.500914969289919,0.0795567296738488
0.426994154996296,0.0695987146539598
0.427047631764604,0.0896017936377631
0.769777642624857,0.081828753077123
0.775575128367596,0.0642264065341707
0.787720962604075,0.0586177404468872
0.841922987425137,0.241878162830442
0.881002373658434,0.101481457834805
0.902592995299154,0.233440596325521
0.81537284602366,0.263747082578869
0.836118647295072,0.258113075145054
0.811075889866644,0.288623381290025
0.730703766036202,-2.81914422362028e-12
0.696251425188003,-2.81914422362028e-12
0.661816701944093,-2.68956731885872e-12
0.826851123645734,0.0233992737055058
0.855611690515415,0.0302991157433037
0.88707782593211,-2.79540453285154e-12
0.920630783947914,8.65887223033823e-14
0.890013485838785,0.464685286385066
0.872116768510711,0.464958732037533
0.92961802506653,0.454406531792476
0.939440830629855,0.434161800406054
0.930440224992811,0.417439028646477
0.902157175355911,0.445442330725959
0.968694869832248,0.324379230718156
1.0000000000833,0.293721102638272
0.936688622892311,0.303116853125714
0.96331614605138,0.306454267164586
0.972168982164569,0.292810975021104
0.933858087452921,0.334741928070289
0.96101718492443,0.336765422511177
0.966891948400432,0.356702696160651
0.962226141099736,0.365430112215929
0.809526199315057,0.503828009644023
0.802592929986153,0.486188339071598
0.773188705205705,0.316812127354278
0.804991135187301,0.328335587001217
0.76702828656623,0.398534054954147
0.745221162068903,0.401265939891558
0.733047238715645,0.386084270328333
0.702753069408326,0.358668423758608
0.694339617295651,0.545471361650861
0.672276428319595,0.537254372827402
0.663423653139524,0.570358862425588
0.657978755595345,0.554410368326037
0.691287936087696,0.474497895882461
0.724865841121833,0.177958372489532
0.72041791149132,0.198920318005301
0.319633619408262,0.193813176396548
0.339750048902048,0.220167211685955
0.339896043308645,0.206530677515745
0.25635744002498,0.125456225675847
0.261262017821336,0.158883902242369
0.268277633932699,0.145092356415042
0.221047804589633,0.0585501617336098
0.224412600217369,0.0986303468392532
0.177472246689751,0.151252508210237
0.19883401965336,0.0689069017435644
0.199039681228475,0.0874061038761854
-2.79440706685286e-12,0.228970355127572
-2.90335810948505e-12,0.262756729972264
0.0574637568641298,0.203250279290521
0.0366223103108067,0.202967089299751
0.0290074098606841,0.229380718314295
0.164809408617352,0.280020920732878
0.153570505328053,0.260504833878318
0.129291219067624,0.22829049455308
0.0881562412585832,0.185883819640148
0.0987655433087261,0.208983122081949
0.117759320311338,0.208542352383816
0.16987193301022,0.167410447389571
0.184660417031394,0.183227839359003
0.148367563503064,0.227078639185486
0.179174269420912,0.241827266016768
0.161365500085654,0.244634674170074
0.158252306568822,0.206861086839934
0.186274357602724,0.217353948567728
0.175534181952053,0.206140830786689
0.147338889974081,0.299830148182825
0.142012812529371,0.299808673319976
0.132134428506606,0.338502757325717
0.12403081762783,0.319194967611847
0.0692124224900219,0.308732466398187
0.0717093884785643,0.292257417215774
0.0946352857628246,0.322203879859707
0.106363248999265,0.314602125012545
0.0246242184475986,0.329072658415889
0.030301436317722,0.295856594278943
0.0365299833630601,0.310068305030859
-2.67739302950432e-12,0.328909636193531
-2.90335810948505e-12,0.294601669271794
0.0661546560119027,0.349363823534407
0.100287706766157,0.37191495517901
0.0810957354620512,0.379855967816742
0.0676125845551491,0.373019164958782
0.0918677504026028,0.341488955239159
0.104727542355955,0.354867339645826
0.0355501516741512,0.377974308389375
0.0518230548611029,0.382321734958483
0.0209837863257536,0.397456114743319
0.0351980832581275,0.417711044805769
0.0558978898543,0.410638391573966
-2.78840839307293e-12,0.0360494062594692
0.0359622929319518,0.0850571961483251
0.0287587239306872,0.0697362820394671
0.0364949620241471,0.0551992728183448
0.0871619500780763,0.97652357835595
0.087437831570428,1.00000000007726
0.0852376708257946,0.915960440352763
0.103951448039976,0.901161767002003
0.103614299100242,0.886664302129462
-2.92938243107166e-12,0.867771917606863
0.118638485597278,0.873368297155162
0.12658058223159,0.841135817982473
0.115048543578074,0.849918022952748
0.150167184573379,0.848850478639054
0.154227247372489,0.867392006802124
0.141569954422182,0.880418895452354
0.208765355277388,0.970358988518228
0.191292065580081,0.960001692448331
0.169337313842973,0.973150464515734
0.169898556593072,1.00000000008695
-2.74450601134291e-12,0.461879789965973
0.0678023054994791,0.466673639343592
0.0932097988546949,0.468835206491483
0.0659480875049928,0.496895994061728
0.0584168796625962,0.482777964836991
0.091575447807891,0.497272133478998
0.0985302041182287,0.486284745882751
0.106925530015564,0.421772708343204
0.101741423055517,0.455247362483213
0.0960379317312714,0.439284697487035
0.125516788050861,0.457351228553777
0.136294666044437,0.441150636826846
0.129348429243798,0.425959819608632
0.383461241548592,0.032888123800143
0.411620285929381,0.0606177177447948
0.422897895407482,-2.80574175004489e-12
0.391978368135263,-2.80574175004489e-12
0.389895168232098,0.0289751294502369
0.423594684550291,0.0288410571059482
0.411468561216335,0.036447179765988
0.328325128790903,0.0362515464186434
0.346736911912888,0.037486517267128
0.31930251893417,0.0608883474373823
0.327755616482772,0.072505148814287
0.378627310281752,0.0582616146368045
0.391579889884279,0.0693293486202973
0.357970707394098,0.0622352029991231
0.351494163352066,0.0727859314197978
0.319251900036724,0.0941839747655615
0.203376075009437,0.215667924186126
0.217310219296856,0.230723631190978
0.237906542428744,0.222782090265094
0.337479039996802,0.340261855165561
0.324519487719557,0.353353028266134
0.308184172892249,0.349639094669017
0.300872945584707,0.328340989443699
0.31912460685187,0.316079923428206
0.331756530909476,0.319786190882009
0.164512802964266,0.320071669253199
0.165984741290707,0.354857012355691
0.155626139340733,0.336955852370989
0.187218407809666,0.304787095135158
0.178609219822783,0.31769658942715
0.270675139319628,0.339930794901611
0.254206813429655,0.321427829293807
0.293490713940438,0.325861574168842
0.283837714422428,0.30397603971611
0.273392418788989,0.301752170698281
0.653934396389194,0.402205504064849
0.278614961964835,0.475197351735364
0.289832033634175,0.462845119411828
0.370096065381879,0.417051471274009
0.34534709488763,0.309109565269116
0.365370535699266,0.315348581448285
0.379899559494429,0.357719191706372
0.412172595487022,0.347068364004633
0.392041235299539,0.329815678682639
0.395498389186026,0.339605123841089
0.433985811379446,0.437193793007465
0.424686939954907,0.288543950023304
0.417692696298174,0.30875677210854
0.40326123088943,0.310607328494513
0.410769324540779,0.272668545419249
0.444512800435897,0.284387863063625
0.407324541234407,0.578217533456451
0.3668729410275,0.573488626847932
0.313234530193217,0.623839898995388
0.302332051187862,0.603487781355346
0.3846346812564,0.62860002192926
0.399714193824827,0.611844122861956
0.393555174619522,0.592987476794006
0.37399352471754,0.589100876039703
0.193025425461066,0.812780094157299
0.164062997807871,0.833048994902252
0.177615889441405,0.833796650010576
0.176514972081913,0.795536556680718
0.1520091095899,0.812113827525107
0.156666374719437,0.799936954116404
0.0522999141517947,0.746206272033094
0.0619343230300379,0.764374611111759
0.0238884083641936,0.76585270665023
0.0317242171814651,0.749679613766559
0.0852344063160807,0.794412675710942
0.0900135758951217,0.826410981044393
0.0971559590464492,0.812429577531119
0.0461629601163945,0.716000220537787
0.0583556081791884,0.704713118660674
0.0554389532044928,0.739570751354117
0.0799313751013521,0.73145998488607
0.0815149689768768,0.717442928552584
0.237161032662318,0.857602131488504
0.21485134594755,0.860098981674253
0.21340734227545,0.886472324599953
0.302525452216274,0.676084864951268
0.287122054244694,0.676268211622707
0.275037916215525,0.699106025361664
0.315687538147457,0.701672926355762
0.293864545308271,0.713474429786219
0.269383809738468,0.738573241176475
0.262823468788818,0.759076095017816
0.239039695127248,0.725601336775095
0.255764614902625,0.723610628740675
0.211798462509479,0.750938117029511
0.234717960926748,0.786284537245257
0.230628981697927,0.748960202293838
0.242676932517673,0.761811305963751
0.214682381299295,0.785930227938086
0.203928646307674,0.773198502844908
0.275432382103228,0.773335526109401
0.306415627462979,0.783325838468515
0.293523439139605,0.771557180567087
0.298384347859505,0.810858981987019
0.295206506818889,0.812341286049842
0.272058635611157,0.806595562406211
0.265722768693724,0.796253443226048
0.410740732127107,0.757241466665565
0.376217110983293,0.738071057749928
0.424802488808877,0.760481958348171
0.498914303571576,0.589532225192106
0.0914784848707786,0.709194912747256
0.0885058519881378,0.686997224079961
0.112908484193657,0.630818863143072
0.13281370002367,0.605263486160996
0.130038271853469,0.624335263993863
0.143755069003785,0.635286185623
0.172652374992105,0.673694372725109
0.165338686061778,0.66549339071492
0.166706236852538,0.696459731552207
0.0493559447716352,0.547097943924165
0.0250742003166185,0.548590038068821
0.0323503256293777,0.553303826583334
0.0225486483004495,0.523622135480825
0.0341802634164379,0.514690544682336
0.0492790013515939,0.519423961534454
0.270794666763358,0.584380284266645
0.287461511805082,0.566393544510235
0.276520413930086,0.544449921276324
0.258073306635097,0.545132602213725
0.222802300670739,0.678337682652702
0.203117679062325,0.680639375290959
0.194310738885972,0.672003677133767
0.255589007148722,0.624082415618312
0.243274270540129,0.613562207386138
0.247566881118552,0.65025573435291
0.228912719250568,0.651990579370052
0.169984418831984,0.546285306813834
0.208892748971898,0.54270759131436
0.194308891669307,0.555981714934139
0.193191828819503,0.519315222503778
0.177007847990827,0.523825889532928
0.195708407484946,0.472388340450231
0.188794001992296,0.488272718862201
0.199697365528901,0.506678438915836
0.219355827706333,0.504335291560463
0.218964006961486,0.47210622489206
0.228590027711258,0.486868335881836
0.0448539224187808,0.680500984896536
0.0327501545921531,0.681423723754985
0.0210405689736792,0.66626635211803
0.0302290767098086,0.648046349940269
0.0496708868119893,0.64834182683023
0.0558653314323734,0.658469703120402
0.262204797682914,0.112617449220221
0.289518548845603,0.113235062933905
0.289799187602265,0.0830002440874857
0.297127132470931,0.0942340440716864
0.128278316205716,0.0236725719058934
0.129718008597429,-2.8536235874288e-12
0.163437923654003,-2.85362705687575e-12
0.258563997261723,0.0578863845441416
0.288870535149262,0.0500613336341271
0.291132617386239,0.0314538883064031
0.29456307953734,0.0283335072168362
0.324226933254375,0.0310944308371277
0.295560540267219,8.75497591090735e-14
0.231339502117563,0.029299235959796
0.25280605032884,0.034609219847267
0.263702599338284,0.0234696165222466
0.262226276825126,8.10740363732521e-14
0.230402922537498,-2.80259149221251e-12
0.288759416404514,1.00000000007136
0.248430196961237,0.977000083139
0.982762482915386,0.781940116661428
0.945354405513522,0.779642312000534
0.962891955984113,0.762008806028912
0.964926381474776,0.761952642935369
0.967469915939124,0.801869753535873
0.951109383025648,0.799293098089523
0.870912519631787,0.783527857615532
0.886213817300667,0.788613814492571
0.854022353569233,0.797334093265396
0.859101308629483,0.653092199366789
0.79694766547402,0.725619889827243
0.806967547812649,0.715819049763039
0.80155257076434,0.746754485285649
0.813160938881923,0.752535492476596
0.82516886798319,0.719562687215807
0.830933813488449,0.737089568000061
1.00000000007099,0.855156720696026
1.00000000007099,0.893223367585125
1.00000000007072,0.931175497118884
0.909029508431662,0.979320500365601
0.894266673347509,0.944601442343951
0.890352217511146,0.968018993507899
0.924990824154511,0.967050251670584
0.91972354826515,0.947370306213159
0.930656233319231,0.933454941354648
0.942976208070335,0.934255547912623
0.890422158662684,0.887818887879104
0.911201669401419,0.881428487416774
0.919901033572715,0.914202933014513
0.925775977335574,0.900779657910526
0.890808995862786,0.939780123850514
0.871967013216331,0.937885931395895
0.898373502075567,0.917401695485948
0.88633716244498,0.902830731340809
0.850907021880764,0.887541807109761
0.82819625129946,0.895581891264972
0.861070767870356,0.916602883456549
0.863899278186245,0.909691998207016
0.826442602100186,0.914147339458605
0.838643615448629,0.924289012570595
0.878039725792274,0.87364798244182
0.844871384969286,0.860876416500128
0.854205270533191,0.878631355902473
0.822967735615602,0.952119936909701
0.725159746038471,0.909876848989709
0.9197797621701,0.805787076458193
0.940058665123972,0.809819011836808
0.944179794550946,0.835142066887197
0.939345636144011,0.839710413310482
0.939965547242056,0.97192159897635
0.969199125059442,1.00000000009805
0.944850873266948,1.00000000007106
0.965255473280543,0.959511074618218
0.958179735415089,0.958740607889483
0.734618982385315,0.977532008434185
0.752701977658003,0.966469739785598
0.917274790180407,0.102810548896045
0.899675274559115,0.13110918675548
0.899245384268021,0.113547905730347
0.979937472267621,0.0773178032709724
0.967563274832093,0.0606789725444543
0.967323203634782,0.095828863749173
0.954399916792354,0.0964610446407574
0.945931739878241,0.0625545636489082
0.94129115702471,0.0807710279469777
1.00000000007525,0.225605907393149
1.00000000006637,0.116018281911725
1.00000000006639,0.153685175228708
0.981531529207972,0.115510326520757
0.971874903188037,0.526095026011174
0.982298500713844,0.488803268714343
1.00000000007251,0.524592258283106
1.00000000006778,0.490051686711326
0.898021115291377,0.532333750717097
0.90246491470833,0.519270280409742
0.979823203279051,0.561030260455442
0.967635339752945,0.545650056000768
0.969251217798117,0.577572505648245
0.96709160119537,0.607490933596101
0.929984284293009,0.622164926207198
0.944978839601023,0.602488170369449
0.884684280710758,0.592215212879879
0.86014630427007,0.615217409874331
0.863293247756721,0.594726400407222
0.938294417564143,0.696040797055699
0.948995372628296,0.688180807336225
0.923781686413681,0.660766693955138
0.945082602226466,0.659392039684854
0.980934940449532,0.671348826030069
0.610916777154095,0.961704158239289
0.613948384497391,0.941697250281924
0.705506210618377,0.917168413142025
0.631207212909087,1.00000000008014
0.753001864879295,0.77101570738213
0.750520672319623,0.78920764284408
0.786061068247137,0.778745955856951
0.777240330240395,0.764096363956353
0.77550060906997,0.799514019027493
0.76633818525451,0.801305200436407
0.771496171113705,0.706995192961851
0.756755788822259,0.705811028650315
0.779412849820011,0.722933101213681
0.768271572717463,0.738948612221806
0.747836722687194,0.737313676029859
0.743827261698116,0.73205617138144
0.520661399455135,0.831343741714795
0.530369843401483,0.827332484029599
0.564093339648126,0.828412318486076
0.549229634889662,0.835945917181864
0.565486389224938,0.807665546136943
0.541732178927175,0.963290478155597
0.530169759612987,0.968938706937529
0.537614642864078,0.869606714569207
0.515765636754956,0.858274686720756
0.503328530097111,0.863646085867764
0.50018965141605,0.891760161630491
0.605461557483359,0.872398168339922
0.602788371974025,0.863332069353565
0.705619839743654,0.707805194247748
0.695937760900169,0.724934955361531
0.723394177130266,0.708121390817036
0.731920822443744,0.72884885272068
0.715015144842591,0.739538238518331
0.684626802069339,0.771289375975502
0.641560540659074,0.823739408058765
0.626263918263314,0.842894497320934
0.6184196569565,0.843082277308426
0.601939590520129,0.81844822813456
0.601389972776253,0.823073023427164
0.581778116141477,0.618765833695164
0.607381545087282,0.761222410671625
0.597267360280692,0.749227574517811
0.660431693836499,0.74120143413415
0.68767547446216,0.727197535601206
0.680766154547687,0.737541194162152
0.668674849407949,0.524161156149312
0.677404318469482,0.491663201865585
0.683227760707887,0.506820608270938
0.4932964283692,0.0865888624754202
0.464686931928588,0.0772322215748507
0.49094027942802,0.0220957553704656
0.499770192456012,0.0595382831721353
0.444279266706012,0.0597613370172099
0.461845358118688,0.0672236063360682
0.442179207950726,0.0357333221919055
0.45664270495729,0.0263531571583256
0.477685114078254,0.0507223849376302
0.475319058465088,0.0346823799171868
0.803332569785184,0.0940754531597221
0.782124966772872,0.0961982264656932
0.773576557901666,0.120930265313051
0.891382102986807,0.162224160699259
0.887872285104171,0.141086123607387
0.85073505007717,0.238006655078581
0.888238612834597,0.232382695720496
0.873230795622943,0.246932575383521
0.859807176724521,0.170250506577937
0.876658405392047,0.175039878585991
0.857827547444766,0.210344793792558
0.883090317451252,0.197073733933758
0.875590217540321,0.207524292361791
0.844847825142747,0.100855071267455
0.867147488531179,0.109711484725047
0.857100416162578,0.14175360193609
0.866977676209117,0.135096327409434
0.912252365819928,0.251348234285495
0.932139111983406,0.285893378648012
0.895247469344561,0.304228806764196
0.906291529381099,0.280545895220195
0.901910093893114,0.27082418352782
0.87661285468299,0.265465309845031
0.836807726016917,0.347212456516238
0.824420325748897,0.327559048385617
0.864770899413045,0.340691032398454
0.866081912933076,0.338275721784665
0.625497749115458,0.0959732453485024
0.590565375530737,8.9228971433819e-14
0.625897610478426,8.9230706157295e-14
0.799730439254551,0.415330271534411
0.778214540337896,0.416823577348128
0.831134831079889,0.469156364645643
0.815365761511671,0.469318904636178
0.802511320680056,0.449032836004587
0.810787429279949,0.43290280516914
0.862006927102809,0.447004671698925
0.842161602549465,0.446748600725163
0.831703191213392,0.431569526145629
0.906400735321947,0.349714243005488
0.925136731896677,0.348329621360568
0.904873348883951,0.384894626009902
0.896545788624771,0.367317938185356
0.929856192216875,0.383562950168475
0.936651558187139,0.369126837966997
0.935561618534318,0.219610339904608
0.945395273605887,0.206689811420223
0.914539794331945,0.217842359371554
0.906875738633209,0.197767511764311
0.734009732214402,0.549901102287243
0.722462623728499,0.529972792822742
0.808505206212143,0.397361938810461
0.831221824088858,0.361793691249595
0.67815681418421,0.430504740018635
0.657311042555564,0.426060666467459
0.644506988176348,0.436752098062741
0.681355203851695,0.454339038225859
0.68518859749003,0.444648538354565
0.714103498994136,0.388936054131022
0.699594634506581,0.371433880996166
0.689534776540806,0.40984023535402
0.705329286531283,0.408398826720358
0.674919267422491,0.393256124892402
0.677855657676005,0.380065583568249
0.77398711964489,0.383557314830412
0.796011087692071,0.349357351116102
0.798209751172378,0.380421509161259
0.804626063474244,0.364322904368435
0.740358088625962,0.367085768696794
0.726313268031923,0.349841405567508
0.76215403376438,0.363229180215701
0.76357737876012,0.335097379172578
0.769138399976598,0.348805558745257
0.621782018156733,0.31485628625602
0.696752419064572,0.555727867930037
0.715480953679848,0.584981970595068
0.718606794838182,0.566822744374671
0.690160932817066,0.59292723441742
0.681805077257198,0.57453673665748
0.717605122784185,0.423977420147686
0.710224179159452,0.44179563464186
0.737776817527215,0.421653264843004
0.716780424542914,0.491096279963896
0.710571839439428,0.47708274941956
0.721535615173974,0.459082377494232
0.559437683736172,8.67708682683599e-14
0.55775917321646,0.030227072981053
0.526068088955968,8.67812766092158e-14
0.642030764505395,0.133635145485204
0.643822105825853,0.156014959046003
0.65502183256442,0.164078021203044
0.741427465729574,0.172497966345993
0.781131443770991,0.16222113103369
0.759115061090733,0.187345923754668
0.772522645962844,0.183318662634108
0.679341387699093,0.139236612981934
0.674480420188056,0.157573866991907
0.690421472927635,0.172403664590227
0.70954071834404,0.165770362511164
0.770031003488115,0.12254217702456
0.761979629255457,0.146659435412741
0.747407237566592,0.151164976648557
0.743497455848452,0.109838978484407
0.711981047230229,0.0377246882683188
0.695614088111306,0.0281287957205105
0.690987108880069,0.0687829516864718
0.718994065530195,0.0735484240278738
0.708587723805511,0.0656391487042415
0.653203352100444,0.065186878839187
0.660895065609953,0.0253699592581462
0.677413339976494,0.036698466335553
0.675677804221817,0.0552104551610164
0.771148907033149,0.223561668498956
0.752126393703563,0.207996462777389
0.737964982150113,0.21288566971099
0.686339627671046,0.191155524863186
0.703179617511375,0.205439176234338
0.448411395774389,0.257479318974899
0.447007865008074,0.258669973610301
0.420885478189299,0.255429765066578
0.414757025083537,0.240390091539407
0.402773605307281,0.235993468401932
0.376004984064342,0.211613355215656
0.397980868644163,0.213197642637815
0.0317238801333331,0.19753177919765
0.0332263474130704,0.167799953941041
-2.79441053629981e-12,0.198024737767604
-2.80588399736992e-12,0.167200954842668
0.059018163365952,0.165529242338681
0.0360289646175394,0.164977998656949
0.0728281014796806,0.144735357719414
0.0398532426610703,0.125611872197435
0.0308677969751486,0.136981599177061
0.236089116159169,0.160925245029571
0.237105337868338,0.189202136509783
0.231950605114072,0.193830434995651
0.202645550171042,0.181351340015352
0.213193223870091,0.19368698111197
0.257854247839172,0.0594330135448708
0.234118908750089,0.0677227101641927
0.232976363486823,0.0925064679361153
0.257073214461677,0.0988766871081403
0.268055498155179,0.0820842365309215
0.205122371575841,0.126549493579676
0.221787191095165,0.119734268271577
0.23541229707137,0.130396608877054
0.231874308779576,0.157269768263022
0.200798271490526,0.148586470919669
0.210292399460729,0.159183513695062
0.189066319264306,0.0340049718256819
0.185622338241003,0.0588607606950363
0.164998306917134,0.025024734125162
0.167198225003814,0.13180544087228
0.186707690353292,0.114725548916842
0.184958464589423,0.0996825704696977
0.0275739184319681,0.261847216072757
0.0388884931213545,0.278535940917981
0.0575863232867677,0.276401531388592
0.0368548204978634,0.240129721443996
0.124009147817975,0.279238520796466
0.0973198906101641,0.281594955705421
0.10396687855847,0.285205069242544
0.130663946744627,0.26319910812799
0.119395599971497,0.245455415614046
0.0670530629372365,0.255819634987744
0.0579303988201421,0.240620491155752
0.0909082056185528,0.256644592505035
0.0992505871666139,0.246021990285749
0.0686214670008859,0.222029129782832
0.0891495747448164,0.221790264425577
0.0974929104224045,0.156385909957321
0.101402065163068,0.170155360417499
0.0292170121041149,0.0346907365803299
0.0326475753732228,0.029327800841131
0.0276773940258499,7.68031471753972e-14
0.105409219358981,0.0540258808405148
0.0952719819612453,0.0302703458140954
0.101430311286487,0.0347090599841882
0.0703408742958398,0.0357271792910558
0.0651600809699737,0.0555959605972122
0.0486621438800956,0.124687149563307
0.0724671361504252,0.143097725317686
0.12889449828819,0.975024812839148
0.150279272291175,0.960986520620879
0.149515951181058,0.94331794943457
0.12709098941612,0.93060751510254
0.108658209647915,0.944817210558586
0.109210135789759,0.961970270643083
0.07721107895116,0.865726274821467
0.0773084721962857,0.871306622753482
8.99506163998254e-14,0.835732087369164
8.99540858467773e-14,0.800286422099517
-2.63783786480509e-12,0.492421993195749
0.408590486504643,0.0995042751223119
0.389952821057405,0.0874096866694964
0.288255931432503,0.143056722076521
0.296918742652754,0.127098833671762
0.299457589820279,0.162265350868607
0.249159278436098,0.320974730166222
0.23582221325532,0.300639490188328
0.216975300258067,0.300027274851663
0.212551668395611,0.304712846453191
0.518067203932108,0.117299920257121
0.49613054238613,0.150904947269659
0.487016097007109,0.168177655078145
0.566608113223974,0.22619164395773
0.556883720453651,0.20060396433757
0.628442052851416,0.431336043059097
0.402069682268896,0.495302899302067
0.276737301539305,0.509076486795959
0.285802455121908,0.497754519347327
0.308518401589898,0.498384233579591
0.285895633791429,0.531640298406411
0.308033536371698,0.531589563450092
0.315391206083711,0.521068830844365
0.322278441285563,0.455427006706764
0.309582049387777,0.46713822909402
0.315343288396014,0.48961616086337
0.346911802969651,0.467822521390958
0.33726056626377,0.48936402632577
0.403999672720708,0.430134149653264
0.424978029555147,0.441459984865996
0.419005416906714,0.462041942018225
0.329466721681369,0.281982071546042
0.343008824313906,0.288408021597834
0.327098515112666,0.257149199187491
0.40999916696412,0.373815456944123
0.401858058520274,0.412220986080156
0.389534549359282,0.405733949580948
0.384974611776188,0.384983787867
0.389138132643749,0.377810252960744
0.496813440414243,0.338879226557587
0.454480502374334,0.293164727234462
0.473420909759334,0.289165433660505
0.487462709276593,0.305601344268034
0.482065733457762,0.320846681917874
0.489886548596221,0.353746466180622
0.42604781926073,0.341659964014942
0.429281325439789,0.320006966308677
0.450559444939235,0.31496363049391
0.462333371652794,0.32633807896018
0.470494384931573,0.257867506020531
0.480505551304636,0.271220920232379
0.480015668663758,0.236813668385723
0.494443404889844,0.234542256929931
0.499307867751952,0.269187467491403
0.507934388739782,0.25021650768984
0.521604229266104,0.182576057272602
0.502424648064446,0.216746832880376
0.531787769231006,0.204792353292555
0.52614327041665,0.215580018562624
0.492848645844278,0.20113471682714
0.499018775903354,0.186292911030872
0.312954866428694,0.58728373256221
0.303634317570744,0.568125830547251
0.315846767635029,0.552322175380069
0.333241576116932,0.588273199884898
0.344897683055241,0.570147434108528
0.337988409460218,0.554743243018188
0.343318561287017,0.607029249830378
0.360152893843578,0.607881784105471
0.331318969646074,0.623803667738291
0.372435858427447,0.628171736891008
0.358391001218708,0.645623867935699
0.34327262598873,0.64521344074114
0.0342190273703521,0.781242752409085
0.0537656619638301,0.780489059428371
0.0639546550724001,0.796399608516417
0.0248333725281676,0.800076943095186
0.388972998167599,0.966395687153439
0.371360811201896,0.975766427066818
0.403103048240036,0.798399382401886
0.437761269772112,0.822216619934235
0.405528967002315,0.831284480029448
0.416219061283956,0.835102311056443
0.398307548825355,0.795691036620392
0.392923759599218,0.768031657481571
0.381544950180661,0.76367193427429
0.362383083681254,0.773082950777373
0.385134497594252,0.858462960657025
0.391223087759389,0.837458070557801
0.36692447109136,0.862244848694049
0.351710332434529,0.84902270372247
0.358302496786365,0.889625372393853
0.359806749643827,0.892451507595333
0.251850872982463,0.873655941288941
0.239141197652198,0.900577539887289
0.238445995222972,0.898384866764769
0.574819489264903,0.719456173201603
0.430956085535652,0.770664383517033
0.438073183514325,0.808079386399716
0.422089759234043,0.794392247068126
0.453872686675333,0.774070813017064
0.461466731886006,0.794505840939699
0.517788819232165,0.595881588761215
0.522221108022962,0.616027239948017
0.541023270263883,0.622177692529191
0.5573904012436,0.600823052274748
0.108024330909704,0.659733325616785
0.113373115307152,0.65515033162449
0.107062937030677,0.677965028638521
0.137051001034551,0.657757413502592
0.142627003900434,0.665687664788344
0.146341868546018,0.599056336499875
0.160492575951515,0.572625879219867
0.149470418341573,0.577966775930501
0.148092941063322,0.69904688089869
0.140843850826067,0.720604049073141
0.120809421080649,0.689082203856774
0.13578749837206,0.686279441410137
0.117201017819582,0.720098971332882
0.112611651598799,0.713269143117963
7.69922320342786e-14,0.576009141284208
8.33517282972096e-14,0.606187645341472
0.244527434145363,0.595008872514514
0.261152447593625,0.582958133538562
0.221268111090588,0.581552216355186
0.230566919925692,0.559577568132674
0.24900277542923,0.557891811459392
0.270382799323407,0.964014217979872
0.289073381475928,0.978394318964365
0.888924605552022,0.673673352305122
0.873565650526975,0.690172724016085
0.912767397812376,0.682982210973873
0.913490074689339,0.684805293314459
0.901229030155331,0.711515121596356
0.890875146089039,0.712223560850186
0.867510300483488,0.690338875750955
0.837875082667596,0.705281533523211
0.852451482159983,0.707099031028313
0.829043773410453,0.686980460694285
0.838682489657803,0.672335115450503
0.850229949361404,0.669707229917599
0.854229052231347,0.845895726017999
0.845664396998771,0.827247751655343
0.857635707813566,0.812984818509676
0.787647476691869,0.967147262370552
0.769960822619166,0.978097646899269
0.769747954406598,1.00000000006917
0.805388229652475,0.941064135743297
0.792716000637133,0.911788470111726
0.806321514659122,0.922134686657661
0.788166056118844,0.950603589724875
0.753010565020434,0.950035383576618
0.737765782470581,0.938971414863426
0.73876957286447,0.91981572344099
0.757707923241563,0.911606544655954
0.77242831540286,0.922282541782507
0.772118241395471,0.939568240047541
0.775516990038245,0.884020984176024
0.759349687555704,0.891823354490561
1.00000000007235,1.00000000007975
0.973407286613303,0.967366957551597
1.00000000007072,0.967625876412393
0.699063206324807,1.00000000007312
0.734337138460487,1.00000000007089
1.00000000006639,0.191369959605253
0.977167141785507,0.190396749054473
0.965961623877616,0.208249544880676
0.974789497393213,0.225415897086296
0.964049681950141,0.13599687873337
0.968048606543004,0.175357490383931
0.98116877477996,0.154211055935436
0.964324620775268,0.503844930155642
0.96428971644778,0.517270966716022
0.946394867664693,0.49044030473353
0.929569160368357,0.496220391788179
0.925668298862954,0.513288803765335
0.93643501795275,0.525395535567651
0.920976893202062,0.583056168478976
0.93827170834086,0.583252232744051
0.94536860390756,0.575082846406368
0.908462339956564,0.567970716881147
0.914998405845076,0.55102769213873
0.934429587308904,0.545392061681734
0.943230665572209,0.552502012173967
0.946551348950334,0.657872537776526
0.94630298903839,0.635364514664363
0.971033094758462,0.658301619165724
0.968767652666015,0.625426195482661
0.980005728386199,0.634699878090452
0.873848996864485,0.627157458134897
0.886550950375516,0.661282431649119
0.865857718563068,0.65062970329976
0.909311619982226,0.604586332285972
0.897086988611507,0.60615172516099
0.888224198737854,0.624367527127756
0.928277205274543,0.622282141501168
0.910426168151956,0.643488671420073
0.904011423128528,0.643231859867565
0.598206469171947,0.968885081150231
0.581497985569922,0.963184010755297
0.564132494052908,0.976115602774046
0.564441445045363,1.0000000000817
0.573660944955184,0.891443778151789
0.591099347764582,0.892019797180991
0.603702813329028,0.910300718088072
0.598027481776749,0.926230280133205
0.665539309179163,0.973067902175483
0.647784383068128,0.963763540846141
0.625830430947369,0.903831728763492
0.625844878807176,0.881344660015656
0.65384156126159,0.668791407462816
0.680280358323739,0.692137063499962
0.668921693356654,0.703506078512961
0.689245211366432,0.633623559856388
0.698316107008242,0.648475960838036
0.69409019024457,0.659849376869366
0.674211648106094,0.667406712931993
0.665245099446914,0.663581638808713
0.650266760731155,0.586256642261199
0.502312213100292,0.822502061141064
0.469240449321736,0.797812116244733
0.487127602929608,0.855352723271191
0.453948940328023,0.834412991540972
0.474661270454309,0.82607479470285
0.484159445173487,0.830658652510156
0.513112451506448,0.961696023362531
0.493804574693573,0.972872637831735
0.509289650750312,0.934190008558028
0.642850249015776,0.862111661467713
0.641585847427521,0.87144519952085
0.656934369827491,0.797173237455626
0.639677138038676,0.814730259161198
0.620364564368505,0.791948265528668
0.621203585529827,0.803921135846719
0.690077730855534,0.789623651079191
0.673413520412098,0.803642846736914
0.631748800339276,0.656880259209731
0.624745211907431,0.730036848501024
0.594210241288825,0.71707858721514
0.604035115945017,0.731671584849349
0.611094474648697,0.442257264460321
0.613937611520027,0.464425767846561
0.637974120455664,0.54892838842558
0.598809747634025,0.540547548682971
0.455847365931813,-2.67426879252408e-12
0.490094283643092,8.8784882223969e-14
0.539202482138959,0.0646445878150071
0.551360852195838,0.104483458373765
0.530249642628708,0.101133461511959
0.524472567263996,0.0853053110567523
0.570578653241624,0.03655018658918
0.591511586304932,0.0249254244379206
0.460903371936017,0.137247643831406
0.437974078296345,0.123758026052064
0.443728535933165,0.100552423543263
0.454707678734177,0.0973533770780914
0.846454982645557,0.178184300706913
0.84461101821684,0.1997457828727
0.812645602123417,0.111247865314764
0.833327788422049,0.113035621961954
0.838845401432619,0.137741384046617
0.800116749613947,0.1317136570391
0.942274548433602,0.272164886201613
0.965591344774111,0.240426375975439
0.942899586836529,0.24038702515586
0.935188071172199,0.251667478143871
0.974540051954032,0.259471182021208
0.964773903802784,0.273988776811462
0.872931170832426,0.30001250208833
0.859736655563284,0.314666292690387
0.848638741687639,0.276451568072895
0.865299694777783,0.277985967590164
0.832403309985659,0.298076533755992
0.836138134010415,0.308738534786357
0.683523183488162,0.0992704330203102
0.680799896604679,0.0936683343264636
0.667358229926137,0.124751636516368
0.652722726319098,0.123566892655489
0.65633220541614,0.0866140401827038
0.643758567913722,0.0984911679331987
0.863619114210133,0.378372324861691
0.840322799083542,0.377691970988041
0.840474210309594,0.412662986919986
0.830902936160691,0.396810199530013
0.872129808238019,0.429922319701625
0.897764007952956,0.398449623053582
0.871919744669751,0.399731063882524
0.864668748795967,0.41227302023593
0.906303673813183,0.417875827326699
0.8977367519538,0.432730550384894
0.795324846826545,0.53661389077433
0.790738229973243,0.521462621397887
0.758097387408208,0.541025636003819
0.771897885621016,0.554858596435344
0.77994694679316,0.554223555760412
0.730267875014557,0.33286908884666
0.735365142666273,0.329185916784795
0.694138892958641,0.263714546782371
0.699120576088265,0.224219167493685
0.712687997428277,0.257664170334845
0.732298284121056,0.232970436496167
0.717374845627052,0.239006618751605
0.702003320241783,0.319113808468834
0.689395147279636,0.283543356228218
0.707460279005987,0.297462889362879
0.738003920776276,0.513812330175317
0.735624151870434,0.497318347685892
0.773260051643975,0.514210815202215
0.759387872121615,0.524509211813446
0.747478310265839,0.48766322502851
0.783917706590552,0.483249517208841
0.77118045221019,0.497000066228176
0.536930160076067,0.0589132053596257
0.54734418597723,0.0340263255455262
0.525460624649031,0.02112460215657
0.510914201966437,0.0323279914748223
0.511549510313452,0.0489281832775263
0.730832434194283,0.137865645530766
0.701717655113647,0.134181158414068
0.712960778253437,0.142924716019886
0.737253396628767,0.112622759475113
0.714374657710322,0.102174378698395
0.703444109416188,0.107294507570107
0.628846116755619,0.210515758370224
0.631670183886688,0.194673156768824
0.65315529257542,0.186033371455634
0.66822775608771,0.198071183105151
0.16740790545084,0.0635928307137028
0.127825585675847,0.0610850192000879
0.144179666927247,0.0392571263554503
0.149449317615016,0.0391713944656186
0.115292662600931,0.135671036550192
0.154959129671543,0.128869377891867
0.136935546742043,0.147451386064428
0.148138459428456,0.193816026482033
0.127884090812407,0.193242940163782
0.12002822082119,0.175235207976953
0.157983860622919,0.170027292986401
0.138302799071231,0.156244489938851
8.93451979067095e-14,-3.03340685903208e-12
0.0709481859143461,0.065751147660581
0.0919311461776477,0.0694847007820514
0.058939849513556,0.0883623208101273
0.0651276779546961,0.100408813881398
0.0321208075435209,0.86909041290065
0.066305022515983,0.90503200506607
0.0640770552267348,0.885214177105259
0.0368774089307643,0.878876038003484
0.042811027512592,0.920415839506701
0.0273409918269962,0.901754026277655
6.68354260824344e-14,0.520160377694701
6.68354260824344e-14,0.553447103853534
0.357777465973599,0.0897125315926041
0.375942976035388,0.0957370022602014
0.214344444315872,0.33126927371068
0.219172003955127,0.369567589956452
0.232916264165855,0.352192645686727
0.229928777836194,0.339034299351843
0.199242996239726,0.366456108977263
0.190895199770861,0.351878822428001
0.195177432241421,0.339807092281915
0.560724761959763,0.193675229650441
0.525728162959775,0.365941779243779
0.549908025866252,0.373495020132361
0.656144952288419,0.274397786128654
0.674296648911699,0.289329352769619
0.636629419988026,0.301563215263578
0.636318675364786,0.284806854177012
0.578208551879911,0.227246938572075
0.614922575527352,0.218099187260513
0.595738425504164,0.209919699256256
0.579100380738715,0.444858243014103
0.59735662988834,0.435611879370026
0.63278093980924,0.33778455093287
0.661427496524617,0.362675738824654
0.561478505296077,0.43101821359257
0.553047720111226,0.392054725644613
0.400814015690217,0.557464566278717
0.414993702860135,0.541671448579437
0.413443579294313,0.531798703344401
0.37958130659813,0.553878673111528
0.392609604322404,0.517227593163414
0.541246981127715,0.458535924394027
0.549328662986494,0.432969114246586
0.507708270748037,0.475400550312433
0.488441143319516,0.475374164225555
0.508592847012347,0.439521844171343
0.518156315014726,0.456508479596974
0.450846693177049,0.444137885665008
0.456812824395595,0.465355958707147
0.48059737334727,0.465345106183457
0.472040020975086,0.428208956934919
0.487367970089325,0.443527464691364
0.454902272970737,0.535756558912048
0.479144788037885,0.500902192077916
0.485104005417148,0.508051439564626
0.420791320685907,0.492967332458607
0.428934854230885,0.476793700635457
0.449462663012629,0.475198667720962
0.460061853712081,0.499839113221366
0.432046818133588,0.511902154097692
0.446664115666718,0.514226273336884
0.494383285000204,0.571408083532565
0.474669424032841,0.565328944822724
0.50941515529407,0.556185618459874
0.506208059019747,0.541408764334571
0.471032326562449,0.540299952478504
0.482350982625299,0.532645253957542
0.392870500668557,0.464546425596798
0.386363737010528,0.476716918782846
0.375037133801919,0.479731024567949
0.352985205323481,0.465346621260332
0.386366270829699,0.44471032435089
0.360092435387586,0.443142872062919
0.368976042901732,0.438149788236398
0.360802359755562,0.278856703586181
0.398692354036463,0.274148711322334
0.376933237381963,0.294977170177312
0.388163286187087,0.293472331000516
0.51657956793461,0.373725872557978
0.499495136417525,0.370650752798568
0.437133222374547,0.411840218658261
0.421022411303484,0.401408642453843
0.421438814625627,0.381752058717661
0.469950201060605,0.356052401519739
0.458561289874759,0.345262094098017
0.440076136079716,0.351009149936398
0.438244808619305,0.374137843918305
0.51396321067367,0.334899424520875
0.526671250904857,0.346725696396866
0.035004615279526,0.815323765496578
0.0263250943799866,0.83395351493159
0.0656287598794212,0.828068137182336
0.0562755714623017,0.814217751127384
0.0590321793631787,0.847004789831972
0.0388339179352945,0.851833440400388
0.398063605547177,0.872548707161397
0.388616190454943,0.896115442567088
0.429456513480044,0.964650041193479
0.446903377601912,0.927579508498662
0.48836464200541,0.931546370958575
0.374288476833591,0.803188742346643
0.356054953720207,0.82919064768761
0.369978942360611,0.822743327457061
0.359299647373709,0.788705304669457
0.338755471672872,0.796466610630528
0.334781494184916,0.814758498014984
0.332237326218918,0.880377497687553
0.319794242094753,0.846839470065142
0.333742365855394,0.855484099174243
0.370653242857625,0.932407453778417
0.353630053291691,0.912397986195233
0.33245352224378,0.919688990899326
0.567656321451458,0.639695658585233
0.54615794122033,0.63421503748255
0.466759277835431,0.756918656607779
0.533006905197524,0.655253421141515
0.536805295157658,0.726826745108475
0.180295106840132,0.583674521928248
0.195337916604706,0.574498316648763
0.214405959782855,0.584168973049623
0.247314219325593,1.00000000007435
0.259200930291088,0.936240549146293
0.27094315388989,0.946407826722056
0.260106677220473,0.913224277770757
0.294546612688803,0.936419112995452
0.906753007418923,0.818365838703114
0.889283120814291,0.814014313568551
0.880076485491862,0.820144253971963
0.91244704384731,0.836037286214381
0.903033947783471,0.850791055983127
0.883609029074208,0.852055687761144
0.877333574895711,0.845268302837551
0.805138847873361,1.00000000006917
0.841395081091263,1.00000000007288
0.757059472555007,0.824522425998653
0.91090951794563,0.168032664356584
0.916248378472548,0.184623244107413
0.93849074596674,0.187490347901031
0.949623424108329,0.172955452920503
0.962259510972393,0.136002822331907
0.935693509232957,0.118309916687257
0.941740839494838,0.117442198753724
0.942943072136468,0.156216023888236
0.9218895590946,0.139152419626332
0.925780317242488,0.150697188474658
0.563209291766533,0.903743104952679
0.547739999108114,0.942042387002038
0.574900070610207,0.939647602996719
0.580175073239839,0.931206355473965
0.681490073067761,0.964373229241669
0.68326486646699,0.945152508065858
0.699744269305471,0.975771749255964
0.703700332269147,0.937037141175393
0.717046795889683,0.965746155370204
0.717990806011437,0.948311119496663
0.669485358105087,0.933564010262465
0.636122877984667,0.91142785846958
0.636417905636385,0.933185831004076
0.647836433164817,0.941568763016878
0.451207991814768,0.855986250994633
0.429393247343844,0.890709956165434
0.463996500496662,0.868567780449893
0.425325319422541,0.860854148584869
0.419722308947411,0.870635452837125
0.67876817536317,0.858892964967916
0.676984937675442,0.821296799639633
0.662613506568577,0.833773346084171
0.663933528140195,0.849213957420129
0.697346741559077,0.848253928157675
0.696021216800473,0.828095260241283
0.637009155248313,0.777738428152486
0.652227631451916,0.781794574780773
0.663741866900486,0.769159986853027
0.656768309590352,0.746767709921949
0.629486675596285,0.757702844678334
0.633587715448395,0.750401968230691
0.706685037987248,0.819811957406782
0.733449696392512,0.822812282512592
0.730532077353338,0.825075971500325
0.73469866208209,0.795827859311678
0.718928727656032,0.787259361088665
0.704466552961816,0.794980258380711
0.594216398450616,0.655666611928734
0.57312372098726,0.651933475453086
0.630333173135963,0.647169827743725
0.61889536449458,0.609823029204804
0.604213564344531,0.627873935346511
0.606760063653048,0.63772427952478
0.631469365545423,0.719070123695094
0.647928561285805,0.687810748904244
0.651575205856307,0.718928909785243
0.662575307100433,0.704130308912478
0.61917030987824,0.672358570284127
0.627854769467979,0.691862618255711
0.623568273087773,0.700050760659324
0.600516045921963,0.702847097486219
0.591072256610024,0.685923641710986
0.600677583703788,0.670391382435972
0.569584150706359,0.569174738295655
0.529886589116342,0.563598442178258
0.553732476866534,0.590029882332035
0.533140021155572,0.58225739806721
0.62566418886417,0.470031578656146
0.655231785334681,0.46254404113773
0.648698306937953,0.458712347770395
0.66027025471866,0.486643759231607
0.648125176618133,0.517011155692605
0.633338064225405,0.531881030012147
0.64417129988089,0.499122365006353
0.630258781606916,0.49331053616674
0.609681713539095,0.505566342069655
0.61435024138541,0.525738529420373
0.604690545303864,0.558724373696241
0.61491260537635,0.59663196175446
0.628785873033851,0.579653039981433
0.624307924299653,0.564252367232134
0.593978902067427,0.589773830387443
0.589368094854808,0.575761105220115
0.562721865107766,0.0920147927237099
0.558017252663105,0.0715940553444676
0.575399577975646,0.0583892394231467
0.585276031851417,0.0965179643520542
0.64172849801168,0.0582727874508668
0.607692196834646,0.0352736006727038
0.626065234417563,0.0240969804651791
0.642754845034997,0.0342187523558203
0.492180135537796,0.141335278574795
0.469469243185143,0.132373506571587
0.472592455185349,0.112120377485623
0.491525255109608,0.103582824865522
0.506321669909967,0.11776637869464
0.826907736025941,0.168068810218314
0.811752083569679,0.176356309187531
0.827410742177105,0.146716733324404
0.790697229278518,0.159531294485894
0.802101418116961,0.137820875600696
0.791023005163293,0.199484537711663
0.808043099606218,0.193079106293455
0.785275353868905,0.218864749199885
0.824145531955726,0.207393444947735
0.803240034961634,0.233662099046397
0.820786207970641,0.225374069394403
0.678750961073042,0.249825745513609
0.682068731525746,0.231440467101773
0.658449474801481,0.257722108845096
0.644193721686109,0.244990197714153
0.648083869817579,0.224955328770078
0.664816848558802,0.217885429492913
0.75973672328528,0.296847086514517
0.738985084398997,0.305174388693694
0.722262575655136,0.291985367300867
0.727757218969661,0.272210397069794
0.663323377159879,0.350344426864209
0.652835008942647,0.337285979556282
0.688607140735919,0.341643896436109
0.692360297415933,0.324645454670644
0.660646392620554,0.313591888803729
0.668299171162617,0.310038194242719
0.740660006219804,0.458245282944985
0.748776700590369,0.467136875314697
0.748365835851874,0.434540336515249
0.770130948073603,0.432930978886056
0.78092500560195,0.451967710745319
0.775716030269428,0.462565726482664
0.405583093052486,0.154306479368924
0.407652307452719,0.11736114516755
0.424411554314762,0.130354580050958
0.422024211937186,0.144394922001205
0.46900651072513,0.204100803167941
0.46444704372147,0.221931485946109
0.447163896027012,0.228565150675313
0.434571361028336,0.222499946407556
0.455707951310316,0.156262184842691
0.439455794709467,0.160845099432127
0.469189307925891,0.170295180095149
0.460526819791479,0.192935200563995
0.16263315976582,0.0907177538716679
0.158783201615032,0.0797510770872371
0.147263744994699,0.111678213769743
0.132351777754569,0.074621946475929
0.112828693143153,0.126047560297509
0.0988627375232675,0.087750327242299
0.121060735261202,0.0915800291637366
0.127063537807225,0.107126598246264
0.0897775067999368,0.116971589262368
0.0855103125516295,0.105869624321323
0.328873398033191,0.107465876363067
0.342481876848991,0.108041875808541
0.317405623192114,0.12792811574946
0.590110064318804,0.113767690481294
0.617499089209323,0.128015324346805
0.613287652396178,0.118989948519003
0.590701689712566,0.188403489652087
0.619852060406087,0.164844357717623
0.616870393970486,0.17888818437289
0.607147363349438,0.149064796838608
0.551671553999917,0.170528688889154
0.530932849772153,0.137788571418138
0.527133010604735,0.172520203489009
0.51962070029,0.154134518709612
0.562354711713575,0.359667720562989
0.554423355101047,0.331280858995289
0.552292797726639,0.33721125359448
0.610772230517876,0.313685036198024
0.598203981504895,0.297017889180213
0.576482769259392,0.301725108694436
0.59285580334981,0.336783929205378
0.572813925723404,0.323605827592539
0.565606389942077,0.291742465578398
0.570404452796387,0.267437621235954
0.621631254541686,0.274578294324028
0.603460221722,0.280904806050505
0.624064822012513,0.25096136024747
0.613170065208335,0.242462014660825
0.58593557278567,0.262892647343721
0.592286519554704,0.247626771837137
0.594976087283765,0.413762217305425
0.571789129077313,0.399457687269085
0.574461657597996,0.405532016114875
0.372360995700752,0.53898906718608
0.381750691539,0.519841741427136
0.348050379613491,0.537697028765445
0.34025980433966,0.520798719789332
0.348064726872686,0.505486273627772
0.365113031274143,0.503152083304868
0.519593569983123,0.525208606766209
0.519498599159845,0.492718483178376
0.511915594949404,0.50712523191369
0.544614735778719,0.46361036115431
0.536383290517547,0.490574048481628
0.54827494042878,0.500324330749095
0.350452332956556,0.253568195785141
0.362967215204308,0.267107650757471
0.357413561503152,0.231989053312128
0.366672722002103,0.229396552880267
0.386100615093047,0.246004107537674
0.383804847183827,0.258382985845361
0.512423052921434,0.430573395447378
0.503040535521537,0.408797340852734
0.520151018163427,0.394953938451697
0.53813257075926,0.402651006825367
0.538548710154184,0.423669706628462
0.452676540612281,0.405852105172349
0.472105557428738,0.421978960724134
0.463314900244633,0.381970060577969
0.45814430257175,0.384435809723583
0.490911112989924,0.405404614722604
0.484754972189621,0.388562923095994
0.395269178345697,0.907315966905696
0.41390756114843,0.91062847709751
0.422533962472892,0.927255575599353
0.414662466291948,0.94302053617165
0.393246005378148,0.947137226017227
0.379970552593913,0.932568742929491
0.455600173563763,0.983614142817136
0.438967935671535,0.964737929239105
0.453865988708361,0.944013547346554
0.480192874602009,0.965906321837398
0.474828285923671,0.948822591858633
0.330197639501196,0.939157919522923
0.309719312952611,0.964831860650552
0.310634440663793,0.949474312003335
0.330292797423138,0.980564649181398
0.352210495008008,0.962087453172779
0.351271365198582,0.954081489625882
0.562745375998253,0.703683309975141
0.546520556886882,0.705418534479909
0.571801035087304,0.686151534512502
0.562495859974928,0.670427992072044
0.532422490857526,0.689310381668504
0.541681047252608,0.669956135701467
0.387558734125165,0.703120343535298
0.395673697924721,0.725095576337101
0.402116442504567,0.727413587957015
0.448384734067536,0.701029800098179
0.466517044646871,0.71785964521951
0.424337154751214,0.719089678780948
0.428927386527482,0.706438162431874
0.439488499627296,0.738404181957776
0.454430320501204,0.738028560511515
0.392331184072871,0.665044369816805
0.399011259837781,0.650129567556909
0.403872432688482,0.684148819623033
0.414034458387341,0.685573824004524
0.477578410951653,0.715780561638221
0.514140693158446,0.692265407090789
0.567254703147929,0.737917160704884
0.550414435401313,0.740313174084725
0.57936364986712,0.751736832775624
0.572567158514177,0.770807530158766
0.549179469844537,0.796096665817937
0.5357545779672,0.800860851679756
0.554480026798765,0.774553299828014
0.542878477129308,0.762723516738601
0.486206939626307,0.757867865516339
0.522928711193108,0.764853173038776
0.516783636144374,0.789200405067718
0.503135476889012,0.794398855013066
0.490123330500047,0.788485849822355
0.163153968946779,0.609907653756855
0.178632350612654,0.603509574834808
0.17100337093905,0.641139156928778
0.159314944191853,0.631572390738444
0.20835464516009,1.00000000008695
0.296069070870628,0.917162562810678
0.317823891272772,0.907305921006991
0.31925723104064,0.88843725602606
0.279228548945914,0.903995978523812
0.805409213300848,0.979057565724992
0.822416872247878,0.967792442205136
0.840721171307568,0.979925171919705
0.764639063553137,0.83483152789285
0.760545108028705,0.852893461272017
0.797182073153549,0.838761509459953
0.790482046725282,0.830899172812936
0.792422793250778,0.860008975690695
0.778424304280918,0.866591082045026
0.712561513468505,0.857028304587082
0.728857885559073,0.849208551089729
0.745486007468866,0.859427007572066
0.711670366152102,0.878722216942813
0.726875942620792,0.888204900353797
0.742891019740818,0.881216599544403
0.534573461270279,0.89055127142389
0.552107037628497,0.905216694622628
0.514246850825223,0.899177426423842
0.51705151056117,0.927531336854149
0.539195973732377,0.929694388289285
0.659869212115372,0.886907717704858
0.658276109153141,0.902534699563334
0.67169145355895,0.914509193231012
0.692664719931373,0.90694225541338
0.694139738017935,0.886688895766002
0.679047971494881,0.876433669947038
0.46381992585208,0.87655506041023
0.446490334500882,0.894070882082329
0.454614886797131,0.914595307997984
0.487505830979688,0.896324458399617
0.479349098986382,0.913783573207804
0.641900844878405,0.633713143985768
0.6376284326667,0.616346479310452
0.67156060932205,0.631582678885144
0.663854478064131,0.638146673300712
0.667465912151153,0.60712029665331
0.654155986446609,0.601208274166661
0.565321956979445,0.558210244972996
0.579837853562499,0.535279986667126
0.576071613043243,0.527936495947643
0.543722527122548,0.551334375745794
0.540444474569402,0.528542654182014
0.547092835908221,0.522376159542118
0.595169367550383,0.0840381622035945
0.589642943901451,0.0636919095030339
0.607807820211035,0.0505696439030658
0.619451599518891,0.0864844282513908
0.626545250686692,0.0635965702795639
0.779745798646539,0.279140092130311
0.762737812871296,0.287362979837266
0.783253882242285,0.259073207942621
0.745316842492092,0.267323161393075
0.763559407248885,0.245328610895627
0.752822581984096,0.24905422358362
0.43011217455502,0.209192648301211
0.40558958949777,0.20459133462814
0.432170294461487,0.178337599103055
0.439947262704303,0.192391657657804
0.402305500825186,0.183452800877567
0.40776271679062,0.177566759582205
0.326106537766441,0.14201659831666
0.325091291174704,0.173018498214014
0.316992155993724,0.162390636901768
0.557914491245805,0.160542540838995
0.581620395572792,0.158315307930861
0.587441288265787,0.150402156235599
0.579002415296658,0.127537808187738
0.557817551695198,0.125692938908869
0.548143091129915,0.137753508520334
0.539608238681799,0.310829387397233
0.545555915945405,0.295674992091119
0.532893459545849,0.279168717887816
0.51974067119633,0.315333604246607
0.506582840491494,0.300555629488673
0.511613623128319,0.284681891881677
0.536909055875465,0.266137994413664
0.532759454142898,0.231310528248033
0.522965783267185,0.248457373280258
0.556971257834417,0.235070551697284
0.55761793961502,0.258731716951016
0.623487277432554,0.406028608993718
0.612245008515965,0.401836822446988
0.64249154559939,0.396227580876085
0.64073861953547,0.374069660602604
0.576829079856306,0.465095044875699
0.570350059831218,0.46937424241243
0.598005478552424,0.473536679364063
0.567490547023986,0.493544061351403
0.59832141523225,0.499915219792319
0.582913792294206,0.50507202770004
0.435521371484192,0.664855550204574
0.45540780761624,0.678597802411469
0.489707184882306,0.723993583412733
0.489686501085435,0.754982535420705
0.514245157471968,0.755507890052116
0.522635777124191,0.72863402791572
0.510648834528274,0.719099572851624
0.208166815320736,0.609453770104726
0.193461081330173,0.613634977963555
0.222749137585698,0.620478653930882
0.219482725879313,0.643679432969269
0.199255187915901,0.647156899826553
0.18845570800158,0.637985274799468
0.265571050050143,0.871870365891204
0.281339338229739,0.885257270626255
0.300315959818791,0.876992285331762
0.302344780303355,0.852828759388059
0.275238220973043,0.846683907377087
0.28859094405256,0.844021986440732
0.346200294802664,0.172737783817342
0.381157986197884,0.180706179929714
0.368021811320998,0.195463436371982
0.355707586376268,0.193366231020237
0.621020746885378,0.353926760556536
0.622912001580535,0.364248444674413
0.606055057565812,0.380934377233023
0.593938223539019,0.341705197552901
0.580618609984307,0.361986809983296
0.587632278239563,0.376277395343757
0.464438898811073,0.599037398632262
0.482678172029827,0.605212219802066
0.420998955586645,0.644149115972487
0.433606662383339,0.652231326535609
0.455611307512534,0.636487779065801
0.447798764495614,0.612171416068541
0.432299620634854,0.608274955325054
0.419813832572557,0.617106093562399
0.467773380209128,0.675065968335802
0.484916335165294,0.690576819755169
0.505190369386615,0.685570052059854
0.356970621284016,0.156907684553217
0.355880712582815,0.127266205056323
0.349323648288062,0.14189171455257
0.373959860234729,0.159652848605325
0.388164000765721,0.146926048164809
0.376741843688085,0.122252404374966
0.385619540947816,0.12806819064815
0.470089193824962,0.640911938878571
0.476448465925677,0.655688904347671
0.487462049857944,0.622306766129851
0.507072016074174,0.628967971412899
0.511142491608323,0.65268873751835
0.505183135991264,0.658546099457972
