1007,1682,1680,1685,1684,1009
1819,1830,1831,1825,1824,1821,1820
270,268,84,83,285,286
1917,1965,1968,513,511
513,1968,1967,1037,1782,1781,512
1252,1251,1856,1580,1253
560,561,564,563,562
7,992,990,177,47,46
63,62,12,184,185
84,86,85,306,304,83
1335,1615,1612,1881,1876,1336
116,115,114,340,740,739
944,476,1024,1673,1672
246,252,594,593,587,586
149,148,147,783,150
883,1316,1315,1311,1310
646,645,1153,1152,640,642,641
522,526,1073,1070,523
1249,1250,1575,1579,1248
1764,1937,1936,1122,1347,1479
200,201,56,36,4
1166,1167,1162,1164,1165,1163
222,1047,1044,1040,1042
793,794,796,795,799,800
1545,1803,1802,393,390,391
983,985,979,500,501,502
577,576,578,579,580,575
1262,1255,1256,1254,1257,1263
1578,1577,424,794,793,807
1859,1862,1861,1863,1864,1860
139,138,137,140,866,867,444
1712,1715,1721,1912,1915
1691,1405,1408,1406,1404,1690
1788,1483,1765,1766,1482,1490,1789
1357,1358,1671,1901,1900,1668
1140,1779,1780,1522,1139,1138
1313,1597,1599,1269,168
542,541,623,625,543,544
1458,714,715,355,354,1227
1209,1649,1648,1212,1211,1210
1873,1871,1872,1875,1874
1526,1469,1470,1483,1788,1787
1323,1322,171,169,1318
927,926,963,962,470,921
830,827,826,828,829,831
850,848,1300,1301,1296,849
1631,1630,1645,1644,1815,1816
935,933,489,214,215,934
27,128,369,370,126,122
620,621,622,617,618,619
1537,1540,1539,1541,1542,1538
1795,1527,1526,1787,1786,1794
887,445,444,867,871,888
1847,1848,1954,1958,1849,1850
1799,1798,1546,1804,1803,1545
524,223,530,531,1084,1083
719,720,1169,1168,652,364
466,467,185,915,916,465
1512,1773,1897,1896,1647,1511
1867,1860,1864,1264,1265,1870
1673,1024,1025,1026,1023,1670
216,215,214,492,955,954
663,672,673,98,316,664
580,579,327,329,71,242
1123,1503,1507,1486,1488
1599,1601,821,1270,1269
1394,1393,1392,1395,1396,1391
523,1070,1071,550,553
595,596,72,376,377,250
1714,1360,1359,1720,1721,1715
1427,1017,1014,1015,1016,1424
1161,1933,1931,1927,1930,1160
443,442,860,861,1627,1628
1565,1566,1567,1953,1954,1848
436,1314,1313,168,859
457,456,1339,1340,894,450
1227,354,384,1228
1708,1709,1710,1711,1707,1706
1374,1373,209,488,491
22,105,106,320,319,96
612,611,609,610,1109,1460,1459
1069,521,518,1059,1058,1068
889,888,871,870,442,443,453
624,1466,1465,262,263,75
844,842,161,35,431
553,550,551,549,552
666,663,664,1181,1180,665
499,939,938,967,982,980
413,410,411,408,409,414
878,877,1307,1308,447
52,189,466,465,186,50
1499,1493,1494,1491,1492,1497
1669,1899,1902,942,1739,1737
347,346,111,108,109,110
1885,882,1873,1874,1334,1547,1886
229,566,1449,1450,1095,1046
245,247,589,588,359,718,717
1169,1170,1173,1172,1171,1168
1630,1635,1632,1343,1640,1645
1378,937,936,935,934,1375
1325,506,993,992,7,1891,1892
1012,1013,509,510,1031,1030
1891,7,46,1320,1889
777,778,781,782,780,779
970,969,968,972,971,1651,1652
1747,1745,1924,1919,1744,1746
289,294,297,296,89,88
1285,1286,844,431,845,847
1464,1113,629,628,271,273,1463
1331,1326,872,880,881,1328
1021,50,186,1017,1427,1428
615,616,270,286,283,279,278
802,801,804,803,806,805
1996,1210,1211,1561,1563,1997
402,405,404,403,407,406
1552,1551,1548,1550,1549,1553
196,194,830,831,430,158
1392,956,958,210,485,1395
1814,1813,1203,1834,1835,1564
1043,1045,1085,1086,530,223
653,654,1982,1977,1829
283,286,285,284,288,287
102,99,1963,1959,1200,675
100,101,102,675,676,325
21,562,563,19,20
1387,213,957,956,1392,1393
1804,1806,1805,1802,1803
1000,943,1358,1357,1001
291,292,295,294,289,290
206,205,34,839,837
845,431,35,435,1295,1294
828,826,160,833,835
1386,1385,1382,1381,1383,1384
46,47,180,181,1321,1320
85,511,513,512,305,306
1117,1355,1354,1923,1924,1745
1053,754,755,387,749,1057
1426,1424,1016,1006,509,1013
1413,1416,1418,1414,1415,1412
1453,1104,573,572,571,1452
687,689,690,688,691,692
1067,1068,1058,1062,519
1903,1670,1023,1385,1386,942,1902
1322,1321,181,182,170,171
949,950,953,952,947,948
249,248,246,586,589,247
541,527,277,626,627,623
1155,1150,1146,1151,1531,1532
1543,1611,1608,1797,1796,1544
89,296,1520,1518,1133,1130
664,316,317,667,1182,1181
509,1006,1008,1028,1029,510
598,602,604,599,610,609
1431,1432,1433,1695,1694,1430
1509,1511,1647,1649,1209,703
746,344,343,323,741
1570,1572,1809,1808,1235,1234
8,1,160,826,827
924,918,1583,1584,963,926
1519,1135,1136,1137,1515
1751,988,1480,1969,1972,1754
1356,1353,1667,1666,1354,1355
152,145,775,1250,1249,155
958,959,495,211,212,210
344,345,1213,1215,705,343
165,840,1288,1287,432,164
1002,1000,1001,1420,1421
1957,1956,729,723,724,725
627,626,1116,1461,1467
1404,1406,1699,1698,1411,1410
1941,1940,1942,1944,1945,1943
1212,455,896,1560,1561,1211
767,399,147,148,771
1894,1350,1660,1665,1646,1893
1092,751,1436,1435,1090
106,104,315,660,662,320
1081,1082,1078,1077,1074,1076,1075
321,661,658,578,576
1317,1324,1323,1318,1319,1639,1637
1663,1349,507,506,1325,1662
1144,1145,1141,1530,1529,1142,1143
1436,1437,1434,1725,1727,1435
1185,1184,391,390,131
30,29,143,142,31,33,32
1038,1911,1910,1719,1035,1036
186,465,916,917,1014,1017
285,83,304,303,90,284
1311,1315,1604,1605,857,1312
925,927,921,922,920
736,735,739,740,738,737
1883,1882,1885,1886,1884
530,1086,1443,1442,532,531
594,592,597,596,595,593
353,352,117,119,26
351,125,121,123,117,352
1634,1633,1888,1887,1632,1635
1034,1033,648,644,647
1936,1938,633,969,970,1122
775,773,774,1574,1575,1250
1260,1261,1262,1263,1258,1259
484,203,205,206,204,202,483
1696,1905,1904,59,217,498
1396,1395,485,484,483,486
1697,1696,498,986,1403
280,279,283,287,1114,1115
1429,1428,1427,1424,1426,1425
1010,1425,1426,1013,1012,1011
1707,1711,1417,1418,1416
1018,51,52,50,1021,1022
1852,1853,1559,1807,1809,1572
1678,1117,1745,1747,1118,1674
1014,917,1368,1683,1682,1007,1015
1833,1817,1814,1564,1951,1952
851,852,433,162,136,395,394
73,543,625,624,75,74
159,158,430,823,825,469
474,49,188,189,52,51
273,271,272,292,291,274
895,894,1340,1338,891,892,893
1495,1498,1499,1497,1496
1730,1727,1725,1724,1726,1731
1839,1838,876,874,875,873
855,434,163,162,433
1528,1790,1791,1498,1495,643
1897,1898,1895,1894,1893,1896
590,591,368,367,366,365
1567,1231,1229,727,1955,1953
709,1850,1849,711,1217,1216
1042,1040,1039,1041
693,695,694,696,697,698,699
1063,1061,1048,1049,1050,1052,1051
301,1144,1143,636,298
1084,531,532,529,1078,1082
1370,1274,832,209,1373
1352,1002,1421,1422,907
1797,1608,1883,1884,1546,1798
361,362,722,1233,1232,360
1517,1516,1123,1488,1768,1772
1768,1488,1486,1485,1484,1487,1767
955,492,493,494,495,959
1531,1151,1527,1795,1792
1305,856,436,859,437
20,19,248,249,585
1835,1834,1836,1837,1840,1841
45,30,32,137,138
1338,1337,1342,1613,1614,891
1931,1935,1757,1756,1926,1927
59,473,1379,1380,939,499,217
136,162,163,28,398
266,1112,1918,1917,511,85,86
156,155,1249,1248,808,154
515,516,1110,1112,266,267
68,237,236,69
1225,1222,103,105,22,97
750,613,1734,1736,1111,748
1962,1555,1556,1554,1854,1961
1455,1452,571,234,235,233
732,731,360,1232,1231,1567,1566
1530,1534,1793,1790,1528,1529
1709,946,945,950,949,1710
1319,1318,169,885,886,900
1408,1407,1909,1907,1699,1406
911,912,914,913,910,909
790,791,792,820,816,789
1267,1268,1266,817
404,396,769,768,403
1802,1805,1333,446,393
55,11,1281,1282,841,57
1460,1109,1108,1713,1992,1991
1942,1348,1650,1657,1658,1944
1951,1564,1835,1841,1843,1950
1247,776,1298,1297,1236,1237,1242
1960,1961,1854,1853,1852,1855
1619,1620,890,1341,1342,1337
1664,1661,1633,1634,896,455
1474,1471,1472,1705,1704,1473
628,630,620,619,272,271
324,1553,1549,1197,1556,1555
263,262,261,260,259,258
1448,1090,1435,1727,1730,1729
1963,1964,1962,1961,1960,1959
1520,1521,1519,1515,1516,1517,1518
1744,1919,1920,1740,1468
10,53,1,8,9
383,353,26,745,744,385
503,984,983,502,973,974
954,955,959,958,956,957
1389,1394,1391,951,952,953
368,250,377,378,372,371,367
214,489,490,487,493,492
1503,1504,1505,1506,1508,1507
193,192,478,477
1363,923,924,926,927,925,1364
1139,1522,1524,638,637
897,1622,1618,1339,456
174,164,432,848,850,461
381,380,239,240,379
317,96,319,322,669,667
1195,1188,1189,1610,1611,1543,1194
1728,1731,1726,1439,1440,1438
744,745,746,741,742,743
860,863,862,864,865,861
682,681,313,112,337,336,331
44,43,172,459,458,144,37
753,129,388,1064,1066
1005,1011,1012,1030,1433,1432
1376,1375,934,215,216,941
178,39,41,29,30,45,179
1052,1050,616,615,614
606,264,598,609,611
1810,1811,1185,131,392
269,267,266,86,84,268
1235,1808,1810,392,765
117,123,124,118,120,119
1718,1717,1158,1156,1032
1508,1506,1501,1502,1514,1513,1500
240,239,670,672,663,666
1760,1693,1692,1471,1474,1758
1450,1733,1732,1096,1095
734,733,731,732,730
1433,1030,1031,1405,1691,1695
1926,1756,1753,1755,1749,1925
69,236,67,17,16
632,631,630,628,629
1796,1797,1798,1799,1800,1801
255,74,75,263,258,256
231,15,1091,1093,230
1147,1148,1149,1150,1155,1154
1987,1991,1992,1990,1989,1986,1988
1856,1857,1858,1581,1580
1494,1489,1776,1777,1774,1491
1398,496,6,5,42,1397
1158,1159,1161,1160,1157,1156
574,1451,1454,1456,18
228,567,566,229,221
661,662,660,657,659,658
636,1143,1142,1135,1519,1521
1880,1868,1869,811,858,1879
378,736,737,733,734,372
1200,1959,1960,1855,1571,1201,1202
1969,1480,1701,1700,1481,1939,1970
275,274,291,290,82,81
652,1168,1171,1174,1176,651
1101,1100,1099,1098,1097,1102
1992,1713,1714,1715,1712,1990
64,196,158,159,13
1388,1387,1393,1394,1389,1390
655,649,309,1981,1982,654
1878,1879,858,1600,1598,1603
1114,287,288,632,629,1113
1283,1279,836,843,1290,1289
1339,1618,1619,1337,1338,1340
1467,1461,1464,1463,1462,1465,1466
1733,1729,1730,1731,1728,1732
1490,1482,1478,1940,1941,1776,1489
761,762,756,755,754
705,1215,1223,1226,704
1726,1724,1069,1068,1067,1439
1040,1044,1043,223,524,525,1039
902,904,220,218,504,505
40,37,144,143,29,41
982,967,1388,1390,966,981
1229,1230,719,364,363,726,727
1577,1576,815,425,424
1644,1645,1640,1641,1642,1643
14,226,560,562,21
1173,1769,1767,1487,650,1172
1932,1934,1935,1931,1933
1643,1642,1636,1344,1346,1345
1533,1532,1531,1792,1793,1534
191,61,63,185,467
1076,1074,542,544,548
490,491,488,207,487
48,193,477,61,191,190
1965,1986,1989,1966,1967,1968
893,892,1335,1336,1316,883,884
94,95,311,678,679,330
318,577,575,573,1104,1103
1157,1160,1930,1929,1149,1148
416,154,808,809,801,802,417
1008,1009,1684,1686,1027,1028
816,820,819,1267,817,818
295,293,300,301,298,297,294
1037,1038,1036,1783,1782
319,320,662,661,321,322
272,619,618,293,295,292
1778,1943,1945,1895,1898
1843,1841,1840,1838,1839,1844
578,658,659,326,327,579
556,555,254,257,253
610,599,463,464,1108,1109
471,472,1377,1379,473
315,692,691,314,657,660
1806,1547,1334,1332,1333,1805
369,373,374,1219,1220,370
803,804,800,799,797,798
991,219,175,176,177,990
1333,1332,878,447,446
338,701,1192,1193,339
1722,1119,1167,1166,1716,1723
36,56,57,841,840,165,166
1300,1299,1302,1303,1304,1301
1609,1328,881,882,1885,1882
1976,703,1209,1210,1996,1995
427,788,786,428,429
1924,1923,1922,1921,1920,1919
1909,1908,1906,1904,1905,1907
1651,971,508,903,1653
1361,1362,1676,1675,1359,1360
539,614,615,278,281,536
1920,1921,1743,1741,1742,1740
710,725,724,346,347,712
623,627,1467,1466,624,625
412,414,409,773,775,145
366,367,371,373,369,128
1476,1430,1694,1693,1760,1761
1831,1946,1947,1822,1825
1900,1901,1903,1902,1899
219,964,1399,1400,38,175
766,1234,1235,765,1568
227,225,554,557,561,560,226
167,166,165,164,174,173
1199,1544,1796,1801,1557,1558
1692,1690,1404,1410,1472,1471
1575,1574,1573,1576,1577,1578,1579
1048,515,267,269,1049
146,150,783,784,151
1377,1378,1375,1376,1380,1379
1861,156,154,416,1863
891,1614,1615,1335,892
1162,1746,1744,1468,1121,1164
1800,1799,1545,391,1184
1688,1689,468,472,471,187
1840,1837,457,450,876,1838
862,440,153,438,864
1278,837,839,838,836,1279
1265,1264,418,1255,1262,1261
1366,928,929,931,930,1367
1676,1677,1678,1674,1675
1248,1579,1578,807,809,808
265,601,602,598,264
111,107,685,689,687,108
1329,1330,1331,1328,1609,1607
221,229,1046,1047,222
497,948,947,200,4,6,496
1462,1463,273,274,275,276
1342,1341,1629,1624,1617,1613
1906,187,471,473,59,1904
1614,1613,1617,1616,1612,1615
1003,1384,1383,1010,1011,1005,1004
676,675,1200,1202,677
1546,1884,1886,1547,1806,1804
1583,1592,1590,1586,1585,1584
130,760,761,754,1053,1054,517
733,737,738,361,360,731
763,759,757,756,762
865,864,438,1862,1859,1582
1854,1554,1198,1199,1558,1559,1853
1818,1816,1815,1813,1814,1817
528,537,536,281,282,277,527
356,357,27,122,121,125
1809,1807,1812,1811,1810,1808
244,132,133,135,134,581,582
432,1287,1284,1299,1300,848
813,772,771,148,149,814
1105,1538,1542,1451,574
1665,1660,1663,1662,1661,1664
1089,231,230,1088
1035,1719,1718,1032,1033,1034
1493,1785,1789,1490,1489,1494
966,1390,1389,953,950,945
1316,1336,1876,1877,1604,1315
1054,1053,1057,1056,1055
940,941,216,954,957,213
1016,1015,1007,1009,1008,1006
1934,1120,1475,1763,1762,1757,1935
411,1241,1240,397,405,402,408
1780,1784,1523,1525,1524,1522
305,512,1781,1779,1140
1922,1737,1739,1738,1743,1921
1083,1084,1082,1081,1079,1080
1548,1190,1186,1188,1195,1550
1465,1462,276,77,261,262
31,142,141,776,1247,1246
858,811,1260,1259,1602,1600
975,976,994,995,972,968
1284,1285,847,846,1302,1299
1257,1254,810,1857,1856,1251
1536,1750,1748,1470,1469
386,385,744,743,382
546,1075,1076,548,547,545
881,880,879,1871,1873,882
932,1372,1369,933,935,936
939,1380,1376,941,940,938
795,796,421,422,423,792,791
204,206,837,1278,1280
1967,1966,1914,1911,1038,1037
759,389,758,757
1683,1681,1679,1680,1682
277,282,280,1115,1116,626
415,785,1268,1267,819
407,403,768,772,813,812
23,1828,1830,1819,24,25
1549,1550,1195,1194,1196,1197
973,502,501,996,994,976
169,171,170,445,887,885
1711,1710,949,948,497,1417
451,895,893,884,452
251,253,257,592,594,252
879,449,448,1309,1593,1872,1871
1087,1088,230,1093,1094,568
821,822,1252,1253,1270
1472,1410,1411,1409,1703,1705
1671,1672,1673,1670,1903,1901
1058,1059,1060,1061,1063,1062
999,1706,1707,1416,1413,997,998
1876,1881,1880,1879,1878,1877
91,1138,1139,637,622,621
1180,1181,1182,1540,1537,1183
1681,1367,930,923,1363,1679
868,777,779,439,869
1163,1165,1932,1933,1161,1159
1020,1022,1021,1428,1429,1381,1382
1864,1863,416,417,418,1264
678,311,310,312,313,681
787,790,789,786,788
1307,1306,1305,437,1308
721,1127,1128,1170,1169,720
1201,1571,1569,135,133
201,482,481,55,57,56
1196,1194,1543,1544,1199,1198
752,753,1066,1437,1436,751
1588,1589,1587,1590,1592,1591
1622,1623,1621,1620,1619,1618
212,211,2,3,58
276,275,81,79,77
459,461,850,849,460,458
914,907,1422,1423,908,913
1974,1971,1937,1764,1766,1765
565,1087,568,567,228
1998,1997,1563,1818,1817,1833,1985
1658,1657,1656,1654,1655,1659
905,462,1356,1355,1117,1678,1677
561,557,556,253,251,564
1791,1794,1786,1785,1493,1499,1498
26,119,120,345,344,746,745
1687,1364,925,920,468,1689
1667,1668,1900,1899,1669,1666
971,972,995,999,998,508
1344,1636,1638,899,1621,1623
1661,1662,1325,1892,1888,1633
157,146,151,422,421
1074,1077,528,527,541,542
1716,1166,1163,1159,1158,1717
468,920,922,937,1378,1377,472
1327,1846,1845,1326,1331,1330
867,866,868,869,870,871
241,242,71,243,1099,1100
901,900,886,889,453,454
1304,1303,853,1238,1236,1297
259,260,76,375,376,72
309,308,342,1975,1980,1981
67,232,569,570,17
583,582,581,1851,584
1704,1705,1703,1702,1700,1701
930,931,919,918,924,923
297,298,636,1521,1520,296
716,717,718,713,715,714
66,65,198,196,64
1611,1610,1607,1609,1882,1883,1608
424,425,157,421,796,794
1126,1132,1134,1771,1770,1129
1031,510,1029,1407,1408,1405
379,240,666,665,238
1984,1985,1833,1952,1948,1832
1131,1130,1133,1134,1132
1916,1988,1986,1965,1917,1918
768,769,770,767,771,772
1869,1870,1265,1261,1260,811
1734,1735,1987,1988,1916,1736
857,1605,1606,1314,436,856
601,600,603,604,602
1766,1764,1479,1478,1482
480,199,54,195,197
1475,1477,1476,1761,1763
1221,712,347,110,103,1222
781,1243,1244,410,413,782
1699,1907,1905,1696,1697,1698
547,548,544,543,73,559,558
1434,1065,520,521,1069,1724,1725
756,757,758,605,607,387,755
1821,1824,1826,702,700
1928,1925,1749,1750,1536,1535
362,341,1124,1127,721,722
1256,805,806,420,810,1254
137,32,33,401,400,140
340,114,634,1125,1124,341
896,1634,1635,1630,1631,1560
1213,1214,1216,1217,1224,1223,1215
1694,1695,1691,1690,1692,1693
334,339,1193,1551,1552,335
1656,1653,903,904,902,1654
82,290,289,88,87,78
1638,1639,1319,900,901,899
650,1487,1484,649,655,656
1783,1036,1035,1034,647,1523,1784
520,517,1054,1055,518,521
993,989,991,990,992
1245,1246,1247,1242,1244,1243
1288,1289,1290,1286,1285,1284,1287
1513,1514,1512,1511,1509,1510
376,375,735,736,378,377
1753,1752,1751,1754,1755
261,77,79,80,76,260
701,1820,1821,700,1191,1192
1858,426,427,429,1581
1033,1032,1156,1157,1148,1147,648
1573,812,813,814,815,1576
1735,1459,1460,1991,1987
475,474,51,1018,1019
1776,1941,1943,1778,1777
358,365,366,128,27,357
1910,1913,1723,1716,1717,1718,1719
919,824,1591,1592,1583,918
323,343,705,704,674,671
639,642,640,1141,1145
738,740,340,341,362,361
349,350,332,686,685,107
1175,656,655,654,653,1177
841,1282,1283,1289,1288,840
1842,1949,1950,1843,1844,1845,1846
400,401,1245,1243,781,778
622,637,638,302,93,617
1189,1187,1329,1607,1610
854,1291,1293,855,433,852
1220,1219,1565,1848,1847,1218
567,568,1094,1447,1449,566
1617,1624,1626,1866,1865,1616
825,823,1588,1591,824
1539,668,318,1103,1541
988,1473,1704,1701,1480
256,258,259,72,596,597
1629,1628,1627,1625,1626,1624
1738,1003,1004,1741,1743
354,355,351,352,353,383,384
418,417,802,805,1256,1255
1295,435,434,855,1293
604,603,911,909,463,599
24,1819,1820,701,338,113
1073,1080,1079,1072,1071,1070
729,728,348,350,349,723
1973,1972,1969,1970,1971,1974
1350,1659,1655,1349,1663,1660
1050,1049,269,268,270,616
1604,1877,1878,1603,1606,1605
554,558,559,555,556,557
430,831,829,1589,1588,823
1093,1091,1092,1090,1448,1447,1094
1176,1174,1175,1177,1178,1179
1606,1603,1598,1597,1313,1314
1149,1929,1928,1535,1146,1150
1948,1952,1951,1950,1949
1524,1525,646,641,302,638
916,915,1365,1368,917
1124,1125,1126,1129,1128,1127
1939,1481,978,977,633,1938
786,789,816,818,428
631,92,91,621,620,630
42,5,167,173,172,43
1401,1397,42,43,44
707,1218,1847,1850,709,708
371,372,734,730,374,373
644,648,1147,1154,1153,645
1381,1429,1425,1010,1383
1621,899,901,454,890,1620
1025,1019,1018,1022,1020,1026
1106,1183,1537,1538,1105
254,255,256,597,592,257
1626,1625,1582,1859,1860,1867,1866
810,420,419,426,1858,1857
501,500,946,1709,1708,996
195,54,9,8,827,830,194
774,406,407,812,1573,1574
1955,727,726,728,729,1956
1502,1775,1773,1512,1514
1415,1414,1398,1397,1401,1400,1399
1930,1927,1926,1925,1928,1929
1836,898,897,456,457,1837
1750,1749,1755,1754,1972,1973,1748
1865,1866,1867,1870,1869,1868
224,545,547,558,554,225
1207,1562,1842,1846,1327,1208
691,688,333,101,100,314
605,606,611,612,608,607
1786,1787,1788,1789,1785
1602,1259,1258,822,821,1601
1142,1529,1528,643,1136,1135
1151,1146,1535,1536,1469,1526,1527
706,708,709,1216,1214
327,326,325,676,677,328,329
336,337,334,335,694,695
307,1500,1513,1510,342,308
685,686,683,684,690,689
683,331,336,695,693,684
951,1391,1396,486,481,482
448,452,884,883,1310,1309
202,204,1280,1281,11
1595,1596,1312,857,856,1305,1306
690,684,693,699,333,688
1732,1728,1438,1085,1045,1096
1165,1164,1121,1120,1934,1932
1108,464,1361,1360,1714,1713
504,218,965,964,219,991,989
188,190,191,467,466,189
1516,1515,1137,1504,1503,1123
1594,1595,1306,1307,877
724,723,349,107,111,346
815,814,149,150,146,157,425
1492,1491,1774,1775,1502,1501
288,284,90,92,631,632
519,1062,1063,1051,534,533
792,423,415,819,820
890,454,453,443,1628,1629,1341
1598,1600,1602,1601,1599,1597
1888,1892,1891,1889,1890,1887
1684,1685,1687,1689,1688,1686
1763,1761,1760,1758,1759,1762
908,1423,1419,1353,1356,462
60,66,64,13,12,62
1523,647,644,645,646,1525
1060,514,516,515,1048,1061
679,678,681,682,680
801,809,807,793,800,804
1402,1403,986,987,985,983,984
915,185,184,928,1366,1365
1193,1192,1191,1190,1548,1551
1650,1652,1651,1653,1656,1657
742,741,323,671,670,239,380
1239,851,394,397,1240
1793,1792,1795,1794,1791,1790
1994,1998,1985,1984,1983
175,38,40,41,39,176
1770,1771,1772,1768,1767,1769
1740,1742,1431,1430,1476,1477
1128,1129,1770,1769,1173,1170
112,113,338,339,334,337
633,977,975,968,969
1824,1825,1822,1823,1827,1826
1223,1224,1221,1222,1225,1226
581,134,766,1568,1851
493,487,207,208,494
1703,1409,1402,984,503,1702
978,974,973,976,975,977
389,265,264,606,605,758
1228,384,383,385,386
1647,1896,1893,1646,1648,1649
552,549,227,226,14
79,81,82,78,115,116,80
76,80,116,739,735,375
1153,1154,1155,1532,1533,1152
1027,1686,1688,187,1906,1908
942,1386,1384,1003,1738,1739
1057,749,750,748,747,1056
135,1569,1570,1234,766,134
589,586,587,591,590,588
103,110,109,104,106,105
1411,1698,1697,1403,1402,1409
15,752,751,1092,1091
1302,846,1292,1291,854,853,1303
640,1152,1533,1534,1530,1141
120,118,706,1214,1213,345
875,874,451,452,448,449
1365,1366,1367,1681,1683,1368
1171,1172,650,656,1175,1174
1400,1401,44,37,40,38
220,997,1413,1412,965,218
1478,1479,1347,1348,1942,1940
1557,1801,1800,1184,1185,1811,1812
1914,1915,1912,1913,1910,1911
1484,1485,307,308,309,649
1982,1981,1980,1979,1978,1977
129,764,760,130,388
1993,1995,1996,1997,1998,1994
1542,1541,1103,1104,1453,1454,1451
1470,1748,1973,1974,1765,1483
563,564,251,252,246,248,19
184,12,13,159,469,929,928
172,173,174,461,459
1556,1197,1196,1198,1554
1272,1271,832,1274,1273
829,828,835,1275,1587,1589
1277,834,1271,1272,1276
1217,711,710,712,1221,1224
238,665,1180,1183,1106
726,363,94,330,348,728
1133,1518,1517,1772,1771,1134
1116,1115,1114,1113,1464,1461
177,176,39,178,180,47
1232,1233,1230,1229,1231
1978,1979,1993,1994,1983,1947,1946
518,1055,1056,747,514,1060,1059
310,1179,1178,23,25,312
1237,1236,1238,1239,1240,1241
18,1456,1455,233,237,68
668,669,322,321,576,577,318
1989,1990,1712,1915,1914,1966
806,803,798,419,420
534,1051,1052,614,539,540
470,962,960,1371,1372,932
199,10,9,54
302,641,642,639,299,93
1372,1371,1370,1373,1374,1369
121,122,126,127,124,123
500,979,981,966,945,946
1121,1468,1740,1477,1475,1120
1971,1970,1939,1938,1936,1937
1119,1118,1747,1746,1162,1167
657,314,100,325,326,659
1085,1438,1440,1445,1443,1086
1640,1343,1317,1637,1641
780,782,413,414,412,441
476,475,1019,1025,1024
1359,1675,1674,1118,1119,1722,1720
479,480,197,198,65
876,450,894,895,451,874
1064,388,130,517,520,1065
1890,1889,1320,1321,1322,1323,1324
634,635,1131,1132,1126,1125
1627,861,865,1582,1625
495,494,208,2,211
764,763,762,761,760
922,921,470,932,936,937
885,887,888,889,886
588,590,365,358,359
328,677,1202,1201,133,132
397,394,395,396,404,405
906,905,1677,1676,1362
419,798,797,787,788,427,426
439,779,780,441,440,862,863
1446,1089,1088,1087,565
866,140,400,778,777,868
903,508,998,997,220,904
61,477,478,60,62,63
1354,1666,1669,1737,1922,1923
1023,1026,1020,1382,1385
124,127,707,708,706,118
281,278,279,280,282
1047,1046,1095,1096,1045,1043,1044
1507,1508,1500,307,1485,1486
1559,1558,1557,1812,1807
364,652,651,95,94,363
1947,1983,1984,1832,1823,1822
538,540,539,536,537,535
963,1584,1585,961,960,962
198,197,195,194,196
1561,1560,1631,1816,1818,1563
585,249,247,245,1107
486,483,202,11,55,481
1612,1616,1865,1868,1880,1881
569,1102,1097,70,570
770,398,28,399,767
90,303,1140,1138,91,92
33,31,1246,1245,401
1823,1832,1948,1949,1842,1562,1827
1646,1665,1664,455,1212,1648
1205,1208,1327,1330,1329,1187
1872,1593,1596,1595,1594,1875
1849,1958,1957,725,710,711
943,944,1672,1671,1358
1443,1445,1444,1441,1442
600,1351,912,911,603
1334,1874,1875,1594,877,878,1332
1505,1496,1497,1492,1501,1506
440,441,412,145,152,153
203,58,3,34,205
1281,1280,1278,1279,1283,1282
994,996,1708,1706,999,995
71,329,328,132,244,243
1454,1453,1452,1455,1456
1954,1953,1955,1956,1957,1958
1757,1762,1759,1752,1753,1756
1759,1758,1474,1473,988,1751,1752
1781,1782,1783,1784,1780,1779
1642,1641,1637,1639,1638,1636
409,408,402,406,774,773
333,699,698,99,102,101
694,335,1552,1553,324,696
529,535,537,528,1077,1078
1845,1844,1839,873,872,1326
144,458,460,141,142,143
304,306,305,1140,303
985,987,980,982,981,979
1136,643,1495,1496,1505,1504,1137
1775,1774,1777,1778,1898,1897,1773
836,838,161,842,843
1700,1702,503,974,978,1481
933,1369,1374,491,490,489
674,704,1226,1225,97,98,673
799,795,791,790,787,797
715,713,356,125,351,355
126,370,1220,1218,707,127
1346,1344,1623,1622,897,898
299,639,1145,1144,301,300
87,88,89,1130,1131,635
1418,1417,497,496,1398,1414
1571,1855,1852,1572,1570,1569
1347,1122,970,1652,1650,1348
1980,1975,1976,1995,1993,1979
115,78,87,635,634,114
6,4,36,166,167,5
1420,1001,1357,1668,1667,1353,1419
1182,667,669,668,1539,1540
348,330,679,680,332,350
1444,533,534,540,538,1441
1422,1421,1420,1419,1423
109,108,687,692,315,104
342,1510,1509,703,1976,1975
180,178,179,183,182,181
847,845,1294,1292,846
870,869,439,863,860,442
571,572,241,1100,1101,234
853,854,852,851,1239,1238
835,833,834,1277,1275
1815,1644,1643,1345,1203,1813
485,210,212,58,203,484
95,651,1176,1179,310,311
1296,1301,1304,1297,1298
382,743,742,380,381
910,913,908,462,905,906
532,1442,1441,538,535,529
1110,1111,1736,1916,1918,1112
1097,1098,583,584,70
1945,1944,1658,1659,1350,1894,1895
1632,1887,1890,1324,1317,1343
1178,1177,653,1829,1828,23
1447,1448,1729,1733,1450,1449
525,524,1083,1080,1073,526
550,1071,1072,546,545,224,551
235,234,1101,1102,569,232
1041,1039,525,526,522
960,961,1273,1274,1370,1371
170,182,183,139,444,445
179,45,138,139,183
670,671,674,673,672
573,575,580,242,241,572
332,680,682,331,683,686
192,479,65,66,60,478
1290,843,842,844,1286
151,784,785,415,423,422
608,612,1459,1735,1734,613
1233,722,721,720,719,1230
1099,243,244,582,583,1098
1029,1028,1027,1908,1909,1407
965,1412,1415,1399,964
1440,1439,1067,519,533,1444,1445
1826,1827,1562,1207,1204,702
549,551,224,225,227
1741,1004,1005,1432,1431,1742
1258,1263,1257,1251,1252,822
1244,1242,1237,1241,411,410
438,153,152,155,156,1861,1862
1829,1977,1978,1946,1831,1830,1828
312,25,24,113,112,313
718,359,358,357,356,713
1680,1679,1363,1364,1687,1685
587,593,595,250,368,591
1457,716,714,1458
698,697,1964,1963,99
1585,1586,1276,1272,1273,961
1655,1654,902,505,507,1349
1186,1206,1205,1187,1189,1188
967,938,940,213,1387,1388
507,505,504,989,993,506
1203,1345,1346,898,1836,1834
1721,1720,1722,1723,1913,1912
1292,1294,1295,1293,1291
49,48,190,188
1107,245,717,716,1457
374,730,732,1566,1565,1219
1351,1352,907,914,912
1593,1309,1310,1311,1312,1596
697,696,324,1555,1962,1964
1204,1207,1208,1205,1206
1191,700,702,1204,1206,1186,1190
559,73,74,255,254,555
1587,1275,1277,1276,1586,1590
618,617,93,299,300,293
460,849,1296,1298,776,141
237,233,235,232,67,236
463,909,910,906,1362,1361,464
98,97,22,96,317,316
387,607,608,613,750,749
395,136,398,770,769,396
952,951,482,201,200,947
1437,1066,1064,1065,1434
872,873,875,449,879,880
514,747,748,1111,1110,516
929,469,825,824,919,931
1079,1081,1075,546,1072
498,217,499,980,987,986
