1966,1049,1048,1972,2702,2701
425,2056,2057,2022,2021,424
3771,2997,2996,2995,3770
1184,1180,1181,467,1186
1876,1875,390,392,995,996
2516,2517,908,129,127,128
566,570,569,1328,1329,567
2672,2671,2669,3324,3323,2670
951,2585,2582,958,957
596,210,621,622,1370,1369
266,558,1358,1359,577,280
1935,3223,3221,3684,3682
1385,1384,1386,2945,2943,2260
1932,1933,3319,3321,2668,1931
1909,1025,1011,1012,395,1911
2130,2827,3402,3403,2831,2131
1580,310,822,819,1584
2423,2421,2422,2424,2425
758,759,1586,1587,1581,1582
1596,3904,3902,3787,1595,1597
118,116,29,426,1115,1114
2278,2279,2935,2937,608
1662,703,702,64,65,825,1663
1784,914,915,3361,3362,1178,1785
386,387,1895,1896,1889
206,209,208,207,204,205
3518,3517,3516,3515,3514,3513
708,289,753,752,288,707
2188,3439,3746,3745,2189,2187
3990,3991,3995,3994,3993,3992
3044,3061,3059,3055,3054,3045
1708,1706,1675,1674,1715,1714
2327,3009,3010,2330,2329,2328
543,506,505,174,175,540
3637,3635,943,1432,1433
2805,2806,2096,2099,2098,2097
1734,3560,3561,3567,3566,2458
2959,2286,1387,609,1384,1385,2958
2400,2396,1596,1597,3076,3077
3259,3258,3650,3652,3285,3282
2299,2296,869,872,873,868
3327,1041,2678,3332,3331,3329
2394,1576,1573,1574,3524,3525
2316,1448,1447,1446,3007,3005
3541,3546,3545,3071,3070,3069,1577
1974,1069,1080,1081,1079,1976
1392,614,198,1235,1234,1394
3210,3211,3212,3214,3215,3213
1646,1642,1644,1643,1645
1801,929,928,925,1770,1769,1803
3782,3778,3780,3779,3781,3783
3706,3705,3883,3952,3950,3704
3414,3416,3417,3418,3419,3415
2094,2095,2092,2093,2804,2802
2352,2353,2354,2355,2351,2350,2349
2463,866,867,1741,1742,1738,2464
3378,3379,2082,2087,2086,2093,2092
80,139,748,749,293,291
1255,171,526,527,172,2139,2140
3792,3793,2392,79,81,82,78
2251,1362,590,591,2933,2932
2706,1066,1073,1074,2703
1044,397,1039,1040,400,1042
1573,1185,1186,467,1187,1574
3649,3651,3654,3653,3652,3650
1204,482,132,999,1000,1203
3838,2484,3104,3108,3576,3837
2791,2793,2794,2792,3375,3374
2913,2910,2952,2953,576
3107,3105,874,1737,2472,2474
1449,1450,63,3481,3777,3776
1797,924,926,929,1801,1802,1798
3175,3176,3180,3179,3178,3177
545,1282,3437,3434,1281
1717,1714,1715,1713,1716
306,307,83,304,303,801
1038,1934,2669,2671
3017,3018,3491,3492,3547,3551,3550
2617,2616,1017,1016,390,1875
2663,1927,2018,2019,1031,1033,2662
1765,98,370,1806,1807,939,1763
419,109,112,115,104,421
2632,1897,1892,1009,2630
2611,2609,3281,3287,3268,2610
1841,3664,3666,1840,2590,2589
3418,2179,2176,2175,2856,3419
1080,2704,2705,1084,1083,1082,1081
3247,1836,1833,1834,1835,1839,3245
3818,3817,3819,3820,3934,3932
1062,1061,411,412,407
600,631,1365,1363,216,599
1322,1323,2226,2915,2914,575,561
1716,1713,859,339,340
1250,2120,2121,519,2126,2127
2745,2741,2029,2027,2747
2021,2022,2740,2743,2020
3222,2556,2562,2564,3220
2907,2905,2219,1337,1336,574
252,234,1439,1438,1721,1723
3215,3214,3615,3616,3198,3200
3889,3888,3887,3886,3890
945,3177,3178,1825,949,947
1988,1046,1086,1087,1047,1985
3755,3754,3752,3753,3757,3756
575,2914,2913,576,1345,1348
3767,3460,3462,2930,3455,3766
1950,1951,1952,1953,1957,1956
1826,2574,2573,954,953,1827
2206,2205,628,629,196,195
2147,1254,530,1252,1259,2145
674,673,672,671,670,675
2052,1166,970,969,2658,2661
1489,1552,1553,737,694,1488
3016,2334,2337,2336,2335,3015
2687,2686,1969,1971,1970,1968
1367,1369,1370,1371,1368,1374,1373
74,721,726,725,71,70
2802,2804,2803,2800,2801
1386,594,189,188,2944,2945
3841,3837,3576,3832,3835
3816,3814,3922,3923,3813,3569
2779,2783,2781,464,465,2774
1965,2700,2699,1064,648,413
3732,3731,3733,3734,3735,3736
3643,3644,3662,3664,1841,3256
2150,2881,2880,2198,1263,2149
764,3898,3899,763,1588,1591
650,2311,2310,2383,2381
2843,2146,2147,2145,3407,3408
2403,2406,2407,2408,2405,2404
3449,3756,3757,3758,3448
1000,999,1004,1005,1001,1003,1002
3260,3261,3659,3656,3264,3265
919,920,2065,2067,916,917
311,326,325,85,312,313
814,815,807,1636,1639,806
2250,2246,1360,1361,2216
1458,1459,1456,1457,1461,1460
944,3629,3627,946,942,941
2267,2270,56,593,610
2103,2105,572,182,181,1214
2275,2264,2266,2265,2271,2272,2276
1153,1152,1150,1151,1154,1155
524,2732,2733,54,53,167
551,549,2842,2844,627
270,269,267,273,272,268
1945,1946,1947,1948,1949
1740,868,873,1448,2316,2317
3466,3465,3464,3463,3468,3467
632,634,633,1366,1365,631
876,1950,1956,1955,1737,874
1416,1417,650,2381,2382,741,222
1756,1812,1813,923,922,1755
537,536,1270,1271,538,539
981,983,974,975,377,376
3102,3101,2460,2990,2993,3099
2721,2719,3340,3339,2720,2722
1810,1808,927,926,924
26,91,90,4
1160,1159,1156,1157,1158
2418,3090,3094,1650,2416
2168,2167,2166,2163,2164,2165
1383,1378,603,602,601
2869,2870,2868,2867,3731,3732,3426
3934,3820,3017,3550,3936
1555,1557,1556,1553,1552,1554
3622,1824,2580,2581,3619
3606,3605,3147,3608,3607
2071,2364,2361,1182,2786,2782
1873,990,992,991,989,1872
2765,2763,2769,2771,2767
2553,1811,1810,924,1797,2554
25,26,4,21,24
1496,1498,1497,1499,1500
231,239,241,233,232
299,1598,1602,772,783,782
3317,3318,1922,1030,1919,1918
2053,2054,2052,2661,2660,2051
953,954,2584,2585,951,952
644,645,647,646,643
922,923,921,1788,2540,2541
303,304,305,1628,3086,3085
2040,2039,450,2063,2060,1169
3110,2488,2487,2485,2486,3111
445,447,446,444,442,443
577,1359,3763,3764,3759,2238
1955,1956,1957,1954,3571,3572
218,219,217,1558,1557,1555
2181,2180,2177,2178,2176,2179
1270,1269,2151,2864,2863,1271
712,709,1496,1500,710,711
1079,1081,1082,1980,1983
2733,2734,2005,2003,1109,54
621,619,618,620,622
3402,3401,3406,3405,3404,3403
2695,2697,2696,2693,2692,2694
1059,1060,1061,1062,1960,1959
2603,957,958,1845,3278,3276
2453,2452,3557,3560,1734,863
1003,1001,1890,2631,2629,1885
196,629,630,211,2266,2264
1622,300,302,834,833,1623
2090,3382,3380,2812,138
509,510,508,507,505,506
2742,2751,2750,2759,2760,2029,2741
3811,3921,3957,3958,3072,3543
2866,2162,2165,2164,2868,2870
3226,1823,2578,3244,3243,2577,3227
1667,826,321,322,327,1668
2652,2653,2651,2649,2648,2650
1969,1949,1948,1055,1056,1971
1854,3279,3277,2595,3646,3647
3803,3802,2386,2387,3049,3535
132,381,384,1004,999
2841,2134,2135,2133,2132,2835
2635,3300,3669,3670,3445,2634
3911,3910,3794,3793,3792,3791
1905,1906,1915,1914,1904,2639,2638
672,643,646,221,220,671
2405,2408,1622,1623,1624,1625
1012,1011,1902,1898,1013,1010
493,492,12,13,34,152
893,905,1775,1778,894
1683,260,259,258,839,1684
3609,3611,3614,3613,3612,3610
1307,1303,2210,2904,2903,1302,1308
1819,2563,2560,2565,2566,1940
2098,2099,135,1315,1317,556
1563,1562,2371,2372,1560,1561,1564
158,159,157,162,508,510
1075,1070,1943,2682,2683,1077
245,675,670,242,243,244
2221,565,2248,2249,2214,2218
2285,2262,1388,1387,2286
2096,1211,136,135,2099
1775,1773,1774,1776,1777,1778
442,444,1137,1133,122,123
200,202,201,625,1396,1398
3852,3851,2555,1800,1796,3137
1699,1696,1695,1697,1698,1700
2455,3565,3564,3095,2395,2445
1396,625,626,2289,2290,1402
2074,1183,1184,1186,1185,2076
2178,2177,43,45,1275,1276
2225,1344,1343,1342,2222,2911,2912
3830,3834,3833,3101,3102,3575
3002,3006,676,1453,1451
3571,1954,1961,2968,2969,2295,3570
557,556,1317,1318,555,554
3429,2875,2874,2876,2877,3430
2412,818,1594,2401,3092,3089
3956,3885,3720,3721,3722,3955
1178,3362,3360,2764,2066
2342,2343,1522,734,1515,1516
3839,3838,3837,3841,3840
3455,2930,2917,2919,2926,3454
3236,3237,3238,3239,3642,3641
212,3412,3413,2148,213,60
3519,3521,2084,2095,2094,461
1626,1627,846,845,849,847
2195,2196,420,3882,3883,3705
1403,2287,2292,1362,2251,2252
3977,3338,3337,3696,3974
1807,1806,1809,1808,1810,1811
3681,3679,3326,3328,2677,2676
2918,2916,2229,2235,3752,3754
2281,2954,2955,2280,2279,2278,2282
1525,1524,1504,1520,2341,2340
3075,3074,781,1601,1600,1604,1610
3944,3941,3861,3860,3859,3862
3301,3302,3299,3668,3669,3300
3500,3021,3022,3020,3019,3496
1263,2198,2197,535,1264,1266
2459,3828,3827,2461,2467,2468
586,587,580,579,588
1046,401,1938,1939,1085,1086
71,725,1509,1510,716,274
3735,3734,3889,3890,3725,3729
2333,3486,3484,2334,3016,3022,3021
2922,1346,3475,3474,2227,2920
3774,3776,3777,3773,3772,3775
2443,1730,2457,2456,2449
2139,172,209,206,2144
837,1686,1688,853,2434,2431
3631,3632,3630,3628,3627,3629
1306,1307,1308,1304,1305
1649,1647,808,810,811
2398,3539,3537,3907,3906,2397
861,1722,1720,2438,2439
1799,1798,1802,1805,933,932
1761,1764,1765,1763,1762
641,2976,2975,2304,640,642
3186,3185,2537,1787,3183
2314,2315,2471,2470,1735,1736
1400,1403,2252,2258,2255
2796,2795,2797,2798,2799
3533,3530,3067,2399,1594,818
2988,2989,2459,2468,2471,2315
1618,2404,2405,1625,785,784
2579,1814,1815,1812,1756,3240,3241
1060,2690,2695,2694,411,1061
2089,2081,1209,1208,1207,2088
1397,1398,1396,1402,1401,1399
694,737,738,2359,2360,1486,1487
753,756,757,755,754,752
2143,2144,206,205,201,202
2689,2688,2697,2695,2690,2691
2595,2596,2597,3645,3646
2279,2280,2962,2961,2936,2935
2620,2617,1875,1876,1874,1878
716,1510,1514,714,713,715
1685,1684,839,840,841,842
298,299,782,790,792
2290,2289,2288,2291,2292,2287
486,487,180,571,2104,2101
1963,2684,2687,1968,1063,1964
1165,2048,2050,1166,2052,2054
2569,1821,3208,3209,2576,1822,2570
2968,2965,2964,2966,2967,2969
342,2479,2478,682,681,251
2584,3249,3246,2583,2582,2585
2572,2569,2570,2571,2573,2574
389,1010,1013,1014,1015,388
695,1454,1455,3480,3476,3011
2047,1170,1168,438,2049
3242,3240,1756,1755,2499,2497
2124,2127,2126,2125,2128,2129
3190,938,937,3611,3609,3192
3901,3791,3792,78,255,3900
1754,3845,3843,2496
1704,848,828,1676,1675,1706
2648,2649,1921,1277,396,1029
1529,1525,2340,3027,3025
2711,1973,1069,1974,2709
2415,2416,1650,813,808,1647
3404,3405,1262,173,532,2834
2887,2886,2878,2879,2880,2881,2882
3536,3535,3049,3051,3052,3050
2158,176,537,539,1272,2159
2337,1488,694,1487,1485,2336
2790,2787,2074,2076,2075
636,637,644,643,672,673
2475,2474,2472,3096,3098,2473
329,838,837,2431,2432,829
3343,1995,2568,3640,3639,3342
1473,1539,1541,736,735,1475
2371,2374,3290,3288,2373,2372
3468,3463,2947,2948,2946,2949
1304,1308,1302,2209,2204,1298
1818,3129,3585,3586,1816
1574,1187,2083,3522,3524
3319,3320,3322,3674,3673,3321
1759,1758,1757,2501,2500
2594,3252,3251,2592,2591,3270,3271
2023,2749,2748,1120,431,430
2128,2125,1245,1244,516,49
437,2520,2519,2043,2044,1144
733,2349,2350,283,732
1902,1903,1901,1900,1899,1898
2005,2006,2004,2824,2825,2003
2571,2570,1822,1836,3247,3248
2768,2772,2522,3147,3605
2923,2921,2922,2920,2925,2924
765,766,767,770,769,768
2211,2187,2189,1297,2899,2900
432,1139,454,1127,1126
1590,1591,1588,1589,1592,1593
1546,1544,1549,1547,1545
1670,313,312,314,1672
3049,2387,2385,2391,3042,3051
1541,1543,1546,1545,284,736
1043,1045,1044,1042,1050,1052
1108,2823,2822,2120,1250,1249
1200,1201,1886,1888,1226,1225
1855,968,967,3258,3259,1858
2627,2630,1009,1006,1007,1008
2045,1154,1151,1171,1170,2047
1769,1770,1766,1768,1767
250,251,681,1463,2319,2321
3940,3126,2681,2680,3861,3941
216,1363,1364,1405,1404
69,68,70,71,274,277
3489,2389,2388,3038,3780,3778
2378,1550,1551,1869,1870,2375
477,474,2091,2090,138,137,478
3330,3329,3331,3333,1097,1096
3683,3682,3684,3685,3686,3687,3688
1461,1457,3874,3873,677,678
865,2480,2479,342,341
1517,1516,1515,731,1518
3979,3978,3976,3977,3974,3975,3973
2683,2682,2685,2686,2687,2684
3123,3121,3120,3119,3122
2614,2612,2613,2615,3289,3291
2825,2824,3707,3709,2822,2823
3129,3128,3127,3590,3585
1957,1953,1958,1961,1954
1456,1065,3335,3872,3874,1457
618,1397,1399,633,634,620
191,1377,1376,1406,597
1401,1402,2290,2287,1403,1400
513,512,51,52,47,166
2298,2299,868,1740,1741,867
654,1431,1430,653,655,656,657
3013,1554,1552,1489,3485,3483
3759,3764,3765,3762,3761,3760
3024,3025,3027,3028,3026,3023
2084,3377,3378,2092,2095
3001,2998,3004,3003,2999,3000
3122,3119,343,3577,3578
3701,3702,3703,3698,3699,3700,3697
769,770,296,80,291,757,756
3506,3785,3784,20,773,771
3296,394,1018,1017,2616,3294
2844,2842,2843,3408,3411,2845
2651,1918,1919,1920,1921,2649
285,224,375,965,966,743
3516,2393,2394,3525,3523,3515
1209,1206,1205,1202,1201,1200,1208
89,403,404,1054,1053
3128,1759,2500,3127
359,358,3153,3164,3163,913
2685,1944,1945,1949,1969,2686
2673,2675,1820,1041,3327,3325
1355,2927,2929,3451,3450,1354
1056,1055,1051,1986,1987,1093
735,736,284,466,689,690
624,623,1240,1238,585,584
500,499,501,502,503,504
3939,3830,3575,3574,3829
2934,2259,2261,2939,2940
1365,1366,2256,2253,1364,1363
3749,3751,3750,3747,3748
1749,1750,1746,1745,1747,1748
1822,2576,2575,1792,1833,1836
3114,3113,3110,3111,3112,3109
99,1022,1913,1912,394,3296,3295
2292,2291,624,584,590,1362
3050,3052,3043,3047,3046
3819,3497,3495,3018,3017,3820
817,1655,2410,2417,2414,812
3195,1147,1146,1145,1152,1153,3196
1648,2413,2415,1647,1649
1428,1429,1426,1427,1424,1425
3906,3907,3905,3903,3902,3904
1856,1855,1858,1857,1860,1859
1994,3690,3867,3868,2568,1995
899,362,22,903,904,900
177,1289,1292,2247,2248,565
259,711,710,256,257,258
1121,2030,2753,2751,2742,2739
1789,3592,3591,3135,937,938
2678,2679,3988,3987,3332
201,205,204,203,626,625
1410,1409,1408,1407,1411,1412,1413
3881,3951,3954,3878,3879,3880
379,378,977,978,1884,1883,100
800,1620,1618,784,1632,1631
1571,1572,1570,1569,1568
3364,1478,1471,2788,3372,3373
1336,1337,1335,1333,1334,1332
3720,2014,2118,3397,3398,3721
282,280,577,2238,2240,281
1582,1581,1580,1584,1585,1583
2836,2835,2132,1254,2147,2146
720,719,72,19,2354,2353
2890,2891,2895,2894,2201,2203,2202
1820,1819,1940,2679,2678,1041
2510,2513,2512,2511,2509,2508
3891,3893,2130,2131,2135,2134
1085,1939,1937,1098,1099,1090
3752,2235,2232,2233,2234,3452,3753
2214,2249,2250,2216,2215,2213
3452,2234,2236,3453
1864,2051,2660,2659,1923,1865
3744,3892,3891,2134,2841,2840
710,1500,1499,698,697,256
3030,3031,3032,3033,3034,3029
377,975,973,976,977,378
3545,3543,3072,3538,3540,3071
2135,2131,2831,2832,1253,2133
3537,3800,3799,3511,3905,3907
1572,287,286,285,743,1570
18,75,76,261,263
1291,2202,2203,1296,548,1290
2982,2981,662,661,227,2306
3494,3783,3781,3502,3505,3493
3867,3992,3993,3968,3869,3868
1737,1955,3572,3573,3096,2472
1894,1284,1283,553,1893
87,86,354,355,361,360
3203,3213,3215,3200,3201,3202
2914,2915,2912,2911,2910,2913
2639,1904,3424,3425,2643,2644
2880,2879,2200,2199,2197,2198
606,2282,2278,608,604,605
2009,2008,3708,3707,2824,2004
2219,2218,2214,2213,1335,1337
3351,3352,3353,3349,3348,3350
2308,2978,2977,2979,2980
3559,3552,3563,3822,3821,3556
3007,1446,249,248,246,676,3006
3178,3179,1826,1827,1828,1825
2312,2980,2979,2309,2310,2311
1311,2634,3445,3446,1293,1309
3495,3496,3019,3490,3491,3018
2169,155,491,490,40,2171
3209,3207,3203,3202,2575,2576
2645,2644,2643,2642,3304,3305
472,473,557,554,265,264
1813,3587,3588,1760,921,923
3757,3753,3452,3453,3758
1,2,6,417,7
858,336,335,2421,2423,857
3457,564,562,563,183,3458,3459
2501,1757,1761,1762,882,3130,3131
2756,2758,1119,1118,1117,1116,2026
3280,3276,3278,3277,3279
3859,3860,2538,2539,1786,3625
2946,2948,2273,1389,1388,2262
2329,2330,2325,2326,3553,3555
3022,3016,3015,3014,3020
3475,3472,3469,3471,3470,3473,3474
2331,2333,3021,3500,3499
458,460,379,100,101,134
2136,2142,2143,202,200,2137
3444,3748,3747,2897,2895,2891
2414,2417,2418,2416,2415,2413
796,705,708,707,706,797
265,554,555,2243,2241,560
451,128,127,125,1173,1177,1176
2581,2580,2579,3241,3244,2578
64,319,320,324,323,65
1051,1052,1050,1989,1986
1495,1494,276,275,267,269
1538,1357,1355,1354,1353,1536
53,54,1109,1110,197,617,616
1009,1892,1891,552,150,1006
3037,3035,1575,1576,2394,2393
2588,2586,3310,3309,1023,1026
3651,2605,2604,3280,3279,1854,3654
2489,2490,1749,1748,875,1744
2370,2369,2368,2366,2367,2365
2822,3709,3710,3391,2119,2121,2120
3163,3164,3165,3166,3173,3174
2702,1972,2715,3334,3336,2698
248,247,674,675,245,246
1259,1252,1251,1256,1257,1260
1179,2776,2775,143,1210,2794,2793
2064,1176,1177,1175,2055,2062
1317,1315,1316,1320,1321,1319,1318
3458,183,1347,2921,2923,3461
1187,467,2791,3374,3376,2083
1180,2068,2773,2776,1179,1181
2100,483,1212,1213,2809,2810
2600,1863,1866,3657,3658
1382,1381,1379,1380,1378,1383
1092,1093,1987,1984,1091,1095,1094
1316,567,1329,1326,1320
1426,222,741,1421,1420,1427
3104,3103,3106,3105,3107,3108
503,502,151,36,489
1284,1285,3301,3300,2635,1283
2080,2078,1204,1203,1205,1206
2118,2117,2116,3395,3397
3185,3610,3612,3204,3206,2537
569,573,1324,1330,1328
722,279,278,1507,1508,727
3763,3768,3769,3767,3766,3765,3764
3957,3967,3966,3960,3961,3959,3958
382,380,998,997,387,386,383
906,366,365,124,126,907
3814,3929,3928,3549,3962,3963,3922
598,599,216,1404,635
1766,894,1778,1777,1159,1160,1768
1177,1173,1174,2032,2033,1175
1815,1816,3586,3587,1813,1812
1341,578,186,185,184,1340
3894,3726,2826,2827,2130,3893
76,77,66,68,69,262,261
253,252,1723,1722,861
263,261,262,1491,1490,699
1007,1006,150,484,1220,1219
320,315,1526,1528,1527,324
1286,1287,28,111,112,109
3078,3077,3076,3074,3075,3073
1941,1053,1054,1946,1945,1944
3460,3459,3458,3461,3462
3184,3183,1787,1821,2569,2572,2536
2044,2043,2042,2039,2040,2041
3176,2535,3181,3184,2536,3180
2151,2855,2857,2860,2864
3297,3295,3296,3294,3298
180,1008,1007,1219,1218,571
2833,2834,532,531,534,533
2972,2308,2980,2312,2973
1673,1679,1677,337,860
1142,2034,2038,1140,1141
3212,2552,3618,3615,3214
949,1825,1828,950,948
1094,1095,1991,2713,2714
995,392,393,147,145,993
2877,2876,2191,2193,2194,2190
1152,1145,437,1144,1150
3741,3740,3737,3738,3739,3742
2454,2451,2450,2452,2453
2826,2830,2829,2828,3401,3402,2827
1420,1421,1422,1562,1563,1423
1477,1479,1478,3364,3365
2996,2992,2313,1435,1436,2995
3263,3262,2655,2654,3315,3314
3436,3432,3431,2886,2887,3433
2483,2482,2491,2492,3103,3104,2484
1064,2699,2698,3336,3335,1065
2065,2066,2764,2765,2767,2766,2067
875,1748,1747,1951,1950,876
112,111,110,113,114,115
1575,2075,2076,1185,1573,1576
2730,2007,2006,2005,2734
3484,3485,1489,1488,2337,2334
2153,2154,2152,2155,3421,3422
1435,2313,2314,1736,668,238
3531,3069,3070,3068,3067,3530
626,203,1390,1393,2288,2289
2775,2774,465,455,144,143
2937,2935,2936,2934,2940,2938
1758,351,1764,1761,1757
494,428,10,11,12,492
3528,3529,3808,3805,3527,3526
1607,1606,298,792,793,786,777
1600,1601,1599,1603,1602,1598
1364,2253,2254,592,1405
2477,1743,2318,2998,3001,2476
1882,2619,2620,1878,1877,1881
882,1762,1763,939,3218,3217
2523,3607,3608,1779,909
1019,1020,389,388,146,391
3366,3365,3364,3373,3369,3363
1847,1849,2607,2606,960,959
3972,3971,3946,3985,3981
2055,1175,2033,2030,1121,2058
1633,1694,1691,846,1627
28,8,7,417,418,110,111
2514,3142,3140,2517,2516,2515
1229,1228,493,152,153,497
2943,2945,2944,2942,2941
3746,3743,3896,3892,3744,3745
3583,3117,3116,3113,3114,3580
3544,3812,3811,3543,3545,3546
1281,3434,3435,2182,2185,2184
2018,2017,2015,2016,2019
2471,2468,2467,2466,2465,2469,2470
1272,539,538,2167,2168,1274
746,747,468,279,722,723
1063,1968,1970,1049,1966,1967
1031,2019,2016,2025,2024,427
2072,2073,2071,2782,2784,2778
1299,2207,2206,195,194,193
1651,820,1654,1655,817,1652
1907,2865,2869,3426,3427
2525,1780,2530,2529,2526
691,690,689,2073,2072,688
3995,3986,3969,3970,3971,3972,3994
2885,2185,2182,2882,2881,2150,2884
302,1611,1613,795,835,834
2532,3169,3172,2531,2534,2533
1196,1195,1194,1199,1198,1197
3303,2633,2889,2888,3306
3684,3221,3220,2674,3685
609,610,593,594,1386,1384
1899,1900,1028,2161,2160,1027
869,1458,1460,871,872
1877,1878,1874,380,382,385
1602,1603,771,773,774,772
448,2515,2516,128,451,452
973,2593,3273,3274,980,976
1262,1261,2735,3352,3351,173
516,1244,515,518,517
3322,2662,1033,1032,3675,3674
3268,3287,3286,3269,3267,3266
2878,2190,2194,2200,2879
3027,2340,2341,2343,2342,3028
511,2129,2128,49,51,512
1135,1132,1143,1138,1128
2174,2170,2169,2171,2172,2173
3086,1628,1629,1630,3082,3083,3084
2277,2263,2284,2283,2956,2957
3761,3762,3454,2926,2928,2929,2927
1725,1726,863,1734,2458,2457,1730
3599,3603,3604,3602,3601,3600
3616,3858,3857,3197,3199,3198
3845,3846,3842,3844,3843
55,190,191,597,17
1504,1503,1502,1501,1519,1520
3399,3396,2820,2817,2821,3390
833,834,835,832,830,831
390,1016,1019,391,393,392
2102,2101,2104,2105,2103
1039,2670,3323,3678,3680,1936,1040
354,357,359,913,912,355
3509,3046,3047,3048,3797,3796,3510
1432,943,944,941,940,653,1430
2506,2507,2505,2504,2503
2203,2201,2212,2210,1303,1296
2438,1720,1725,1730,2443,2444
1353,1354,3450,1351,1352
361,355,912,911,22,362
1087,1086,1085,1090,1089,1088
1372,1373,1374,1375,1376,1377
3413,3410,2852,2847,2148
1447,870,679,680,249,1446
498,496,154,156,44
877,1981,1978,880,879,878
3435,3433,2887,2882,2182
2082,2799,2798,2081,2089,2087
3888,3724,2885,2884,2883,3887
1514,1513,266,280,282,714
3954,3953,3717,3716,3713,3878
346,885,883,86,87,348
1746,1068,1982,1981,877,1745
1916,1917,2154,2153,1914,1915
681,682,683,3008,3009,2327,1463
2970,2971,2972,2973,2974
3623,3622,3619,3620,3621
3234,3983,3982,3232,3630,3632
622,620,634,632,1371,1370
1866,1865,1923,1924,3661,3657
32,2108,2106,43,2177,2180
3289,2615,1871,1550,2378,3292
3383,3384,3385,3386,3381,3380,3382
1230,495,494,492,493,1228
2432,2431,2434,2435,2433,2430
962,964,963,961,1850,1852
142,476,474,477,1194,1195
156,154,500,504,491,155
3244,3241,3240,3242,3243
1886,1885,2629,2628,1887,1888
2042,449,448,452,450,2039
2555,2554,1797,1798,1799,1800
3275,3272,1024,1910,1913,1022
2402,3073,3075,1610,1609,1608
801,303,3085,3087
1634,1631,1632,1693,1694,1633
2362,3029,3034,2361,2364,2363
3923,3922,3963,3967,3957,3921
1656,3534,3533,818,2412,2411
1194,477,478,479,1199
3498,3499,3500,3496,3495,3497
1558,1559,2370,2365,1556,1557
960,2606,3649,3650,3258,967
12,11,30,9,13
3916,3917,3915,3914,3912,3913
2086,2087,2089,2088,2085
1136,1141,1140,1143,1132
131,1879,1880,381,132,482,481
2123,1243,523,522,1242
1992,1993,1994,1995,3343,3340,2719
126,124,441,2036,2035,440
2561,2558,2557,3224,3225,2565,2560
1623,833,831,330,1624
726,727,1508,1512,1509,725
3655,3660,1932,1931,956
2382,2381,2383,2384,2380,2379
582,166,47,164,165,583
310,3065,3066,1579,1578,821,822
1037,1038,2671,2672,399,398
2910,2911,2222,2223,2950,2952
1273,1274,2168,2165,2162
3411,3408,3407,3409,3410,3413,3412
278,471,472,264,1506,1507
3170,3174,3173,3171,3172,3169
684,686,744,3817,3818,3562
585,1238,1236,581,580,587
3505,3502,3503,3501,3504
1542,739,740,1544,1546,1543
823,1583,1585,1653,2420
2234,2233,2230,2231,2236
1482,1483,1473,1475,1474,1472
3464,193,194,2274,2947,3463
1783,1785,1178,2066,2065,920
3642,3239,3125,3942,3943,3866
63,62,61,3012,3482,3481
912,913,3163,3174,3170,911
762,760,759,758,761
2346,2347,2348,2344,2345
1834,1831,1832,1829,1830,1835
3112,3111,2486,1750,1749,2490
934,936,935,3211,3210,2551
648,1064,1065,1456,1459,649
2773,2780,2779,2774,2775,2776
2388,1480,1481,1477,3365,3366,3038
1738,1742,1743,2477,2481,1739
79,141,142,1195,1196,81
2681,2545,2544,3191,3188,2680
3770,2995,1436,231,664
2640,2638,2639,2644,2645,2641
3480,1455,1449,3776,3774,3479
2069,2070,2777,2780,2773,2068
1567,1568,1569,990,1873,2613,2612
888,889,353,352
1467,2332,2331,3499,3498,745
1470,1469,693,2070,2069,692
1773,2533,2534,918,364,1774
3067,3068,2398,2397,2396,2400,2399
337,1677,1678,336,858,856
3593,3594,3850,3847,3591,3592
243,242,219,218,61,62
501,33,3,151,502
3937,3936,3550,3551,3549,3928
3473,3470,2954,2281,192
1310,1309,1293,1295,1292,1289
572,1217,2908,2906,568,182
1202,1002,1003,1885,1886,1201
2708,2709,1974,1976,1975,1977
3908,3045,3054,3053,3794,3910
1842,371,1861,1863,2600,2599
3358,3167,3168,3356,3359
3865,3864,3863,3969,3986,3989
1388,1389,2268,2267,610,609,1387
3249,3248,3247,3245,3246
496,497,153,499,500,154
2359,2358,2357,2356,2360
228,654,657,286,287,226
2469,2465,1739,2481,2480,865
308,1608,1609,1605,779,309
2565,3225,3228,3864,3865,2566
1302,2903,2901,550,2208,2209
1170,1171,2041,2040,1169,1167,1168
611,612,613,3465,3466
2446,2445,2395,3529,3528,1728
2549,2548,1791,1161,1832,1831
2293,2300,2298,867,866
240,669,1441,1442,237,666,665
1701,1702,1703,844,843
2991,3097,3826,3828,2459,2989
257,256,697,696,67,700,701
1358,2242,3768,3763,1359
3041,3371,3370,3035,3037,3036
1595,3787,3788,3507,775,776
3647,3646,3645,3644,3643,3648
1442,1443,250,2321,2322,237
549,2838,2836,2146,2843,2842
22,911,3170,3169,2532,903
3703,2722,2720,2985,2984,3698
689,466,2363,2364,2071,2073
1560,2372,2373,1565,740,739
3353,2738,2736,2007,2730,3349
977,976,980,979,978
785,1625,1624,330,1681,1682,836
1074,1073,1075,1077,1078,1076
312,85,1534,1535,314
651,652,1418,1419,1429,1428
468,1191,1193,471,278,279
2557,3621,3620,1823,3226,3224
1687,842,841,1661,1660,1689
2189,3745,3744,2840,2837,1297
1091,1984,1985,1047,409,410
2947,2274,2275,2276,2273,2948
1319,1321,564,3457,3456,2244
350,888,352,369,370,98
3914,3911,3791,3901,3912
3512,3510,3796,3795,3508
3823,864,2462,2461,3827
1125,1127,454,130,453
50,517,518,48,15
2113,1227,1231,2111,2109,2115
2677,3328,3330,1096,1101,1100
3784,3897,3898,764,20
1537,1536,1353,1352,254
3673,3674,3675,3676,3677,3672
3597,3598,3143,3142,2514,1772,2518
204,207,615,1391,1390,203
163,15,48,16,46
3557,3558,3559,3556,3561,3560
2407,791,788,300,1622,2408
880,2691,2690,1060,1059,879
678,677,1410,1413,680,679
3848,3216,2553,2554,2555,3851
1066,1072,1070,1075,1073
394,1912,1911,395,1021,1018
1742,1741,1740,2317,2318,1743
3620,3619,2581,2578,1823
181,182,568,570,566,179
2176,2178,1276,2871,2873,2175
2436,852,1705,1707,334
1181,1179,2793,2791,467
1666,1669,328,325,326
798,803,802,1619,1621,799
1236,1237,513,166,582,581
2808,2810,2809,2806,2805,2807
653,940,962,1852,1851,655
2493,3109,3112,2490,2489,2492,2491
1314,1312,1311,1309,1310,1313
555,1318,1319,2244,2243
3633,3862,3859,3625,3626,3624
233,241,240,665,667,236
1719,1718,862,760,762
1226,1888,1887,487,486,1222
2860,2857,2858,3741,3742,2186,2859
3130,882,3217,3219,3133
2230,605,604,607,2231
3959,3961,3918,3919,3920
149,148,1905,2638,2640,2636
819,822,821,1657,1654,820
3423,3420,2866,2870,2869,2865
1099,1098,1100,1101,1998,1996
2564,2562,2561,2560,2563
2029,2760,2756,2026,2028,2027
1832,1161,1163,972,971,1829
114,113,106,107,2012,2010
1376,1375,598,635,1406
2971,2307,2986,2987,2308,2972
135,136,179,566,567,1316,1315
2629,2631,2632,2630,2627,2628
3966,3965,3804,3802,3803,3960
3765,3766,3455,3454,3762
3076,1597,1595,776,781,3074
2624,2625,2626,2623,2622,2621
400,1040,1936,1938,401
3844,3842,3583,3580,3581,3582
2355,1538,1536,1537,2351
778,777,786,787,804,805
2263,2949,2946,2262,2285,2284
318,317,316,315,320,319
1335,2213,2215,1339,1338,1333
3370,3367,2790,2075,1575,3035
1923,2659,2657,1926,1925,1924
1163,1164,1165,2054,2053,972
3564,3926,3927,3815,3568,3095
1934,1935,3682,3683,3324,2669
3561,3556,3821,3924,3925,3567
779,1605,1607,777,778,780
1868,982,984,983,981,1867
3799,3798,3509,3510,3512,3511
3421,2155,1273,2162,2866,3420
333,332,1701,843,331
2318,2317,2316,3005,3004,2998
345,346,348,349,347
172,527,524,167,208,209
700,67,318,319,64,702
1551,986,987,982,1868,1869
3980,3981,3985,3984,3982,3983
1415,649,1459,1458,869,2296,2297
364,918,919,917,901
3062,3060,3518,3513,3059,3061
2121,2119,1242,522,520,519
3590,3127,2500,2501,3131,3132,3589
147,149,2636,2637,145
941,942,964,962,940
3857,3856,3194,2546,2547,3197
1588,763,765,768,297,1589
3826,3825,3824,3823,3827,3828
1986,1989,1988,1985,1984,1987
2457,2458,3566,3565,2455,2456
3338,2718,2726,2727,2729,2728,3337
1131,1130,432,1126,1123,433
3626,3625,1786,2535,3176,3175,2567
2950,2223,3467,3468,2949,2263,2277,2951
2720,3339,3341,1105,2983,2985
465,464,457,456,455
2723,1104,1997,2001,1103,2002,2724
1120,2112,2113,2115,2114
2242,2241,2243,2244,3456,3769,3768
3307,3308,2646,2653,2652,2647
852,851,847,849,848,1704,1705
3788,3789,3786,3785,3506,3507
3527,3805,3806,3542,3066,3065
3810,3569,3813,3812,3544,3807
3563,3562,3818,3932,3933,3822
1321,1320,1326,1327,562,564
3902,3903,3790,3789,3788,3787
3634,3235,3234,3632,3631,3636
2944,188,55,17,2942
160,39,32,2180,2181,161
396,1277,1278,541,536,537,176
3396,3394,2819,3388,2820
3897,3913,3912,3901,3900,3899,3898
772,774,301,1614,1615,783
3143,3141,3138,3139,3140,3142
2740,2739,2742,2741,2745,2746,2743
2368,1423,1563,1564,1476,2366
1682,1681,1683,1684,1685,1695,1696
1711,1665,1666,326,311,1710
664,231,232,229
2254,2257,2931,187,592
2861,2859,2186,3438,3437,1282
3603,3144,3145,3146,3149,3150,3604
1479,1472,1474,687,1468,1471,1478
1101,1096,1097,414,1102,1999,1998
3447,3444,2891,2890,2892
2212,2211,2900,2904,2210
153,152,34,33,501,499
3445,3670,3749,3748,3444,3447,3446
420,421,104,1111,3884,3882
3150,3149,3148,3152,3151
2762,2761,2770,2769,2763
3780,3038,3366,3363,3039,3779
164,163,46,165
1690,1700,1698,1686,837,838
883,884,356,357,354,86
335,2428,2429,1709,1671,2422,2421
198,199,1248,1247,1233,1235
3180,2536,2572,2574,1826,3179
2961,2960,2259,2934,2936
2978,2306,227,228,226,658,2977
1005,383,386,1889,1890,1001
1883,1884,3297,3298,2618,2626,2625
1901,2647,2652,2650,1028,1900
942,946,947,949,948,963,964
1083,1084,1076,1078,408,103
2716,2717,2718,3338,3977,3976
3669,3668,3671,3751,3749,3670
1218,1219,1220,2217,2909,2908,1217
1698,1697,1687,1689,1688,1686
1151,1150,1144,2044,2041,1171
889,887,885,346,345,353
2390,3036,3037,2393,3516,3517
864,2294,2293,866,2463,2462
2288,1393,1395,623,624,2291
1411,1407,639,637,636
3873,3870,1409,1410,677
3417,161,2181,2179,3418
1148,1155,1154,2045,2046,1149
1072,1071,1942,1943,1070
580,581,582,583,579
2434,853,854,1712,2427,2435
590,584,585,587,586,591
168,169,525,526,171
3293,3292,2378,2375,2376,2377
1747,1745,877,878,1952,1951
1637,1638,805,804,802,803
775,3507,3506,771,1603,1599
3315,2654,2667,2666,1922,3318
1102,414,3691,3690,1994,1993
224,225,1848,1847,959,375
2192,419,421,420,2196
3549,3551,3547,3548,3964,3962
793,792,790,789,788,791
1207,1208,1200,1225,1224,1216
1078,1077,2683,2684,1963,1962,408
2344,2348,2339,827,1532
3336,3334,3693,3871,3872,3335
3925,3924,3931,3930,3927,3926
3072,3958,3959,3920,3801,3538
2804,2093,2086,2085,3384,3383,2803
2820,3388,3387,2818,2817
2735,3880,3879,2738,3353,3352
1830,1829,971,1862,1861,371,955
3982,3984,3633,3624,3233,3232
1490,1491,1494,1495,1492,1493
3915,3909,3908,3910,3911,3914
824,812,2414,2413,1648
507,508,162,160,161,3417,3416
2643,3425,3423,2865,1907,2642
2664,2665,2663,2662,3322,3320
272,273,271,718,1502,1503
94,93,509,506,543,542
459,376,377,378,379,460
1444,341,342,251,250,1443
2873,2871,2872,3737,3740
3919,3918,3536,3050,3046,3509,3798
2715,2714,2713,3692,3693,3334
767,294,295,296,770
2509,2511,3595,3596,2521,1771
2478,2476,3001,3000,683,682
3440,3728,3730,3441,3443,3442
3617,1795,1794,1793,3854,3853
2667,2668,3321,3673,3672,2666
3853,3854,3855,3856,3857,3858
3136,3137,1796,936,934,3613,3614
530,529,533,534,528,1251,1252
223,1425,1424,2369,2370,1559
2109,2111,2110,2107,2106,2108
3864,3228,3229,3236,3641,3863
363,360,361,362,899,896
439,440,2035,2034,1142,446,447
970,117,118,1114,1113,969
742,2379,2380,2614,3291,3290,2374
553,1283,2635,2634,1311,1312
974,3266,3267,2593,973,975
184,185,1300,1301,613,612
841,840,704,703,1662,1661
2622,2623,1882,1881,1880,1879
1570,743,966,992,990,1569
2856,2175,2873,3740,3741,2858
963,948,950,373,374,961
2325,1465,685,686,684,2326
1695,1685,842,1687,1697
194,195,196,2264,2275,2274
1962,1963,1964,2696,2697,2688
2926,2919,2918,3754,3755,2928
351,350,98,1765,1764
2540,1788,3593,3592,1789,2543
757,291,293,292,290,755
1925,1926,2664,3320,3319,1933
3975,3974,3696,3695,3694,3876
1694,1693,1692,1699,1700,1690,1691
630,2845,3411,3412,212,211
2837,2840,2841,2835,2836,2838,2839
1724,1731,2454,2453,863,1726
602,603,1372,1377,191,190
665,666,1440,1437,667
3737,2872,2174,2173,2875,3429,3738
2521,3596,3597,2518,2519,2520
1874,1876,996,998,380
1167,1169,2060,2059,29,116
1609,1610,1604,1606,1607,1605
103,408,1962,2688,2689,406
3119,3120,881,2482,2483,343
3206,3204,3205,3207,3209,3208
3874,3872,3871,3949,3948,3870,3873
935,932,933,2552,3212,3211
656,655,1851,1848,225
3693,3692,3978,3979,3949,3871
3153,3154,3155,3156,3165,3164
368,367,347,349,88,97
2556,2559,2558,2561,2562
1594,2399,2400,3077,3078,2401
668,1736,1735,1445,1441,669
1023,3309,3307,2647,1901,1903
3205,2551,3210,3213,3203,3207
2821,2817,2818,2122,3392,3393
2507,25,24,23,2505
2777,2778,2784,2783,2779,2780
1659,1663,825,826,1667,1664
1189,1188,1190,1192,1193,1191
3879,3878,3713,2737,2736,2738
3652,3653,3254,3255,3284,3285
2960,2958,1385,2260,2261,2259
435,122,1133,1134,1129,436
1492,1495,269,270,316,317
1198,1199,479,750,748,139
2335,2336,1485,1484,1481,1480
2106,2107,498,44,45,43
2658,969,1113,1930,1929,2656
3361,3358,3359,3357,3360,3362
835,795,794,709,712,832
27,95,158,510,509,93
1047,1087,1088,1107,1106,409
978,979,99,3295,3297,1884
1502,718,717,719,720,1501
3313,3314,3315,3318,3317,3316
140,463,462,475,476,142,141
3310,3311,3312,3308,3307,3309
925,897,898,893,894,1766,1770
1438,1732,1731,1724,1721
908,907,126,440,439,129
2712,2711,2709,2708,2710
3824,3570,2295,2294,864,3823
2273,2276,2272,2268,1389
748,750,751,747,746,749
3161,2526,2529,2528,3158
3193,3192,3609,3610,3185,3186,3187
1239,1232,511,512,513,1237
1660,1661,1662,1663,1659,1658
2322,2321,2319,2320,2324,2323
1227,1116,1117,495,1230,1231
3441,3730,3729,3725,3895,3896,3743
2440,2442,2441,1718,1719
3808,3809,3810,3807,3806,3805
1678,2426,2428,335,336
3039,3363,3369,3368,3503
3348,3349,2730,2734,2733,2732,2731
787,786,793,791,2407,2406
3946,3945,3944,3862,3633,3984,3985
3717,3719,3718,3715,3714,3716
23,24,21,910,1782,1781
3883,3882,3884,3885,3956,3952
1727,2447,2446,1728,1729
741,2382,2379,742,1422,1421
293,749,746,723,724,292
3381,3386,2814,2815,2816
2112,2028,2026,1116,1227,2113
262,69,277,276,1494,1491
1338,1339,1341,1340,1343,1344
534,531,170,169,168,528
2160,2161,2157,2158,2159,2156
364,901,902,2512,2513
821,1578,3532,3534,1656,1657
1390,1391,1392,1394,1395,1393
229,232,233,236,235,230
3659,3658,3657,3661,3660,3655,3656
2598,2599,2600,3658,3659,3261
301,1590,1593,1616,1614
2194,2193,2192,2196,2195,2199,2200
2480,2481,2477,2476,2478,2479
1248,1249,1250,2127,2124,1247
2696,1964,1063,1967,2693
2502,3134,3133,3219,3849,3850,3594
2261,2260,2943,2941,2939
2397,3906,3904,1596,2396
290,292,724,721,74,73
407,412,413,648,649,1415,1414
127,129,439,447,445,125
2559,3623,3621,2557,2558
491,504,503,489,488,490
323,324,1527,1531,322,321
2591,2592,2589,2590,2586,2588,2587
1929,1930,1928,1927,2663,2665
693,688,2072,2778,2777,2070
97,88,363,896,895,930,931
1612,1615,1614,1616,1617,1613,1611
685,1466,1467,745,744,686
410,409,1106,2717,2716,1990
3777,3481,3482,3488,3487,3773
645,642,640,652,651,647
2035,2036,2037,2038,2034
1817,1818,1816,1815,1814
1828,1827,953,952,372,373,950
980,3274,3275,1022,99,979
1089,1090,1099,1996,1997,1104
1857,1858,3259,3282,3281,2609
102,3677,3676,27,93,94,92
133,134,101,2624,2621,31
3066,3542,3541,1577,1579
1174,443,442,123,2031,2032
2994,2988,2315,2314,2313,2992
2538,3189,3193,3187,3182,2539
2152,2156,2159,1272,1274,1273,2155
666,237,2322,2323,1733,1440
3723,2183,2184,2185,2885,3724
3718,3400,3399,3390,3389,3715
1334,1333,1338,1344,2225,2224
1224,1225,1226,1222,1221,1223
1162,1149,2046,2048,1165,1164
3503,3368,3371,3041,3040,3501
488,489,36,5,35
34,13,9,3,33
3993,3994,3972,3981,3980,3968
2061,2062,2055,2058,2057,2056
67,696,1493,1492,317,318
661,1434,1431,654,228,227
2512,902,3599,3600,3595,2511
1015,1014,1916,1915,1906
2373,3288,3293,2377,1565
525,2731,2732,524,527,526
3380,3381,2816,2811,2813,2812
1887,2628,2627,1008,180,487
2310,2309,660,1566,2384,2383
1058,1057,402,1035,1036,405
29,2059,2061,2056,425,426
3355,3704,3950,3951,3881,3354
3875,3876,3694,2976,641,638
52,50,15,163,164,47
403,1058,405,404
3714,3715,3389,3711,3708,2008
2967,2966,2297,2296,2299,2298,2300
2524,2523,909,365,366
431,1120,2114,38,37
1880,1881,1877,385,384,381
2419,1652,817,812,824
1371,632,631,600,1368
1468,687,691,688,693,1469
3431,3430,2877,2190,2878,2886
2798,2797,2080,1206,1209,2081
2637,2636,2640,2641,3299,3302
1476,1564,1561,1540,2357,2358
2633,3428,3727,3728,3440,2889
670,671,220,217,219,242
434,436,1129,1131,433,121
3406,1268,1267,1261,1262,3405
1279,542,543,540,541,1278
3059,3513,3514,3064,3056,3055
2744,2746,2745,2747,2748,2749
3696,3337,2728,3344,3346,3695
505,507,3416,3414,174
120,119,96,159,158,95
3357,3359,3356,2761,2762
1718,2441,2448,2447,1727,862
3547,3492,3782,3783,3494,3548
3678,3688,3687,3679,3681,3680
898,900,904,905,893
1429,1419,1416,222,1426
2422,1671,1670,1672,2424
2874,1288,1287,1286,2191,2876
1613,1617,796,797,794,795
1850,961,374,1853,2608,2607,1849
175,174,3414,3415,2855,2151,1269
1943,1942,1941,1944,2685,2682
2818,3387,1243,2123,2122
2984,2985,2983,2981,2982,2987,2986
3796,3797,3909,3915,3917,3795
3905,3511,3512,3508,3790,3903
3612,3613,934,2551,3205,3204
1267,3354,3881,3880,2735,1261
2660,2661,2658,2656,2657,2659
680,1413,1412,247,248,249
107,108,105,2013,2012
235,236,667,1437,1439,234
2789,1470,692,1183,2074,2787
1840,3666,3667,1908,3312,3311
1629,800,1631,1634,1630
1587,3526,3527,3065,310,1580,1581
3470,3471,2957,2956,2955,2954
3188,3191,3190,3192,3193,3189
316,270,268,1523,1526,315
372,952,951,957,2603,2601
2229,2228,1349,1350,2232,2235
2679,1940,2566,3865,3989,3988
1917,1027,2160,2156,2152,2154
1057,1037,398,402
3861,2680,3188,3189,2538,3860
275,715,713,271,273,267
3092,2401,3078,3073,2402,3091
2204,2209,2208,2205,2206,2207
808,813,814,806,809,810
1088,1089,1104,2723,2725,1107
3093,3091,2402,1608,308,816
1484,1482,1472,1479,1477,1481
327,322,1531,1530,728,730
57,60,213,214,58,59
2888,2889,3440,3442,2896,2898
3304,2642,1907,3427,3428,2633,3303
640,2304,2305,2301,1418,652
150,552,1314,1313,178,485,484
751,469,1189,1191,468,747
3722,3721,3398,3400,3718,3719
740,1565,2377,2376,1548,1549,1544
2486,2485,1067,1068,1746,1750
2197,2199,2195,3705,3706,535
1722,1723,1721,1724,1726,1725,1720
698,699,1490,1493,696,697
2461,2462,2463,2464,2466,2467
1522,1521,2352,2349,733,734
1523,268,272,1503,1504,1524
1861,1862,1864,1865,1866,1863
548,1296,1303,1307,1306,547
2116,514,2819,3394,3395
3523,3525,3524,3522,3521,3519,3520
1996,1998,1999,2000,2001,1997
2674,3220,2564,2563,1819,1820,2675
197,1110,1108,1249,1248,199
998,996,995,993,994,997
1936,3680,3681,2676,1937,1939,1938
2987,2982,2306,2978,2308
3392,2122,2123,1242,2119,3391
2577,3243,3242,2497,3238,3237
559,560,2241,2242,1358,558
2953,2952,2950,2951,3469,3472
1134,1135,1128,1130,1131,1129
1253,2832,2833,533,529
1632,784,785,836,1692,1693
2725,2723,2724,2727,2726
3887,2883,2830,2826,3726,3886
3790,3508,3795,3917,3916,3786,3789
2350,2351,1537,254,283
1466,3775,3772,2332,1467
1645,1643,307,306
1979,406,2689,2691,880,1978
3326,3325,3327,3329,3330,3328
1013,1898,1899,1027,1917,1916,1014
2376,2375,1870,3031,3030,1548
2450,1464,3554,3558,3557,2452
2256,2255,2258,2257,2254,2253
807,309,779,780,1635,1636
2324,2320,1462,1464,2450,2451
2519,2518,1772,449,2042,2043
2904,2900,2899,2902,2901,2903
1347,1348,1345,1346,2922,2921
3653,3654,1854,3647,3648,3254
349,348,87,360,363,88
761,758,1582,1583,823
984,2610,3268,3266,974,983
3346,3344,3697,3700,3345,3347
2448,2449,2456,2455,2445,2446,2447
1028,2650,2648,1029,2157,2161
2166,2862,2861,1282,545,546,2163
1839,1835,1830,955,1838
3806,3807,3544,3546,3541,3542
3372,2788,2789,2787,2790,3367
157,37,38,39,160,162
1914,2153,3422,3424,1904
3772,3773,3487,3486,2333,2331,2332
1715,1674,1673,860,859,1713
255,78,82,294,767,766
971,972,2053,2051,1864,1862
2929,2928,3755,3756,3449,3451
2504,2505,23,1781,3155,3154
2990,2991,2989,2988,2994,2993
2409,3079,3080,850,2437
1361,1360,547,1306,1305,186,578
1454,1451,1453,1452,1450,1449,1455
3410,3409,2850,2851,2853,2854,2852
593,56,1382,1383,601,189,594
1190,2807,2805,2097,470,1192
3019,3020,3014,2389,3489,3490
2626,2618,2619,1882,2623
2851,1258,2141,2142,2136,2853
1374,1368,600,599,598,1375
3376,3374,3375,3379,3378,3377
1210,143,144,480,2077,2079
1245,1246,521,515,1244
3713,3716,3714,2008,2009,2737
1029,396,176,2158,2157
3961,3960,3803,3535,3536,3918
2410,2411,2412,3089,3090,2418,2417
1733,2323,2324,2451,2454,1731,1732
1452,244,243,62,63,1450
1958,1959,1960,2965,2968,1961
137,138,2812,2813,1188,1189,469
3645,2597,3260,3265,3663,3662,3644
3532,3531,3530,3533,3534
886,892,891,356,884
1999,1102,1993,1992,2000
2232,1350,606,605,2230,2233
1635,780,778,805,1638
854,1658,1659,1664,1665,1711,1712
1643,1644,1641,1640,84,83,307
3781,3779,3039,3503,3502
2164,2163,546,544,2867,2868
2110,1229,497,496,498,2107
2439,2438,2444,2442,2440
239,238,668,669,240,241
2272,2271,2269,2270,2267,2268
3469,2951,2277,2957,3471
3491,3490,3489,3778,3782,3492
2748,2747,2027,2028,2112,1120
457,31,2621,2622,1879,131,456
2215,2216,1361,578,1341,1339
1947,1034,1043,1052,1051,1055,1948
3815,3927,3930,3929,3814,3816
3953,3955,3722,3719,3717
2011,2010,2012,2013,2117,2118,2014
415,416,108,107,106
706,707,288,75,18,1497,1498
1474,1475,735,690,691,687
1792,2550,2549,1831,1834,1833
859,860,337,856,855,338,339
994,993,145,2637,3302,3301,1285
479,478,137,469,751,750
3456,3457,3459,3460,3767,3769
3540,3538,3801,3800,3537,3539
3553,2326,684,3562,3563,3552
387,997,994,1285,1284,1894,1895
3385,1216,1224,1223,2814,3386
1054,404,405,1036,1034,1947,1946
1212,2102,2103,1214,1215,1213
399,2672,2670,1039,397
1772,2514,2515,448,449
2816,2815,2100,2810,2808,2811
1922,2666,3672,3677,102,1030
1071,89,1053,1941,1942
1460,1461,678,679,870,871
3554,3555,3553,3552,3559,3558
1293,3446,3447,2892,1294,1295
2246,2245,1290,548,547,1360
3138,3151,3152,2524,366,906,3139
3155,1781,1782,3162,3160,3156
633,1399,1401,1400,2255,2256,1366
1021,395,1012,1010,389,1020
1776,1774,364,2513,2510
1860,1857,2609,2611,988
2979,2977,658,659,660,2309
3043,3062,3061,3044,3048,3047
2867,544,2183,3723,3733,3731
3943,3942,3940,3941,3944,3945
344,1754,2496,2495,1753
1025,1026,1023,1903,1902,1011
2766,2767,2771,2772,2768,3146,3145
2925,2920,2227,2228,2229,2916
3250,3253,3257,3251,3252
3264,3656,3655,956,2655,3262
3833,3831,2475,2473,2460,3101
704,701,700,702,703
617,197,199,198,614
927,931,930,928,929,926
1173,125,445,443,1174
82,81,1196,1197,295,294
1159,1777,1776,2510,2508,1156
1113,1114,1115,1112,1928,1930
1928,1112,423,2017,2018,1927
2384,1566,1567,2612,2614,2380
2227,3474,3473,192,1349,2228
901,917,916,3144,3603,3599,902
3233,3624,3626,2567,3231
340,339,338,332,333
3014,3015,2335,1480,2388,2389
790,782,783,1615,1612,789
3850,3849,3848,3851,3852,3847
3100,3099,2993,2994,2992,2996,2997
144,455,456,131,481,480
2596,1844,2598,3261,3260,2597
1349,192,2281,2282,606,1350
3801,3920,3919,3798,3799,3800
3106,1744,875,876,874,3105
3004,3005,3007,3006,3002,3003
1106,1107,2725,2726,2718,2717
3884,1111,2011,2014,3720,3885
2899,1297,2837,2839,2902
839,258,257,701,704,840
933,1805,1804,1795,3617,3618,2552
284,1545,1547,2362,2363,466
2901,2902,2839,2838,549,551,550
3949,3979,3973,3947,3948
1897,1896,1895,1894,1893,1891,1892
441,1172,2037,2036
3750,3306,2888,2898,2897,3747
450,452,451,1176,2064,2063
19,1356,1357,1538,2355,2354
3699,3698,2984,2986,2307
3727,3736,3735,3729,3730,3728
3360,3357,2762,2763,2765,2764
3034,3033,459,460,458,1182,2361
462,461,2094,2802,2801,475
3238,2497,2499,2498,3124,3125,3239
541,540,175,1269,1270,536
2305,2303,2970,2974,2302,2301
3478,3479,3774,3775,1466,685,1465
3375,2792,2796,2799,2082,3379
1703,857,2423,2425,844
3324,3683,3688,3678,3323
3246,3245,1839,1838,1837,2583
286,657,656,225,224,285
2575,3202,3201,2550,1792
3056,3064,3063,463,140,3057
2896,3442,3443,3439,2188,2893
1275,45,44,156,155,2169,2170
3219,3217,3218,3216,3848,3849
3573,3572,3571,3570,3824,3825
3671,3305,3304,3303,3306,3750,3751
1424,1427,1420,1423,2368,2369
1327,1331,1322,561,563,562
2237,3760,3761,2927,1355,1357,1356
3398,3397,3395,3394,3396,3399,3400
1751,2710,2708,1977,2487,2488
485,178,177,565,2221,2220
2613,1873,1872,1871,2615
830,832,712,711,259,260
3869,3968,3980,3983,3234,3235
3063,3520,3519,461,462,463
1802,1801,1803,1804,1805
3082,1630,1634,1633,1627,1626,3081
1786,2539,3182,3181,2535
3182,3187,3186,3183,3184,3181
3098,3096,3573,3825,3826,3097
427,2024,2023,430,96,119
208,167,53,616,615,207
1921,1920,1280,1279,1278,1277
2172,2171,40,42,41,422
2542,2541,2540,2543,2544,2545
10,453,130,30,11
3725,3890,3886,3726,3894,3895
855,856,858,857,1703,1702
230,235,234,252,253
930,895,897,925,928
639,638,641,642,645,644,637
1515,734,733,732,731
1692,836,1682,1696,1699
1616,1593,1592,705,796,1617
1193,1192,470,473,472,471
2258,2252,2251,2932,2931,2257
2847,2852,2854,2846,2848,2849
110,418,415,106,113
2270,2269,59,58,1381,1382,56
1508,1507,1506,1505,1511,1512
384,385,382,383,1005,1004
3407,2145,1259,1260,2850,3409
916,2067,2766,3145,3144
2319,1463,2327,2328,1462,2320
3963,3962,3964,3965,3966,3967
1485,1487,1486,1483,1482,1484
646,647,651,1428,1425,223,221
615,616,617,614,1392,1391
958,2582,2583,1837,1843,1846,1845
3088,3084,3083,3079,2409
3639,3640,3634,3636,3635,3637,3638
563,561,575,1348,1347,183
1418,2301,2302,1417,1416,1419
892,2506,2503,890,891
1128,1138,1139,432,1130
3281,3282,3285,3284,3283,3286,3287
2222,1342,611,3466,3467,2223
1526,1523,1524,1525,1529,1528
2547,2546,1148,1149,1162,1790
3052,3051,3042,3060,3062,3043
2607,2608,2605,3651,3649,2606
1024,2587,2588,1026,1025,1909,1910
2809,1213,1215,1211,2096,2806
3428,3427,3426,3732,3736,3727
3229,3227,2577,3237,3236
2848,2846,2138,619,621,210
3896,3895,3894,3893,3891,3892
429,1124,1125,453,10,428
3618,3617,3853,3858,3616,3615
3267,3269,2594,3271,3273,2593
1824,1817,1814,2579,2580
1017,1018,1021,1020,1019,1016
40,490,488,35,14,42
3687,3686,2673,3325,3326,3679
3663,3265,3264,3262,3263,3665
3964,3548,3494,3493,3804,3965
1260,1257,1258,2851,2850
788,789,1612,1611,302,300
802,804,787,2406,2403,1619
277,274,716,715,275,276
1408,3877,3875,638,639,1407
3476,3480,3479,3478,3477
2347,3023,3026,2338,2339,2348
2769,2770,2522,2772,2771
3125,3124,3126,3940,3942
2917,2924,2925,2916,2918,2919
2693,1967,1966,2701,2700,1965,2692
2117,2013,105,514,2116
3443,3441,3743,3746,3439
3591,3847,3852,3137,3136,3135
325,328,729,1533,1534,85
3340,3343,3342,3341,3339
3194,3196,1153,1155,1148,2546
2395,3095,3568,3809,3808,3529
2050,2049,438,117,970,1166
1264,535,3706,3704,3355
1578,1579,1577,3069,3531,3532
1639,1636,1635,1638,1637,1640,1641
2492,2489,1744,3106,3103
660,659,1571,1568,1567,1566
1234,1235,1233,1232,1239,1241
717,281,2240,2239,72,719
2795,2079,2077,2078,2080,2797
3568,3815,3816,3569,3810,3809
1300,1298,2204,2207,1299,1301
2226,2224,2225,2912,2915
1796,1800,1799,932,935,936
3070,3071,3540,3539,2398,3068
2007,2736,2737,2009,2004,2006
1211,1215,1214,181,179,136
3116,3115,1751,2488,3110,3113
2727,2724,2002,3702,3701,2729
2015,2020,2743,2746,2744,2025,2016
1119,1122,1124,429,1118
1705,1704,1706,1708,1707
49,516,517,50,52,51
2875,2173,2172,422,1288,2874
1292,1295,1294,1291,1290,2245,2247
3462,3461,2923,2924,2917,2930
3290,3291,3289,3292,3293,3288
2728,2729,3701,3697,3344
3813,3923,3921,3811,3812
1395,1394,1234,1241,1240,623
663,3638,3637,1433,1434,661,662
2933,591,586,588,589
2655,956,1931,2668,2667,2654
1851,1852,1850,1849,1847,1848
1294,2892,2890,2202,1291
3040,3041,3036,2390,2391,2385
3284,3255,3253,3250,3283
423,424,2021,2020,2015,2017
3602,3604,3150,3151,3138,3141
3712,3393,3392,3391,3710
881,1752,2493,2491,2482
2754,435,436,434,2752
3331,3332,3987,3991,3990,3689,3333
1679,1680,2430,2433,2426,1678,1677
1975,1976,1079,1983,1982,1068,1067
3870,3948,3947,3877,1408,1409
3010,3477,3478,1465,2325,2330
213,2148,2847,2849,215,214
38,2114,2115,2109,2108,32,39
1146,1771,2521,2520,437,1145
3278,1845,1846,1844,2596,2595,3277
2138,2137,200,1398,1397,618,619
3118,2712,2710,1751,3115
2568,3868,3869,3235,3634,3640
83,84,798,799,305,304
1794,1767,1768,1160,1158,1793
1471,1468,1469,1470,2789,2788
438,1168,1167,116,118,117
2266,211,212,60,57,2265
1509,1512,1511,1513,1514,1510
1534,1533,2345,2344,1532,1535
1556,2365,2367,738,737,1553
2786,1182,458,134,133,2785
2908,2909,2905,2907,2906
2357,1540,1542,1543,1541,1539,2356
1379,595,596,1369,1367,1380
2442,2444,2443,2449,2448,2441
1035,402,398,399,397,1044,1045
2964,1414,1415,2297,2966
2367,2366,1476,2358,2359,738
1036,1035,1045,1043,1034
2437,850,851,852,2436
2271,2265,57,59,2269
921,1760,2502,3594,3593,1788
3854,1793,1158,1157,1147,3195,3855
1937,2676,2677,1100,1098
146,388,1015,1906,1905,148
2590,1840,3311,3310,2586
1050,1042,400,401,1046,1988,1989
724,723,722,727,726,721
2897,2898,2896,2893,2894,2895
3938,3836,3834,3830,3939
1288,422,41,8,28,1287
186,1305,1304,1298,1300,185
330,831,830,260,1683,1681
2031,123,122,435,2754,2755
1329,1328,1330,1331,1327,1326
3165,3156,3160,3157,2527,3166
3159,3158,2528,3167,3358,3361,915
66,73,74,70,68
2618,3298,3294,2616,2617,2620,2619
334,1707,1708,1714,1717
2295,2969,2967,2300,2293,2294
1511,1505,559,558,266,1513
370,369,367,368,1809,1806
3514,3515,3523,3520,3063,3064
3225,3224,3226,3227,3229,3228
2975,3347,3345,2303,2305,2304
3201,3200,3198,3199,2548,2549,2550
365,909,1779,1172,441,124
2077,480,481,482,1204,2078
815,816,308,309,807
2433,2435,2427,2429,2428,2426
476,475,2801,2800,2091,474
3054,3055,3056,3057,3058,3053
2760,2759,2757,2758,2756
991,1856,1859,985,989
3273,3271,3270,3272,3275,3274
3080,3081,1626,847,851,850
3487,3488,3483,3485,3484,3486
2854,2853,2136,2137,2138,2846
1325,1332,1334,2224,2226,1323
3389,3390,2821,3393,3712,3711
1345,576,2953,3472,3475,1346
1422,742,2374,2371,1562
1782,910,2525,2526,3161,3162
374,373,372,2601,2602,1853
3173,3166,2527,914,1784,3171
3733,3723,3724,3888,3889,3734
2427,1712,1711,1710,1709,2429
3794,3053,3058,2392,3793
744,745,3498,3497,3819,3817
3345,3700,3699,2307,2971,2970,2303
966,965,968,1855,1856,991,992
2149,1263,1266,1265,2828,2829
92,94,542,1279,1280
1343,1340,184,612,611,1342
965,375,959,960,967,968
1970,1971,1056,1093,1092,1048,1049
2208,550,551,627,628,2205
3270,2591,2587,1024,3272
3199,3197,2547,1790,1791,2548
3739,3738,3429,3430,3431,3432
1585,1584,819,820,1651,1653
2962,2963,2959,2958,2960,2961
1082,1083,103,406,1979,1980
1265,1266,1264,3355,3354,1267,1268
1233,1247,2124,2129,511,1232
1157,1156,2508,2509,1771,1146,1147
1675,1676,1680,1679,1673,1674
1330,1324,1325,1323,1322,1331
2800,2803,3383,3382,2090,2091
3090,3089,3092,3091,3093,3094
3804,3493,3505,3504,2386,3802
3576,3108,3107,2474,2475,3831,3832
3797,3048,3044,3045,3908,3909
2753,2755,2754,2752,2750,2751
3675,1032,120,95,27,3676
1654,1657,1656,2411,2410,1655
2126,519,520,1246,1245,2125
3172,3171,1784,1785,1783,2531
338,855,1702,1701,332
271,713,714,282,281,717,718
2646,3316,3317,1918,2651,2653
3083,3082,3081,3080,3079
676,246,245,244,1452,1453
3369,3373,3372,3367,3370,3371,3368
2828,1265,1268,3406,3401
987,988,2611,2610,984,982
1735,2470,2469,865,341,1444,1445
2466,2464,1738,1739,2465
2794,1210,2079,2795,2796,2792
3821,3822,3933,3935,3931,3924
1117,1118,429,428,494,495
1709,1710,311,313,1670,1671
1497,18,263,699,698,1499
3575,3102,3099,3100,3574
1240,1241,1239,1237,1236,1238
3218,939,1807,1811,2553,3216
2705,2703,1074,1076,1084
3947,3973,3975,3876,3875,3877
2608,1853,2602,2604,2605
3255,3254,3648,3643,3256,3257,3253
846,1691,1690,838,329,845
1669,1668,327,730,729,328
1982,1983,1980,1979,1978,1981
2025,2744,2749,2023,2024
2956,2283,2963,2962,2280,2955
873,872,871,870,1447,1448
3586,3585,3590,3589,3588,3587
3584,3118,3115,3116,3117
3829,3574,3100,2997,3771
1891,1893,553,1312,1314,552
1095,1091,410,1990,1991
2814,1223,1221,483,2100,2815
3482,3012,3013,3483,3488
985,1859,1860,988,987,986
3026,3028,2342,1516,1517,2338
1753,2495,2494,3121,3123
3140,3139,906,907,908,2517
1870,1869,1868,1867,3032,3031
3899,3900,255,766,765,763
3950,3952,3956,3955,3953,3954,3951
2487,1977,1975,1067,2485
573,574,1336,1332,1325,1324
3008,3011,3476,3477,3010,3009
1122,1123,1126,1127,1125,1124
2527,3157,3159,915,914
1871,1872,989,985,986,1551,1550
1952,878,879,1059,1959,1958,1953
1837,1838,955,371,1842,1843
1378,1380,1367,1373,1372,603
568,2906,2907,574,573,569,570
170,3350,3348,2731,525,169
895,896,899,900,898,897
3630,3232,3233,3231,3230,3628
538,1271,2863,2862,2166,2167
3223,3222,3220,3221
1791,1790,1162,1164,1163,1161
2191,1286,109,419,2192,2193
3146,2768,3605,3606,3148,3149
781,776,775,1599,1601
3124,2498,2542,2545,2681,3126
1919,1030,102,92,1280,1920
1960,1062,407,1414,2964,2965
2781,2785,133,31,457,464
1412,1411,636,673,674,247
2001,2000,1992,2719,2721,1103
3662,3663,3665,3667,3666,3664
3042,2391,2390,3517,3518,3060
2060,2063,2064,2062,2061,2059
2909,2217,2220,2221,2218,2219,2905
2033,2032,2031,2755,2753,2030
3685,2674,2675,2673,3686
1486,2360,2356,1539,1473,1483
1846,1843,1842,2599,2598,1844
3661,1924,1925,1933,1932,3660
356,891,890,358,359,357
1640,1637,803,798,84
1809,368,97,931,927,1808
3000,2999,695,3011,3008,683
1033,1031,427,119,120,1032
1604,1600,1598,299,298,1606
1434,1433,1432,1430,1431
532,173,3351,3350,170,531
2248,2247,2245,2246,2250,2249
3012,61,218,1555,1554,3013
3694,3695,3346,3347,2975,2976
1220,484,485,2220,2217
2757,121,433,1123,1122,1119,2758
2341,1520,1519,1521,1522,2343
3299,2641,2645,3305,3671,3668
343,2483,2484,3838,3839,3577
2132,2133,1253,529,530,1254
773,20,764,1591,1590,301,774
3987,3988,3989,3986,3995,3991
3231,2567,3175,3177,945,3230
1527,1528,1529,3025,3024,1530,1531
3341,3342,3639,3638,663,1105
890,2503,2504,3154,3153,358
1183,692,2069,2068,1180,1184
3846,3584,3117,3583,3842
391,146,148,149,147,393
3930,3931,3935,3937,3928,3929
613,1301,1299,193,3464,3465
3522,2083,3376,3377,2084,3521
3132,3131,3130,3133,3134
1650,3094,3093,816,815,814,813
1048,1092,1094,2714,2715,1972
2283,2284,2285,2286,2959,2963
21,4,90,1780,2525,910
1221,1222,486,2101,2102,1212,483
288,752,754,77,76,75
1642,809,806,1639,1641,1644
3286,3283,3250,3252,2594,3269
828,829,2432,2430,1680,1676
2111,1231,1230,1228,1229,2110
1203,1000,1002,1202,1205
904,903,2532,2533,1773,1775,905
3708,3711,3712,3710,3709,3707
3312,1908,3313,3316,2646,3308
72,2239,2237,1356,19
2831,3403,3404,2834,2833,2832
3627,3628,3230,945,947,946
937,3135,3136,3614,3611
3970,3866,3943,3945,3946,3971
3601,3602,3141,3143,3598
3595,3600,3601,3598,3597,3596
2983,1105,663,662,2981
3933,3932,3934,3936,3937,3935
220,221,223,1559,1558,217
3087,3085,3086,3084,3088
2420,1653,1651,1652,2419
2141,2140,2139,2144,2143,2142
297,768,769,756,753,289
2883,2884,2150,2149,2829,2830
1257,1256,1255,2140,2141,1258
411,2694,2692,1965,413,412
1097,3333,3689,3691,414
96,430,431,37,157,159
2602,2601,2603,3276,3280,2604
3786,3916,3913,3897,3784,3785
3148,3606,3607,2523,2524,3152
3635,3636,3631,3629,944,943
2186,3742,3739,3432,3436,3438
3437,3438,3436,3433,3435,3434
604,608,2937,2938,607
3450,3451,3449,3448,1351
295,1197,1198,139,80,296
1251,528,168,171,1255,1256
1137,1136,1132,1135,1134,1133
3691,3689,3990,3992,3867,3690
794,797,706,1498,1496,709
1890,1889,1896,1897,2632,2631
2339,2338,1517,1518,827
470,2097,2098,556,557,473
729,730,728,2346,2345,1533
1804,1803,1769,1767,1794,1795
2104,571,1218,1217,572,2105
658,226,287,1572,1571,659
3424,3422,3421,3420,3423,3425
3566,3567,3925,3926,3564,3565
41,42,14,1,7,8
58,214,215,595,1379,1381
3257,3256,1841,2589,2592,3251
3863,3641,3642,3866,3970,3969
1592,1589,297,289,708,705
2057,2058,1121,2739,2740,2022
101,100,1883,2625,2624
2302,2974,2973,2312,2311,650,1417
546,545,1281,2184,2183,544
628,627,2844,2845,630,629
418,417,6,416,415
1913,1910,1909,1911,1912
1664,1667,1668,1669,1666,1665
1462,2328,2329,3555,3554,1464
1973,2707,2704,1080,1069
3581,3580,3114,3109,2493,1752
1506,264,265,560,559,1505
189,601,602,190,55,188
2813,2811,2808,2807,1190,1188
1436,1435,238,239,231
811,810,809,1642,1646
2544,2543,1789,938,3190,3191
215,2849,2848,210,596,595
305,799,1621,1620,800,1629,1628
2713,1991,1990,2716,3976,3978,3692
3032,1867,981,376,459,3033
1519,1501,720,2353,2352,1521
1787,2537,3206,3208,1821
2046,2045,2047,2049,2050,2048
3588,3589,3132,3134,2502,1760
2534,2531,1783,920,919,918
2499,1755,922,2541,2542,2498
1313,1310,1289,177,178
2529,2530,3168,3167,2528
1729,1728,3528,3526,1587,1586
1621,1619,2403,2404,1618,1620
3160,3162,3161,3158,3159,3157
2085,2088,1207,1216,3385,3384
3667,3665,3263,3314,3313,1908
1561,1560,739,1542,1540
14,35,5,2,1
2931,2932,2933,589,187
2700,2701,2702,2698,2699
2002,1103,2721,2722,3703,3702
2240,2238,3759,3760,2237,2239
369,352,353,345,347,367
3121,2494,3582,3581,1752,881,3120
2863,2864,2860,2859,2861,2862
2495,2496,3843,3844,3582,2494
3578,3577,3839,3840,3579
1549,1548,3030,3029,2362,1547
2855,3415,3419,2856,2858,2857
3856,3855,3195,3196,3194
2750,2752,434,121,2757,2759
825,65,323,321,826
1115,426,425,424,423,1112
2386,3504,3501,3040,2385,2387
2460,2473,3098,3097,2991,2990
446,1142,1141,1136,1137,444
849,845,329,829,828,848
728,1530,3024,3023,2347,2346
760,862,1727,1729,1586,759
1688,1689,1660,1658,854,853
2894,2893,2188,2187,2211,2212,2201
3579,3840,3841,3835,3836,3938
887,886,884,883,885
754,755,290,73,66,77
2784,2782,2786,2785,2781,2783
2573,2571,3248,3249,2584,954
104,115,114,2010,2011,1111
3058,3057,140,141,79,2392
520,522,523,521,1246
2657,2656,1929,2665,2664,1926
1437,1440,1733,1732,1438,1439
3003,3002,1451,1454,695,2999
2707,2706,2703,2705,2704
1441,1445,1444,1443,1442
1109,2003,2825,2823,1108,1110
3836,3835,3832,3831,3833,3834
2871,1276,1275,2170,2174,2872
