60,2,96,97,91
68,69,66,67,70
17,110,109,19,45
4,6,9,112,113,101,3
111,126,130,104,103,102
64,65,30,15,8
55,86,87,88,89
11,3,101,100,13
130,129,72,71,104
115,105,107,106,116,118
90,59,58,86,55
86,58,57,52,53,54,87
114,111,102,32,61,98
73,76,75,74,107,105
14,13,100,99,63,34
35,34,63,62,37,36
120,121,124,123,122
93,47,46,18,94
2,1,47,93,96
123,124,79,40,43,42
61,32,31,30,65
54,53,38,39,75,76
46,45,19,50,48,18
33,36,37,10,7
38,12,11,13,14,39
103,104,71,66,69
23,21,4,3,11,12
43,40,26,27,28,29,41
63,99,98,61,65,64,62
24,25,72,129,128
56,20,22,52,57
1,17,45,46,47
79,78,16,5,26,40
32,102,103,69,68,31
87,54,76,73,88
28,27,24,128,127
77,44,16,78
101,113,114,98,99,100
19,109,108,82,80,50
113,112,125,126,111,114
95,94,18,48,49,20,56
125,127,128,129,130,126
91,97,92,59,90
80,82,83,85,84,81
121,77,78,79,124
108,122,123,42,83,82
116,106,33,7,119
89,88,73,105,115
110,120,122,108,109
75,39,14,34,35,74
48,50,80,81,51,49
37,62,64,8,10
118,116,119,117
52,22,23,12,38,53
20,49,51,21,23,22
97,96,93,94,95,92
26,5,25,24,27
51,81,84,6,4,21
107,74,35,36,33,106
59,92,95,56,57,58
30,31,68,70,15
83,42,43,41,85
9,29,28,127,125,112
84,85,41,29,9,6
