-3.05247493948002e-12,0.971897738147476
0.968934104020479,-2.8836343035632e-12
-3.21435933425818e-12,8.39068398095222e-14
0.965399093309886,1.00000000006664
0.116483106855018,0.6110760107616
0.0570095631871021,0.798818429116795
8.56831966489224e-14,1.00000000006455
0.22560378160526,1.000000000074
0.489101834545422,0.861077450958637
0.201753555062178,0.13982575907841
0.301001441222755,0.0926575711703529
0.421339551492123,0.0857877585447564
0.411785457629936,0.0893746153568277
1.00000000007493,0.031477043016111
0.970918647792357,0.0300296007035612
1.00000000007493,9.03825625453436e-14
-3.17239984282125e-12,0.0618773326428186
-3.21436106898165e-12,0.0258217581325593
-3.17239984282125e-12,0.0866178097132286
0.0271427126201411,0.0905598349788592
0.717000705936371,0.0502659068670462
0.689219009684921,0.0548661979538908
0.805516552890042,0.0272561410957713
0.574837855967436,8.64395360844483e-14
0.434583781903557,0.0933029187813439
0.596777975525833,0.786023527898867
0.612920118677264,0.795951041253414
0.134652446227497,0.626485627133166
0.0854607802241804,0.526580543554609
0.0924612897349193,0.544989572543506
0.12097569706626,0.597027540243381
0.108135193881279,0.57916951671732
0.141932393378031,0.590008584234188
0.0928365293958151,0.578888548196575
0.0833777530506916,0.558402988763361
0.156511062127587,1.0000000000772
0.19009051178616,1.000000000074
0.156846085048361,0.972813712384424
0.160131591047099,0.655470820735183
0.0636380375346619,0.82192618578618
0.0704473050960846,0.965238501194288
0.506655010002747,0.570390914917027
0.526392484696982,0.49610099624749
0.517123428024816,0.496616068662697
0.364828478452738,0.573542975357452
0.58187708835705,0.750073825473152
0.600167333627542,0.760648108723113
0.307443766304475,0.759547717781856
0.531202569615198,0.852422126339719
0.476799072053658,0.862324129456879
0.511749836566693,0.832805876811489
0.502425878304691,0.834666818224698
0.481878980063572,0.81960836053127
0.462335168281788,0.889912643501186
0.178325396858053,0.0868738065658448
0.190196647905479,0.103243203575672
0.186114210936799,0.0680758370666192
0.199261346801083,0.0658332329169609
0.157821177846713,0.0903613413696551
0.154891601587467,0.116430937284445
0.332476321986366,0.0486861018108809
0.337631196057436,0.0867955142836976
0.216742000314941,0.0853608628344859
0.209060435056256,0.101689561944101
0.219404690309703,0.11767287919953
0.23267557097078,0.120241656052963
0.209677827644788,0.151582782031877
0.374953838632011,0.0275316903676897
0.369471012876985,0.0329518284052104
0.374320114391669,8.721495747821e-14
0.40481284772186,0.0512701164954364
0.440223373218565,0.0350835951055447
0.424737820802865,0.0626003376020464
0.437614498412246,0.0558806771337348
0.369302868055957,0.0493354211349037
0.354912831868915,0.0743677797073903
0.355191137425771,0.0608252934556011
0.374643094616995,0.088324601689525
0.389818349234545,0.0766136902423716
0.390600558025098,0.0613932213069585
0.805395407457413,-2.73007311202278e-12
0.777078067380186,0.192891471104617
0.78603748703789,0.205796192039948
0.939625986066802,-2.8836412424571e-12
0.911615489082578,0.131983397057339
0.0391627692209812,0.0779388544653141
0.0768142880199506,0.0773862287254164
0.0614464221692722,0.0887132352419594
0.0321152465496718,0.113198627999075
0.0383245165410278,8.39103092564741e-14
0.431461491432225,8.82922207567916e-14
0.430329192252032,0.0271542188539142
0.402418811360694,0.0289192425646057
0.405609812971291,0.0322844952379172
0.403304308470938,8.82904860333156e-14
0.573983099107463,0.0208816730267008
0.684162612058049,0.0655220178689498
0.785220934228861,0.0366597775879495
0.721055673742816,0.054728754901817
0.749307481360176,0.0533080318563307
0.783859381859079,0.175063778347693
0.656204996911604,0.0356089797228516
0.636828092977617,0.0245399778355861
0.772221538835091,-2.73006790785235e-12
0.458729853408587,0.0292311104871112
0.486056409697786,8.80302775119191e-14
0.45921836215526,-2.76675904409274e-12
0.499293266094238,0.47870376090949
0.476827331685935,0.492880868123305
0.498040830257341,0.55204522053898
0.484245569265883,0.514604551436838
0.502297230827456,0.517872527276129
0.510650829152036,0.533810887765378
0.59702471091933,0.131115300877131
0.614418116503626,0.117036338070027
0.470193828599978,0.0357507793268484
0.496938121904198,0.0334386620537703
0.487802752475605,0.0290566785198895
0.558668441388885,0.0521026281616266
0.549757909920621,0.0316878805762512
0.964698969783855,0.250930777465257
0.97389805475841,0.269156955001168
0.967295998227483,0.479292771438334
0.913600088826559,0.552231386078127
0.855742662626261,0.306535592047088
0.535842791719331,0.588025849102714
0.525362513589488,0.572005894512848
0.716582658632984,1.0000000000706
0.755289025371151,1.0000000000706
0.581004354521574,0.7918460437866
0.534607209913013,0.960104283784987
0.50739285201539,1.000000000107
0.531954073027038,1.000000000107
0.243705979648314,0.502710943911958
0.342710736621152,0.536011763243443
0.468571214529785,0.454973006219439
0.334978330750247,0.513545842524768
8.17158840593635e-14,0.493148360920009
0.0165892906949902,0.458819792665908
8.17193535063154e-14,0.459794082819537
0.0679899308204175,0.491576576236976
0.0326723401677403,0.478083793725706
0.0284008744188195,0.490677249566931
1.00000000008371,1.00000000007738
0.832200055015984,0.81619156766542
0.823349478678165,0.834738929603315
0.698499906528323,0.785043273047165
0.17634797684996,0.573530687931566
0.196002649212932,0.563626562475308
0.217689844249329,0.53455543454711
0.196705714656506,0.54866418417296
0.0345855463759632,0.767703814664914
0.0270935502646247,0.75757234648129
-2.63276032919091e-12,0.758580238986068
0.082688218014234,0.59185065458476
0.0607841348823938,0.588200532817429
0.170803135439194,0.964755571256387
0.190539415777031,0.975628719852142
0.351082282892547,0.961996723621377
0.333471199863965,0.971493615567613
0.268881544011236,0.887553339235482
0.110314654641461,0.766657005588638
0.118784099486071,0.748277826291068
0.13955697601344,0.657728542994936
0.128957431489102,0.646618601805214
0.110457152780878,0.649330774099262
0.10406342333325,0.6699070825232
0.147533947790482,0.757795272345452
0.13766467430136,0.747071102410014
0.132826478280366,0.680001461572165
0.114512940510565,0.681985644442779
0.15215960435045,0.620881728548591
0.164736560567876,0.631738628606561
0.155174854840473,0.60038577904714
0.185682001751044,0.627049179171374
0.173995335044308,0.593261485492529
0.189406196701676,0.605083080407187
0.195838202720481,0.636961695683276
0.234725232226939,0.71658005203657
0.293580161214445,0.754413614669432
0.0298738121512397,0.894177720456965
0.034776861270396,0.908647644066155
9.21294290856522e-14,0.894526098371756
0.0360945810874286,0.831777983404044
0.0602162497474782,1.00000000007617
0.139057944710762,0.964669329704618
0.105100152320697,0.946341340872531
0.0559598759704149,0.938140240720553
0.0707682267469234,0.949233381151279
0.0892776740122116,0.937756620748205
0.0590109583499642,0.914290942123155
0.0345095872141424,0.884143392639787
0.0606706316402558,0.858166307893875
0.0590447059543954,0.879733307390806
0.524640196376124,0.610536294346254
0.253795538681814,0.699578596329677
0.245863816000418,0.680065511204532
0.306404722852392,0.718227031283028
0.289578823687158,0.729396003988893
0.273939034857345,0.723988397216728
0.268570005131108,0.703870520818188
0.301512348468078,0.694687578515627
0.283776355804079,0.690350902506436
0.315420611128094,0.68286258928576
0.38182734122342,0.707715679732916
0.384580810159387,0.732851272772329
0.373011280612811,0.584773264811489
0.586449826100855,0.720059826689829
0.607091553773786,0.721156927482787
0.298828683386709,1.00000000008082
0.334188165801815,1.00000000008521
0.407321862227217,0.737806093044047
0.411723944915656,0.750620004864094
0.451506554210961,0.78962143221657
0.434923229816861,0.77923184572248
0.446087941017184,0.748145932958563
0.433901857703059,0.75777705872734
0.54806224548229,0.727202843320867
0.505535567430744,0.877334298755157
0.524767103902644,0.872971052893465
0.441575274191411,0.852199822003413
0.460149898779092,0.847020080979565
0.466050180785229,0.824845149916127
0.448603389979412,0.811181804863887
0.42524793507277,0.835820224511819
0.429634439017371,0.81903776800606
0.38195039731547,0.872913486220536
0.403079845493965,0.866332906228217
0.40573172367923,0.842528715875803
0.391552610729653,0.832422687509075
0.302677913589509,0.906068897312947
0.368456674789193,0.970526669164743
0.385474683812646,0.961474486734261
0.368452682339628,1.00000000008521
0.437207423410071,0.910060084382735
0.454744137218609,0.890298066464589
0.41395237245195,0.899768559736701
0.435805285884609,0.869981243146687
0.416266120130633,0.876359981609312
0.0964884953060687,0.301471897284518
0.108434871962812,0.312402958498764
0.127705769103818,0.303940447579798
0.0350335582488164,0.305881318564156
0.158473795877681,0.119888912808467
0.157595001076661,0.143762261648699
0.173164881085666,0.153250841022182
0.192068320654285,0.137710805980032
0.181902412631886,0.118937129228187
0.184188041080536,0.0285926184426415
0.185794509901652,-2.62983038123998e-12
0.151071566083699,-2.62983385068694e-12
0.213335858279344,0.0436047401368898
0.212642936359091,0.0385138237283567
0.147904191873814,0.081840306329766
0.113435171754341,0.0617370226487378
0.302677449818629,0.0881935318369571
0.321504634505417,0.0779391258153211
0.321568668581553,0.0579637368027301
0.2961733446693,0.0499393346209867
0.286919175331092,0.0631731441349236
0.312234186941419,0.112583325870379
0.244517439379902,0.112183120490286
0.280019042197813,0.100239869824435
0.332952045100136,0.0337405080580589
0.344203739464318,0.0245256147900555
0.77953964152021,0.225194466311462
0.943668754347338,0.252201037651434
0.935381659129878,0.26895540449805
0.927970584564402,0.159247369820975
0.926365906129241,0.163151637498007
0.812713516814692,0.160039281299163
0.805152231289239,0.172283686824476
0.875168849734662,0.191426133658506
0.897221172195346,0.186364337414437
0.901917246904645,0.17133386720989
0.881965559122622,0.223787792168836
0.869154441245147,0.207680787233438
1.00000000008267,0.0650247759349638
1.00000000008123,0.0848839742800366
0.939172329553289,0.0313997305944419
0.964293688496029,0.0365774542689032
0.966985893438981,0.057899606604787
0.953828803054536,0.0734249651005398
0.966381175749952,0.0927796793267007
0.954413618396058,0.0810361893442867
0.931711704193785,0.115981926960671
0.928515968404972,0.0999156977878014
0.093780597333412,0.113496260420185
0.0935690001106103,0.0867407869543499
0.112317279983082,0.0777279103601197
0.126252624606943,0.0894912226744715
0.138836438383661,0.152201114729566
0.0683372372519342,0.17136395574572
0.0748480407265471,0.148598901523836
0.0875930430079687,0.184774443250812
0.104984727358554,0.168703906647158
0.101234054005569,0.15193458264378
0.0762107046546351,0.0611931975785082
0.0765790943427749,0.0210703142312833
0.0964860790516924,0.0485623222006381
0.0967813921857498,0.0342576002837358
0.0286826330735389,0.0563273886599522
0.0377521007180832,0.0633803482425671
0.0384127822831074,0.0222661319766753
0.0275480392777123,0.0313275873481868
0.0601430526127705,0.0333402024295244
0.0607947310224713,0.0504532590577062
0.0616794348291935,0.105656388963134
0.0480518536964993,0.116367116991735
0.0835434119222524,0.11668752436201
0.0716826262250068,0.143480612206167
0.0545004698158514,0.138651009078124
0.0767061279202652,8.43613373602281e-14
0.625932960440116,0.121098093671309
0.691061381161665,0.137805162454795
0.672423757360582,0.0704018994281648
0.642958075727167,0.061694041157003
0.651442826729843,0.0578582422783272
0.635621879516883,0.0849112913589785
0.755139663661792,0.06361929791803
0.772727117679447,0.160206351644159
0.752614348963273,0.162304450610502
0.683478870187058,0.157236398115877
0.605195139506634,0.0265516135872665
0.587579671032892,0.0332336720791425
0.620176545061728,0.0507117116305567
0.619107978733201,0.0352525934010512
0.583591143168744,0.0496966502794775
0.637197008090776,9.08197128612898e-14
0.605834537696008,9.08162434143378e-14
0.754144948307073,0.0356003034867826
0.77143199296512,0.0285898173456346
0.667855231020556,-2.64348265499592e-12
0.355747644916276,0.497998576131078
0.489137223286741,0.387143890342024
0.490791675963208,0.368660476868982
0.512993335759473,0.359427336057076
0.449995840039607,0.273512036179471
0.506693692402963,0.249400823829316
0.469575453757176,0.264079975330499
0.524183873373285,0.238706960209092
0.540640163476815,0.247086012312071
0.544237849000623,0.263794793193951
0.536367089159375,0.27445689092871
0.481881719971533,0.295643985046527
0.482840597260846,0.273991995601706
0.515315749192793,0.275652973855877
0.505317205795348,0.265829012831178
0.622822344949738,0.232317574141418
0.608847357681587,0.19673184799186
0.625255933490081,0.242038845380293
0.625286730681862,0.281692402958207
0.591472158750582,0.062291069995566
0.607134359602358,0.0634841730811922
0.617138285148159,0.0861552900166443
0.608170379818325,0.0978040247759133
0.578358473121586,0.121545654623094
0.563318924440585,0.13501465538641
0.54217163240655,0.124783799698861
0.529728877539814,0.0349898872640245
0.546179687690318,0.0299793685731795
0.515313781483955,0.0257201202073467
0.516643869287477,8.80233386180151e-14
0.542839574098771,7.87113429989716e-14
0.946538941724877,0.285125376454582
0.965966229091746,0.283669747692297
0.972121266966991,0.237969828983208
1.00000000008183,0.206919018960707
1.00000000007477,0.268518515409919
1.00000000007477,0.300332731481757
0.97607966571052,0.464632539694272
1.00000000006966,0.464956100449534
1.00000000007181,0.496491711565321
1.00000000007181,0.528757086688488
1.00000000007181,0.561191905349479
0.870390852754582,0.407734511594923
0.938976873147727,0.462917128726563
0.916882524405452,0.461701981560873
0.94741306545147,0.479437049923568
0.976246779045149,0.496528235927825
0.905886241909399,0.610146676098395
0.943344306034087,0.608203764481042
0.926571284945011,0.528971040398996
0.939011348162058,0.494018825370521
0.935044173536075,0.59390127297595
0.916192150210061,0.59337177241398
0.906588895890332,0.576756224515059
0.916217075233676,0.558844551940365
0.832945482658361,0.721192494936793
0.855687040507395,0.724113981877257
0.86420482823345,0.703246908406886
0.643186847982422,0.731866445246599
0.620029816478955,0.739338683847236
0.615757520360604,0.754271025645442
0.710591162788537,0.780066133076509
0.731927775340005,0.795254877789828
0.644415457572268,0.712726807832272
0.622692218150199,0.700820327271432
0.676547647066836,0.675135441963209
0.659496468842673,0.703064337424772
0.660368365113892,0.686155776817044
0.917024474507378,0.270775584639557
0.904771358304494,0.256163310666403
0.868494856315626,0.317316206617612
0.559190264029245,0.513652829510066
0.541750062558616,0.514800335258708
0.529736184155283,0.535804413246233
0.538705105835434,0.550189157526721
0.590482828637121,0.469839944465731
0.567566535842999,0.498500287303732
0.588388791591985,0.494423148347394
0.708529265771031,0.459830007467991
0.691993556926058,0.917661339916991
0.564128066454988,0.781575934803487
0.530468176567168,0.758050510724194
0.567581701068016,0.755929068747758
0.549193689889199,0.745560992490294
0.511142639704356,0.792313660942142
0.532921782059524,0.777965038463184
0.549365273606171,0.787193413859862
0.521869744920482,0.816041770419327
0.545553434528046,0.813750370021899
0.106951257343033,0.3265940691873
0.121147272486697,0.33958988011254
0.102724896054051,0.474738200368828
0.0891904747507769,0.494973828571329
0.0968237392721406,0.511636662388579
0.221856955774876,0.465095928652491
0.12362616296321,0.483011410792307
0.393646588731228,0.475650431084608
0.37808011938727,0.28396130564059
0.360121703760717,0.292512361669147
8.41601094370148e-14,0.615864358978668
0.0240444411485869,0.58465912380542
8.67795418857398e-14,0.584322942991592
9.09706338036997e-14,0.521628069014479
9.09706338036997e-14,0.552823289779557
0.0269521099815436,0.522540300339429
0.0650673349814406,0.524590097483228
0.0575620151351009,0.50598010783809
0.0361525608097348,0.50438120251291
0.972906529174658,0.868936035603258
1.00000000008371,0.968439493376952
0.964318138598805,0.981027596877436
0.977818822026721,0.96668276483939
0.851954474445842,0.815649077715242
0.860661077421622,0.829829334147789
1.00000000006988,0.932908598783189
0.879048526238059,0.944171430173048
0.875376686477274,0.905208515679231
0.846431095258207,0.965367282520337
0.813347241608177,0.87337384811796
0.771213594405254,0.792101675068504
0.821986087656103,0.800882499940635
0.803744404479517,0.802028739253453
0.793473022791798,0.789434466602181
0.830456614020431,0.784440220121735
0.66100498342811,0.857861138802942
0.664315295195863,0.838006136144907
0.641157527227075,0.825191581458322
0.697495365212982,0.859656037726738
0.693058314815695,0.898317743422087
0.679017141004472,0.870747409067932
0.678141469634096,0.887188039532201
0.675622970177614,0.83155750481584
0.694159343614019,0.804767171334614
0.679127007848705,0.81138706230138
0.697247621505397,0.843164105481782
0.810716871858549,0.947156156015421
0.206937754440617,0.598704524169899
0.210359959286448,0.575498367383184
0.189819033339159,0.509229769854836
0.193799918180007,0.484476881281534
0.213140050326105,0.480381556625122
0.227719688490884,0.503988385502222
0.215650273273894,0.518421058250252
0.181285817019121,0.514588292968419
0.178686630942195,0.534489539615771
0.157125734754893,0.503147026764819
0.257831911891791,0.665492842032769
0.277198776330293,0.668054308608983
0.336706899458489,0.607462644772455
0.255612092095692,0.516301016441169
0.0538426674505756,0.766651245349657
0.0913581549125329,0.767999548906029
0.0649061225918392,0.787906563049427
0.082443042818284,0.786579337261866
0.0224877851948972,0.647325530106868
0.0312166856656577,0.668977595389736
0.0246514589983025,0.677100625993209
8.19119078121489e-14,0.647175165682009
8.32233587599873e-14,0.677463508254454
0.0320642691467802,0.635256188331987
0.0499757218803402,0.602918883885369
0.022916283290746,0.616139917187553
0.0327306302322002,0.602055478375774
0.223687097321616,0.937888527081032
0.206485087517162,0.96533772333484
0.207087809870164,0.948890577297678
0.262128656701944,1.00000000007491
0.316702855887371,0.96293742850396
0.31424603374721,0.944040362656634
0.298027964082855,0.975376582694049
0.330820156027838,0.929517945383136
0.32579103975026,0.910924074843051
0.350145385370758,0.936065650377829
0.341812636359949,0.891496206149125
0.340354636152995,0.891894562097135
0.26333790397323,0.850299497027117
0.254880522030818,0.827979411337653
0.100476566427892,0.639164774365747
0.106396031935053,0.615493356749013
0.0863774013835792,0.606842736827978
0.0488413750077835,0.668215987464547
0.0590394683760852,0.688564089456931
0.0851272098080264,0.672018019000214
0.0776141212855687,0.687027406276426
0.167848392632856,0.755153481924431
0.196675563775006,0.730099801685689
0.173325576248306,0.730458664294313
0.141767313906152,0.779205041181177
0.121921247638568,0.783089724574356
0.15481355394184,0.792081438850803
0.152218113329735,0.807210124774508
0.0934009507480307,0.882580353614307
0.119071047034799,0.913627754474329
0.124223799658185,0.932948068413913
0.138825155402113,0.939145657608874
0.248189311644299,0.878449139942088
0.247221680734505,0.864766129805141
0.21920910040458,0.669969604315784
0.226102606635776,0.678281832611128
0.217285922142929,0.704322956670548
0.203917253431912,0.707135432938885
0.277566304115763,0.763326965828458
-2.6516219775452e-12,0.921266641678992
-3.0524766742035e-12,0.951135095655144
0.02704991515913,0.812477154953338
0.0339589516057278,0.798329968099124
0.0273964706222538,0.785526916909743
0.124383560458361,1.00000000007923
0.0918821554726766,1.00000000007617
0.0916763884959257,0.975316226642331
0.124101812838286,0.97292659275968
0.10699139137117,0.964703241975928
0.0598784301351045,0.973637028261953
0.0288929494062941,0.97616246753359
0.0367458209354408,0.967438349456855
0.0304063635200039,1.00000000006455
0.0666003625474915,0.887192602888255
0.0632751998366681,0.911376279778487
0.0974534796042436,0.909621663644182
0.0876623695161945,0.918643332051567
0.0332939682900853,0.839749555760538
0.0362743550167515,0.848895398621676
0.0264990476568562,0.867099049685243
9.21276943621763e-14,0.866166230219722
0.525965688299948,0.613971353695439
0.405077767841117,0.699035990121808
0.417380978866819,0.722558949453708
0.446694898192529,0.714627195743091
0.441700725414421,0.720861481593954
0.332427444437368,0.686344159744015
0.37113022641956,0.701891553519423
0.32439110167104,0.64536149393033
0.318115666878687,0.624218613683188
0.299514658193883,0.618527750066143
0.308815419858253,0.659090265792181
0.289840076922459,0.654854581982403
0.28440419873562,0.635799059798641
0.324927534736237,0.746194834481389
0.320378574498196,0.723429530542611
0.339839723947063,0.711143597385109
0.348943625138478,0.714231356809152
0.353368053345063,0.613777521065408
0.367919333491747,0.605634849942961
0.393035340584377,0.622202200522448
0.559169592835164,0.716653095364218
0.585869091353282,0.719447655668844
0.587102580809304,0.689436888853153
0.563650068419929,0.680371150563693
0.552989343592411,0.690472316850852
0.394205791743474,0.808379915423982
0.373244514860387,0.798385448350132
0.412227730188883,0.790506674485774
0.40981048816264,0.799934121808746
0.397968784211059,0.769685408947775
0.360039400715686,0.808190203247633
0.468632163904076,0.754171922534393
0.465796820423277,0.782862640272048
0.488187644632535,0.793412461438105
0.498745715148812,0.788521635468778
0.542757770622374,0.89085971018246
0.560271726853183,0.929901478855827
0.540953356939162,0.935838250726851
0.521946089788721,0.917753047560092
0.516545351398995,0.917827122100203
0.477246689555964,0.902960698082494
0.49866628872604,0.897928239464995
0.568184895978498,0.867296596190977
0.565459257808103,0.909662910534314
0.546002807355321,0.890897006229313
0.577553567014282,0.817207424432134
0.554715327752287,0.822461196664387
0.551432881272413,0.84625738840569
0.567375357817215,0.859334124227221
0.400948597036449,0.907679523333968
0.386524228837091,0.938651769012216
0.399593721488699,0.929858696861433
0.362781298867986,0.927989157097758
0.38031912033242,0.89691456114417
0.364704099627033,0.905239781047885
0.352951657097002,0.867775231435421
0.370072950755879,0.863952384235928
0.373481512161844,0.838440458173795
0.36016479576314,0.829336141934185
0.285026975564237,0.875547698692597
0.300362850388818,0.880743519364759
0.313605624020637,0.87295369296194
0.279260211585371,0.853789736243617
0.29634106863398,0.837534916377528
0.403753587630631,1.00000000008519
0.438431067208682,1.00000000008762
0.403367173098459,0.97172993790812
0.470935994768021,1.0000000000897
0.0181829017432093,0.286264659780973
8.02899413621105e-14,0.251053563531322
0.0758767236068839,0.308146082389545
0.0370828211836122,0.305810510660348
0.0554157385724532,0.287748507512891
0.0640414438111611,0.288892840992317
8.32164198660834e-14,0.286545351478706
0.203974061349871,0.171702343872776
0.140212359246341,0.223608904326597
0.16245558371498,0.29069115302023
0.170741219688622,0.0527352759497013
0.172512635185753,0.0366607938016055
0.148873980823488,0.0629552136662478
0.133468958213925,0.0508581441530758
0.293962121424786,0.0363135348867383
0.311679566035471,0.0224252338987382
0.270815816323668,0.0663028755588658
0.255288141819648,0.0511139619610865
0.237044410479624,0.0603555162012494
0.264480853518097,0.0857985193939549
0.233217156633671,0.0806801412522806
0.246904831807195,0.0915069010058874
0.218132283913982,0.0305389267645913
0.325769116754661,0.147710979167197
0.339440458525599,0.104217936611098
0.329249011464781,0.113950998821112
0.335885591707357,0.138803222581251
0.351559822000163,0.140398835730776
0.383001406282778,0.228267870668153
0.380193319149047,0.267369330659905
0.362598695819915,0.253687596080056
0.363658697107393,0.239616910212456
0.401873075650862,0.113829139527074
0.361053737436173,0.159528188382728
0.388849349524211,0.15226152840234
0.344504664165189,8.721495747821e-14
0.696091377193262,0.358971526415446
0.737816450718029,0.437816731034915
0.711041834654458,0.441489941756666
0.66737638042075,0.351460299034582
0.678998049566777,0.362526294612122
0.742758067444224,0.424931741251296
0.776288777018554,0.440842839174447
0.766027929641978,0.420713120663367
0.720978007967288,0.30521592655877
0.704574724638817,0.340783604290733
0.696934989931302,0.277100161219102
0.829459039609114,0.295181307189969
0.843958073210746,0.307930213775339
0.833669703139267,0.330306034119846
0.818116694628003,0.331863172298615
0.735245500669648,0.322152929778641
0.734684204442707,0.357171591188621
0.724336360850643,0.341192193655521
0.752301697426439,0.356446697276659
0.81145616564567,0.381824537151489
0.820103191783494,0.365238256674982
0.810097304202455,0.350438822115881
0.789774647097212,0.351802890732957
0.605742826257175,0.259951600909875
0.607643451892476,0.273111646813684
0.591209041382058,0.287142123387374
0.575048717748615,0.283065683671202
0.568891079238787,0.267845359078248
0.643959774852813,0.359121329452968
0.909336409662469,0.202289057371208
0.901490419942997,0.221305105448247
0.913228466262827,0.236597977373193
0.932845923912845,0.234900671538068
0.963116812098707,0.184196717371051
0.963735724444169,0.217771962797948
0.970065500415798,0.207586798123821
0.94112332293236,0.219125985602007
0.937815024082268,0.186279641064044
0.930334776703636,0.200072896913146
0.967322915231522,0.177947697240673
0.834916393281219,0.194725000890931
0.84916569351607,0.211827124566244
0.811255342158672,0.204635760351752
0.816841522412612,0.197047120975997
1.00000000008519,0.177774916807216
0.929027694375252,0.0585026264836848
0.930454995181197,0.0376211976540525
0.821199446043107,0.037181286219264
0.8215191202079,0.0541988903847095
0.907329150177429,0.0283599730408804
0.892355450070746,0.0382379128806501
0.907169236633701,-2.83971110515147e-12
0.769197737230093,0.126563705762711
0.780825726400635,0.13997762744683
0.799402584490817,0.137917985220837
0.808594553019978,0.123232589340428
0.828171140265461,0.122680078617124
0.126361540446719,0.140404525692274
0.108280794131924,0.142612069886634
0.0972758548504024,0.115175567221738
0.13326350040978,0.117662608543325
0.124116806447165,0.107965328646241
0.0511371016869333,0.199813445523066
0.0575278360042598,0.175494293815325
-2.77265016501715e-12,0.152611437479547
0.0346874600583959,0.15340909989984
0.0367449999750818,0.162969387765291
-2.7726466955702e-12,0.180168790882288
0.708478697281323,0.134844543542105
0.721589802096463,0.150276425644672
0.747646952516468,0.130022800878131
0.74092231171361,0.147317891856893
0.719809619936455,0.0787257290807546
0.705417785857248,0.08668265141823
0.701635660139951,0.0990049815353706
0.715947661530903,0.116387220037546
0.735424010636907,0.113011872527846
0.742952957470146,0.0956075267509198
0.739919936711675,0.0879230359322913
0.644372981139691,0.110713472956648
0.646883906338048,0.0972286759975321
0.667175286871191,0.0905455378262101
0.682566043875853,0.105513563873097
0.661116849993393,0.127028093168677
0.677145582667985,0.122953583116409
0.808453923240731,0.0886312255972858
0.80225937892658,0.0678154087860155
0.798146951583474,0.102565914325795
0.786668311731485,0.0620945020258177
0.774817252861275,0.0691634229821618
0.774124490463701,0.0998156932673241
0.775770731898078,0.101776960037065
0.631795723210171,0.201947343279293
0.636315217876,0.21239018119914
0.631945080370287,0.145562255475427
0.642324444362187,0.181178509150054
0.654176422449929,0.178501227427994
0.653273404411838,0.145942960255587
0.661846435863865,0.158830384781178
0.755249514728741,0.195307695613181
0.744794279358373,0.182244354211217
0.770514618065708,0.262998223006608
0.770036497772537,0.274331346988168
0.735642243282083,0.283119373983958
0.751100641043253,0.287963953079708
0.695147094261608,0.237167063230466
0.65976561645345,0.218380884229576
0.681439508433492,0.0340617244305661
0.668927818622962,0.0292781708819655
0.436241787230793,0.541936591747218
0.476968271438757,0.549272964700372
0.47018464371581,0.529595061000313
0.450881623552287,0.525029727468101
0.377286953783735,0.512216024262107
0.411909339369278,0.534361171615103
0.399126638661068,0.550025502125574
0.376093656896838,0.547569785396884
0.369206427401979,0.537037150185362
0.375360502934353,0.469596956141788
0.355082814957764,0.481926627076626
0.463455489026526,0.441770414814673
0.474109732046326,0.423365955000601
0.527364084554043,0.371349057173086
0.497701786675697,0.45840846525701
0.500730895798388,0.462358116340494
0.604429526200239,0.182783414102007
0.598672826323942,0.145882883310389
0.622710617415092,0.164890414224608
0.622176672254797,0.156337537855039
0.564628396026358,0.151119995126365
0.552694202311778,0.161283144739279
0.584784806829552,0.15890319848449
0.58772478044773,0.176082327899243
0.529644045915183,0.152921564326201
0.533475634909234,0.12903257435324
0.514477174629907,0.119581615426922
0.499263448650859,0.126233989291128
0.513878511048413,0.341529672253483
0.495928108237159,0.329308603060613
0.500644014511644,0.30571464243785
0.509291514806732,0.301998571491254
0.565876107786468,0.316668881159549
0.559200965916803,0.300711993534308
0.54477447086825,0.297255756086427
0.528908364280651,0.310185408295051
0.54833844556838,0.337552560528345
0.532104454593832,0.330504625002644
0.587341969606631,0.344001822234003
0.60814919314655,0.349402343495912
0.598228254144963,0.310102122720671
0.583650134654653,0.321898833744035
0.606454417736715,0.461822287057075
0.609806246716921,0.443862671278184
0.569752656150714,0.438129393055881
0.602681680462602,0.434616627188874
0.559568006464999,0.231362585092319
0.583915089792162,0.246314042806891
0.581481009496136,0.246880263018855
0.598008021703478,0.221656674847062
0.595985329998491,0.214990335438392
0.548404603059814,0.100381098236427
0.552528895833983,0.0653571315744377
0.588849084999408,0.0953809723326074
0.57686567925897,0.110132786031659
0.581746117494788,0.0788168901503092
0.559752050556648,0.078093505641243
0.551815405544435,0.0986639588011439
0.456040261447215,0.084769082918084
0.458029194925554,0.0680393286695437
0.469870286909272,0.0605218138372813
0.975970588022116,0.30093262266685
1.00000000007074,0.332923691969091
1.00000000007864,0.237396282011488
0.966578016675846,0.578743262982138
0.944971270004572,0.576403859486421
0.939184183782744,0.563872365393157
0.976289405667219,0.560929509310794
1.00000000007359,0.592750498790162
0.973402962344612,0.591851783882327
0.965122559924934,0.609234099930192
0.914154060538546,0.458383686794676
0.914324704735751,0.516051509584922
0.911706915498569,0.485956017534709
0.920664543144644,0.495715557127283
0.891721630102802,0.542168534464601
0.897518149512913,0.519296415205647
0.793410177950437,0.441475737301528
0.879793763861207,0.636077736072367
0.883191981518206,0.672750058881008
0.966713408961753,0.664936132183322
0.939410861411388,0.528739765064162
0.97692725797422,0.528721821946975
0.966960870197032,0.511484094304561
0.9501488444224,0.51184512675367
0.966745060913235,0.545325839025887
0.950763751575565,0.545025714358405
0.889503327337708,0.687168145395742
0.882023470945898,0.701482635240818
0.905399182078249,0.720312404043854
0.8924484963656,0.718724938380985
0.850602968624473,0.688643521773617
0.827551614418894,0.704124762609341
0.654658442732184,0.741981997340403
0.679669542300561,0.771771159168226
0.716601492580372,0.762423839119613
0.767859512196956,0.745431382462883
0.774322858173748,0.757317721975341
0.743933565484761,0.743341341712939
0.736954448977999,0.759102674107987
0.761834005613078,0.778358789317793
0.74785764395437,0.776957688247955
0.816269351810665,0.698426203027054
0.816046302753149,0.674269835050158
0.677258257035243,0.661290902529304
0.601147318178876,0.68066160206271
0.620775243694671,0.691419525370359
0.639362657186751,0.673772274768283
0.695035370582232,0.687232600841578
0.865575839867453,0.282116252129355
0.879225691371414,0.280256913133046
0.888104581551329,0.258297666249416
0.873868380594946,0.243463796445828
0.96719803006293,0.316637902770326
0.530688681638236,0.458796868337813
0.536854133024616,0.43863523535145
0.541395411511112,0.474926967762584
0.553302553819703,0.475872927373211
0.568612955107578,0.439683226505811
0.570960622182836,0.459002761699978
0.849102347987892,0.618234752550084
0.885930670185001,0.608810821389289
0.876560303601501,0.623952222997502
0.826455723272837,0.58663164656679
0.847070820209525,0.619896339023673
0.677105153834875,0.461199674855361
0.695726557575617,0.469387672045748
0.734327543628357,0.473188834988449
0.773993002723157,0.476113925637749
0.765849913117551,0.454733370344987
0.746016431940347,0.453439684446636
0.792280038148336,1.00000000007193
0.658702490380828,0.897319323618912
0.725311796046788,0.918048388004164
0.71237387203861,0.928444223392387
0.676300466327343,0.927334055047507
0.65693678945905,0.912680737716784
0.636676977172881,0.936857010086801
0.638215697797248,0.923409808874186
0.862465227146204,0.974254440696161
0.880293789930955,0.964241879091499
0.616864153800911,0.948976629172356
0.598439924415557,0.933864357897894
0.57732181348174,0.944841835811576
0.575843945768054,0.96259946948047
0.538127573678493,0.964798168974893
0.566991510183395,0.969936860456885
0.567473062388443,1.00000000007964
0.0620693623969455,0.47367884542994
0.0508866648121524,0.469705824946196
7.59600715660724e-14,0.422931628423973
0.0868282406269825,0.336175847161215
0.0719349622995241,0.319126651384709
0.0563374950824594,0.324239731427629
0.119363044421808,0.353566538359776
0.247294310942481,0.371361741720109
0.268571396338312,0.404511341454232
0.181565018261157,0.474337476015864
0.182184343571148,0.455685856161475
0.160956690850027,0.482930043499239
0.141977093840781,0.466342045916487
0.113145680250581,0.513315639952711
0.126802911223275,0.498732469618254
0.149733946132553,0.507269358795932
0.260182184563689,0.334581442346577
0.194101820945198,0.312326671880784
0.395830864802,0.479382146319532
0.408993981836555,0.520436226624071
0.387315477290282,0.508613204031451
0.392138796844849,0.402889929651027
0.363232159151992,0.375834885511996
0.276889516317947,0.420761856136459
0.255457024780522,0.442134298950359
0.322784234586531,0.509419753312326
0.31366567644789,0.485062007943602
0.285179849543831,0.490515624439954
0.281884419461505,0.508759511273226
0.415314326889997,0.271976725899423
0.434168979038842,0.261998566664322
0.40009911883566,0.242995495555034
0.398198443734031,0.258105157354213
0.302174585557931,0.361296944632053
0.273691321419259,0.34934813409445
0.287867213718436,0.347675159931739
0.264320909172077,0.369175191790293
0.293668270226333,0.384527822833645
0.278644912356621,0.386542646476258
0.357813596820376,0.308871545162204
0.0255443266100771,0.553400762479697
0.0347604741980204,0.537671856942852
0.0333464638937206,0.569755871327974
0.0548827332896821,0.538628753548127
0.0633165264982781,0.558152044783392
0.0543786674004548,0.571025798113145
0.975182701467063,0.772687116437482
1.00000000006616,0.771241029292515
1.00000000006733,0.711566465431464
1.00000000006733,0.742803877157425
1.00000000007504,0.678862261088434
0.952670620124719,0.697681806354013
0.918846590707077,0.707925273648381
0.969113302691301,0.727530936932047
0.973527853977544,0.741383680524579
0.966873534998136,0.751942687104344
0.942361704244218,0.722643793259559
0.947099336810116,0.720072163346933
0.981108514186399,0.711100194960462
0.976964280747981,0.68064142479873
0.970216581934465,0.694884282456954
1.00000000007987,0.87186200500513
0.969695774263151,0.781041200231453
0.946985135855763,0.784036571656377
1.00000000007987,0.902007580989122
0.941610432292189,0.968251347662348
0.886369695707932,0.85344810915264
0.87657934543561,0.831243136251168
0.905968705851867,0.883406436442281
0.935103617315287,0.832299150568546
0.911879915722065,0.843721735027243
0.910593170758113,0.846659697816694
0.934369041045387,0.870519730057704
0.921149699599243,0.868456862479009
0.883718213369874,0.85849628282054
0.891734700251903,0.88006604653273
0.875242349087412,0.894721057595762
0.845336710300549,0.945618527821811
0.829682022810716,0.93753003114406
0.862491820595919,0.934755415260143
0.861937004194583,0.917276891050971
0.828911951955424,0.912281520459823
0.837179473440112,0.906741675830609
0.899598938035226,0.817628777919757
0.890420627927909,0.816202723832159
0.712659526632179,0.869441880782728
0.721564211179493,0.893992056623997
0.714350242823776,0.889251770361665
0.742628188331254,0.92200135553622
0.734445110676397,0.856817916023512
0.822531391443423,0.769308069382679
0.832481003146692,0.752763501522512
0.800306038506387,0.767627685166264
0.79553433320234,0.760743493211953
0.823280595323307,0.735462605322177
0.80478200804275,0.735245512872284
0.632001407079873,0.829019409862605
0.612388499093816,0.816973957900048
0.591504748577558,0.828596657598336
0.591524841510197,0.841757451596848
0.224493992047514,0.610988651988367
0.261027386134399,0.629598120029034
0.249222787960795,0.644483955387321
0.219977060514809,0.633828685242402
0.228214132741149,0.643474432350413
0.23393695811125,0.569205002105849
0.234894070680108,0.544917878091502
0.25351029153487,0.535695686865768
0.0320459577249778,0.73456440077104
0.0289012141543602,0.731291316575274
0.0509838537868915,0.700805560544895
0.0309419296493242,0.701836600866338
0.0280747307881924,0.705015308899808
0.0806884914848485,0.752369978818733
0.0626394765893604,0.753199066069954
0.0521737622593801,0.733922501216273
0.0610952289372317,0.720241980974973
0.0879978145068603,0.703149113971675
0.107007703252641,0.701813785762035
0.116990385724083,0.714695547808729
0.0796434816536038,0.719458972823273
0.108513384044816,0.734304359208836
0.0896431034889449,0.735071678843382
8.7364143697144e-14,0.731769883811255
8.48106307405061e-14,0.705296202229588
0.22574234555,0.977141537121601
0.257703522166415,0.917794005209735
0.270566268955843,0.907832844081588
0.292105648499324,0.915091875755964
0.293798178822593,0.935312422466334
0.259688616550439,0.819449906944428
0.277123853372212,0.816248468173746
0.287769093742731,0.795260384034304
0.275417486064753,0.782445522539782
0.0824073826003767,0.640989907401866
0.0574192340783574,0.656307489312224
0.0743353003538586,0.655192644765204
0.0470897192144863,0.635808626449417
0.0593774150639124,0.621610338171259
0.071586136308199,0.622831405877101
0.143494860980489,0.691142820198158
0.166693551171188,0.723105759343903
0.145106692298593,0.723874200144385
0.13628062734368,0.713679827259647
0.0943330082040487,0.801647761431584
0.116299846582176,0.796766237329474
0.130177523172506,0.818498385862726
0.178556642486603,0.765412978841164
0.174301672570942,0.785091709994368
0.179176308149731,0.854607959305113
0.164340695588427,0.839518176737845
0.168923702716048,0.822453019763798
0.116843517625137,0.878910302849567
0.131121968123237,0.898691254825725
0.14260143710604,0.897833765050521
0.173413195879457,0.873863363903256
0.153393663451457,0.875615637019267
0.236559745158225,0.888930325663952
0.223328442021647,0.919623900164326
0.237727355912137,0.90964211077864
0.210274773699836,0.881652754257833
0.190883299928051,0.662250515401959
0.197584862115837,0.66941002305264
0.168075186332917,0.663461579558619
0.190634861091122,0.695573928427981
0.162445125056825,0.688975063341878
0.172490967595286,0.698198792716598
0.204006935348562,0.739925793505107
0.195459068193479,0.761761334476062
0.257770019967272,0.73757999516325
0.259024839474285,0.752180486589796
0.236073194745553,0.726703610294408
0.222760958280458,0.741278555179405
0.0253873579077698,0.922412112663826
0.0333590684803155,0.946316354414963
0.0337539695119269,0.945563618979734
-2.63275859446743e-12,0.78500157652979
9.01830693456063e-14,0.813747805422252
0.513508402381773,0.640038628549487
0.53019205642118,0.656199026042207
0.460372710329087,0.711798870166964
0.471474944075958,0.690926747058638
0.346273530383193,0.771641330579602
0.342762041615853,0.752259674367713
0.380693670576726,0.769336097419067
0.372432413594251,0.777683819399417
0.373174387213637,0.742382751320273
0.357382487471374,0.739715761319446
0.432593516154983,0.686433555163809
0.408747943468691,0.69083495334493
0.497165727541739,0.642115388607586
0.4892768032723,0.65456635531663
0.335384087603827,0.784089865342718
0.338925886635392,0.80023743129397
0.31281626182348,0.778811738831401
0.299676697397556,0.794544777523698
0.498736940579397,0.938430815414963
0.503848066169206,0.959962167371079
0.473335718862666,0.929400978928093
0.588757155185565,0.883032434897787
0.620252487859873,0.908157094976518
0.600509303700394,0.917098228827877
0.584553805341823,0.903421378886712
0.316095418177007,0.817188576243098
0.323467777437166,0.817275085526009
0.317765113802507,0.857198173170891
0.335757950570583,0.849500075326697
0.339255171584167,0.837968649316515
0.0321845421893056,0.232379667827948
0.0225556129843588,0.251101735831004
0.032784248399657,0.265917124565377
0.0440525348437079,0.267355910195794
0.0801788956369363,0.273684016980199
0.0982729389676616,0.284252374256614
0.140655291597767,0.204904991019048
0.123316395962004,0.195585411644747
0.122823413339543,0.17674125684327
0.137379697587065,0.167024129816498
0.1746902602737,0.167522607813982
0.189860921922415,0.177004167710284
0.156345663916517,0.179698137019771
0.156037000956635,0.195602107159493
0.187464389544993,0.198760330579917
0.17292478569724,0.205864693415042
0.231850269909241,0.308049840785441
0.223521456548022,0.292327337140276
0.238980428272274,0.270500919277393
0.238176445113777,0.270628369817661
0.218009336607163,0.256510963572338
0.134145265716644,0.0347913272069826
0.114131700303301,0.0220501299535273
0.150346933953778,0.023866954145749
0.114373782755146,8.67882155031197e-14
0.31089222570325,9.19837123136702e-14
0.214028646192427,-2.93858860855867e-12
0.257179448081238,0.037137757879199
0.245777076069577,0.0253022735701265
0.278787108891482,0.027510630690845
0.277968888485339,9.19889164840981e-14
0.248099248465661,-2.75405739880163e-12
0.298584756147723,0.132078059736902
0.299768409682895,0.137059536135143
0.275237922173676,0.119619158870315
0.267764074628176,0.123337496426014
0.328355470677565,0.235078315435844
0.345747782791711,0.225359762019138
0.363163614168335,0.127071464485896
0.396016917668988,0.114753127015452
0.38243862783568,0.131300605497113
0.374223205152249,0.0962969407378492
0.359148847953439,0.110443988992982
0.34392584209327,0.279765423169862
0.343825305685593,0.264949021837371
0.327924251616995,0.254321249723259
0.257053389778536,0.247173144182709
0.724749188892779,0.374783530213347
0.711087757659436,0.376262535769003
0.738858803923565,0.392553368956962
0.732049088517648,0.408120862333575
0.673857099679254,0.381266068563371
0.640759664680054,0.250767980751377
0.658539741592233,0.240807747260642
0.642413234047298,0.269893543099512
0.659477856393693,0.278681781297989
0.676955963832312,0.264430929311981
0.676191477357782,0.252273913940612
0.668324359639216,0.332452088429741
0.661830217761633,0.294346364781636
0.711016445314804,0.305609867210936
0.69587375157258,0.29130996427692
0.676042273995406,0.30172213382079
0.697425015315214,0.328787623103166
0.67867934650367,0.324614245206401
0.807357562310642,0.318899550022769
0.815365969465858,0.297435630675713
0.801521448258032,0.284833950770623
0.786630567848701,0.288688081865161
0.861036732007312,0.344188858069225
0.848413978051094,0.345691560527455
0.837569989367796,0.364663675561108
0.862581914580418,0.383325985380167
0.849141471686286,0.382120664467594
0.787970438913929,0.31995973115496
0.779645364259772,0.308504140648918
0.780396802536496,0.339104327567337
0.761352834989373,0.340351026189307
0.758600047376204,0.308626075937725
0.749736040652615,0.321303171543939
0.784534425010794,0.404511245179475
0.771679847976034,0.408615194663934
0.791756308490947,0.382585873880222
0.782614920851822,0.371247352603781
0.755419450612541,0.389107737215088
0.763255634308564,0.372974144876941
1.00000000008596,0.150481833821731
1.00000000008123,0.116773042002158
0.966691994723436,0.115975241938321
0.945086486300584,0.123169825046897
0.946153565655208,0.14958847460589
0.963952622614735,0.156005058513869
0.842101002158635,0.230628492231177
0.859555734431832,0.246211272042368
0.837887588815612,0.270960635968291
0.850167814487133,0.268756414851491
0.893260469721561,0.0577812206506724
0.912548250982475,0.090092587925844
0.913019218535006,0.0687503018350459
0.839907056367508,0.02653825637745
0.85824030057062,0.0369435917322514
0.873733024714242,0.0290387954970108
0.874338775189759,-2.83971457459842e-12
0.839991116931263,-2.72300584858165e-12
0.840172177077388,0.138689311011479
0.830608888705074,0.157684768732897
0.84472901605509,0.175516473043374
0.861560495372708,0.173472923127274
0.0230318296493979,0.120895438915513
0.027219649152955,0.148613026026144
8.57213605653939e-14,0.119303568248301
0.0217095196091004,0.182733832795565
0.03035511406293,0.197884991852215
0.0186967901483237,0.216267972825017
8.02864719151586e-14,0.216765204271812
0.762905533833683,0.228657144881157
0.749224145450885,0.214483816501264
0.729787704978107,0.219185536719284
0.755621451717803,0.249475526045254
0.714128058681653,0.169402892756874
0.725998477594986,0.183894665150104
0.694229952109519,0.172093043054269
0.716834793948505,0.205114019401528
0.736795900180554,0.0208389917474464
0.717652792912405,0.0316413868587041
0.701727460349252,0.0199562731516702
0.404298627716123,0.415785450042752
0.427247524676533,0.44975175386914
0.438572725431783,0.436300030459759
0.407586349772477,0.447461831445868
0.399134275071347,0.43595902184859
0.465899027151289,0.396784215137612
0.463924340709864,0.40502155656937
0.427201314602821,0.410254166299599
0.434906809601092,0.41614800737006
0.576430320893036,0.353398186366281
0.551606255632676,0.345713014397963
0.541156240440967,0.368295453916916
0.537653134245843,0.40839048369621
0.531585990033783,0.429939562818538
0.503497469124185,0.399150901536237
0.521144565954921,0.393941323067433
0.498668089567207,0.424362678837566
0.501557980447314,0.428027471882197
0.521766867691896,0.15784486016426
0.503035249747031,0.151721637580046
0.520891802671009,0.181247938187943
0.506025770362389,0.189635881354526
0.523026310703361,0.219135288676141
0.506183992249463,0.210103862088034
0.488475396508369,0.236040343844453
0.48947806676828,0.219821574484065
0.470137986991056,0.2466343379852
0.63046888807621,0.34077990473978
0.62052983891079,0.33974668318244
0.647166982013523,0.323705600362807
0.644064463379623,0.308083544685715
0.627850902095584,0.300897495046252
0.610978560554246,0.313009118626812
0.554934688603664,0.402454386852168
0.568898363901402,0.412672223813958
0.557957199588835,0.382778075929393
0.577268357678989,0.374286061707272
0.558920195370661,0.219435714929493
0.539677256807919,0.208247646192172
0.572387997637753,0.188653757355903
0.574637836496236,0.206353009981989
0.553649123959373,0.180536439762504
0.539455579725822,0.190573090520195
0.518130349079874,0.093516074925444
0.523371788383429,0.0903996477893896
0.493664740684249,0.0870402557312072
0.523778669047449,0.0604953329111236
0.528272231165161,0.0660553607373865
0.501165211961211,0.0581871688736505
0.491247181004543,0.0674554202327333
0.467974450700647,0.0968620213150142
0.484851195288546,0.0960468039313197
0.493859402065233,0.124022844348645
0.971864305282874,0.621804664493864
0.971656933222237,0.651138056935938
0.965120970071504,0.638854696759305
1.00000000007504,0.650063993345532
1.00000000007874,0.622130356562504
0.89081857482961,0.488301852630994
0.870569339861015,0.510516330020931
0.884147289410213,0.507263170553414
0.804028790864618,0.417120060899536
0.805660304407362,0.425629586377061
0.833929174990558,0.400260206178615
0.820849337779482,0.39794707424963
0.945648636640603,0.669810901133703
0.942568457488033,0.687483046031405
0.91319904540997,0.687148179450622
0.919596975708489,0.6939121393342
0.933416453516774,0.628421336869925
0.939641439559674,0.638541335638474
0.914053682548161,0.626154124360897
0.934027045391478,0.657920686415347
0.91712202730889,0.66210303212716
0.90220327405174,0.651881231458843
0.900434116415911,0.645300062812041
0.850719096669011,0.681411859555601
0.863882297334986,0.652678924236079
0.866797313067619,0.666570099003754
0.845650061590534,0.643566684035779
0.828878105421015,0.66583944991026
0.830944972473151,0.652119505740545
0.669337575183129,0.774310084538116
0.652573860462085,0.761673208369708
0.649183100692287,0.801486352731239
0.6608811558544,0.7981075962465
0.630896717743909,0.787563141748431
0.633786129036798,0.769890283293656
0.767197383761364,0.654353184496205
0.791884576849803,0.664402709654369
0.792393100758854,0.665616158731011
0.763700119870006,0.711040511378212
0.776521430976671,0.72686849921936
0.771320025867546,0.692854342308503
0.782137892192721,0.689640432923764
0.7954398318353,0.724640801698614
0.801141018607778,0.704502420953989
0.562932152436328,0.662640633774316
0.546262523913847,0.651397803950743
0.551177233126016,0.625826800209405
0.562388005104651,0.620380021096988
0.555421018650823,0.587333437043775
0.566525083508217,0.601593314132785
0.596169146002965,0.500486578250948
0.650672042065969,0.576826923313493
0.732005078437037,0.690679571014062
0.752115145478314,0.676144137235083
0.752857648956135,0.665411878487376
0.714039346300199,0.675881055592924
0.747476090903434,0.714116390361215
0.731869896770101,0.698258317365215
0.739505869420609,0.734372241420482
0.679185715155694,0.715545595192018
0.695084235614178,0.70693435764224
0.67668168100571,0.734845354554779
0.714247826500194,0.729576058366013
0.71022334037311,0.71493553236388
0.689762819030755,0.747026727616999
0.703952901661445,0.745754711959725
0.87114945013733,0.375902612283288
0.869941889391013,0.350592392037052
0.884605333887722,0.315387399894835
0.908857898266453,0.290829458166125
0.892228393623363,0.2929353413557
0.977956196613936,0.333361724198141
0.819201852956342,0.571477847224869
0.863553436406377,0.532090245155804
0.882863419215952,0.54596160822968
0.853179956358013,0.593855485970465
0.849224148003612,0.588278892070036
0.855312949996804,0.566799169526215
0.878936383811361,0.594507761366265
0.886513328360941,0.577499076733518
0.877185232867824,0.563848899827182
0.802795183472741,0.638189943736144
0.811161321723315,0.635982854149242
0.793502839613449,0.600010255774258
0.815887378813836,0.604130411199535
0.821213251074154,0.616021276306443
0.71866869976643,0.543396313253638
0.746671130172198,0.516911176742066
0.766287197620407,0.504682308705562
0.764846222670079,0.486657028940813
0.735734885062759,0.479717869458205
0.762137837884428,0.598280087008064
0.766792949509299,0.63536789457818
0.784048171789167,0.625128698093823
0.784926017323024,0.606910837174812
0.762101793188477,0.576121027807676
0.753624984282654,0.538800829635081
0.742773276604212,0.569394960864318
0.74009633200717,0.551199504370744
0.829196193572542,1.00000000007553
0.863050563394801,1.00000000007553
0.792637822343463,0.980273379328094
0.81339470135272,0.967430706327719
0.828237289467742,0.9762090658878
0.712703469614463,0.943144535356542
0.716299548686574,0.982901077905523
0.674792880992575,0.94097549355843
0.695562204822654,0.957450866233497
0.695261665155545,0.965875508818897
0.656101748878295,0.953103481469802
0.895624141914151,1.00000000007936
0.61574299910554,0.963748270526658
0.601718314609568,0.974087065522
0.600910892215717,1.00000000007675
0.637328816448748,1.00000000007675
0.0977675118131786,0.432209680431444
0.0768287707999286,0.433840661131238
0.0733011767877727,0.437613130343239
0.0773491444988404,0.460331479941245
0.0998493013612311,0.466788619382514
0.109381668250131,0.44820844788004
0.0172583755423295,0.423475723614123
0.0291553916039056,0.442671371305538
0.0449147302217229,0.443021267576327
0.0512174827668293,0.437136182011602
0.0202384251242477,0.322272252543586
8.32164198660834e-14,0.322183137240624
0.0460232373432184,0.410575128060492
0.0308009619259417,0.408691922014326
0.119851188324528,0.390416845603774
0.112543450471964,0.410450945415273
0.106795814279256,0.412668303964991
0.191630806730036,0.419473439640588
0.21449916715137,0.450970531217296
0.195034626729213,0.446477495962338
0.217484189271638,0.392444653263895
0.239361632282783,0.391384798694549
0.248163090073425,0.403491458671313
0.211994712899114,0.413717415261263
0.237470734590333,0.427261330442833
0.227857377187147,0.428407362923972
0.183940236041993,0.415049123060121
0.126873518175825,0.445474174617249
0.142043515278119,0.460240952118585
0.13301988924768,0.423919357664273
0.146133652148105,0.418769924941243
0.162595440213319,0.445171972726572
0.161073394294556,0.428394664791575
0.144855429654883,0.531204518624103
0.158610644035759,0.543898420442677
0.121856700750099,0.559682668203704
0.14339085931389,0.568165579275434
0.156614416862191,0.559849584717507
0.117577012800691,0.546721761193978
0.123782160562339,0.535638917188718
0.2270066989487,0.320582106092101
0.210190085606803,0.326005395036961
0.241941156209775,0.338434769185574
0.234462538976972,0.356624949379517
0.176160159685495,0.320482920909254
0.160387548429202,0.306525635381553
0.141862674989909,0.315605635879731
0.140395392503857,0.33064224411979
0.422741302850469,0.485806857198254
0.434648510164558,0.469149644337675
0.444693884139258,0.507506418047572
0.427977553708559,0.501360895345136
0.464777840304128,0.488157880654834
0.458553995866166,0.472573568905368
0.395753411541783,0.382785510056731
0.382595313157962,0.370363692847329
0.476585293737293,0.356531479387606
0.480243620777309,0.335334116391075
0.289754145754653,0.424726615727413
0.294902898570948,0.451178387358233
0.255940871154396,0.445254886614863
0.240842208728688,0.466003069204693
0.251864634791777,0.48358562855904
0.276261971085058,0.480022927956053
0.279218725113291,0.460477643389817
0.326758476907717,0.329267007766679
0.352274854443122,0.3452802308173
0.316591694495132,0.358812918376305
0.349266789883725,0.365624520229317
0.331975931681896,0.371624403476285
0.938955547552462,0.767118950164409
0.945791098452014,0.753452487633413
0.936711921370678,0.737557826126005
0.91456395026477,0.74109323620239
0.972327677114483,0.868004777606639
0.946369925596475,0.859029617129195
0.945835281128036,0.842470622606056
0.935408551165884,0.825426127093938
0.916039913848037,0.806551528203928
0.91820838158082,0.797339166563217
0.943504405190826,0.791374009539891
0.950473730275049,0.810030622693094
1.00000000007326,0.836769552299642
0.977085283666587,0.838230431682173
0.971350089234812,0.83368271085395
1.00000000006616,0.804779047990279
0.97808865361537,0.803853405728923
0.968034111220387,0.814226199847156
0.895826534708293,0.972575419321107
0.911301936515685,0.965029408102713
0.929650969529803,0.974987820305202
0.927954737043182,1.00000000006664
0.913213809607352,0.941613781570741
0.898522888734215,0.917949511643642
0.899471104694776,0.93176533012846
0.913147423812818,0.903390126221479
0.860394958549126,0.863330676096544
0.84923488883593,0.849534884688654
0.835570059798098,0.849758481271907
0.822905215360809,0.872067082099174
0.840904246580036,0.886780144696263
0.856035751780358,0.880279301115134
0.851495761514538,0.753537800951581
0.879168694476919,0.736426788518933
0.861792514696127,0.734510460751976
0.810138932993127,0.907791569257473
0.802924062453778,0.888487135253855
0.750680626281334,0.938268535195632
0.755130713400024,0.977760035612532
0.775348494461904,0.965140895073509
0.736571103029492,0.964953187482691
0.735505876995392,0.956112723385176
0.775577141615382,0.858633951683814
0.79865205444029,0.854721638338844
0.80607429960976,0.836302375817495
0.794860964007186,0.822903663855672
0.735653934311412,0.845274442206219
0.732721809607678,0.80395712604096
0.712286061363344,0.831279418577638
0.712536036497509,0.818247875221443
0.257160573637212,0.613382367799816
0.239075495643305,0.605010655743996
0.241534139283148,0.575743954583409
0.261875848273554,0.976939218792084
0.279473023077846,0.964849872628661
0.278609644601691,0.947072260428405
0.258592003957853,0.937258689321187
0.242708026646523,0.948502426167291
0.24293230924754,0.965586919212338
0.0717380434416102,0.850215108429339
0.0887134056147274,0.856063108134301
0.0694047497664445,0.825304505433203
0.0896587993019088,0.817910637711209
0.129477193332131,0.820988510418497
0.124984671560246,0.861707885689786
0.105702661765905,0.844366723075203
0.106945099587822,0.83474873963942
0.145039223910498,0.845108506816115
0.138929286300916,0.858102878861534
0.189484205668618,0.798677674415426
0.18692209991707,0.815600609622647
0.21210315425697,0.860579535225875
0.196683851360397,0.849051925520593
0.228261666992569,0.852855144445131
0.200544931959134,0.827316973333068
0.231425153135781,0.832578158826868
0.220618648724586,0.821830489652774
0.1522547929109,0.932692089212503
0.156909667703654,0.911094262613906
0.187670399786199,0.936276692797325
0.172651085619542,0.944890956622711
0.180461380501163,0.883213284125718
0.206443539583009,0.884966143671736
0.173980778700414,0.906691804358717
0.206138797679309,0.910872612923308
0.189620867347844,0.919094199498115
-2.76555861544736e-12,0.839768537151632
0.513484889562045,0.750162326111555
0.498434954622058,0.757763271336697
0.477296953803279,0.749033616845215
0.479614074985921,0.727604542534024
0.500124418351243,0.678989917089538
0.492210936812815,0.689708428836196
0.531372675930624,0.688928568676223
0.522541864279758,0.677615802105619
0.501529083438393,0.716051091716732
0.521429055655427,0.716832094995534
0.513413653390484,0.7204120283289
0.392321455883172,0.631639876016212
0.413173525006762,0.650795858785782
0.399111623945082,0.672048840784611
0.48470046116602,0.620218955955409
0.493916931288125,0.587552680887223
0.498471497049811,0.60224951241925
0.423659686586243,0.649469055933481
0.466279578654883,0.656886819328539
0.457951116953378,0.671262276032175
0.440335994607169,0.674123935647636
0.501101512392441,0.963716911955875
0.472671091928549,0.970040002007196
0.463262473527535,0.935581666952687
0.461323817123839,0.960700155175811
0.440011666225682,0.925698595209723
0.423049083488079,0.94075999726269
0.424663483743769,0.960312421803738
0.438049382694958,0.968739381112441
0.623294683179431,0.890906492959763
0.644532878055422,0.865574098609291
0.641219406084715,0.882791359761588
0.605415186915135,0.876166617070033
0.609696571442292,0.857140587780152
0.626317976123693,0.850753758810829
0.0537675807175484,0.20334177655555
0.0462710000349445,0.230564092490725
0.111470763713807,0.276624599222816
0.143958042770106,0.26028814699635
0.129268150140873,0.286753839343971
0.141859417073067,0.279334756790728
0.187737505407151,0.235574685804041
0.155427912892504,0.253489705401094
0.171317014702163,0.225872742714607
0.157053816533402,0.23321523327285
0.203303897191412,0.26412855823752
0.172568456759798,0.283996655243957
0.174644974641484,0.262849592758249
0.186690500416984,0.256058232635163
0.19689618256171,0.293547658949333
0.203182565988893,0.288922664241671
0.26144586018105,0.146022576989461
0.239005951998313,0.14816098736184
0.236045369590749,0.151636956248495
0.26533315269067,0.177432790256043
0.29011365876039,0.15392612257816
0.270600456815942,0.156223646722478
0.325213140874675,0.163180675814034
0.296248726560489,0.257190348873975
0.309534428052784,0.263653271180518
0.278928386888679,0.267508854194696
0.251067659508121,0.206974590473065
0.221352458307748,0.184506847693696
0.238317007678515,0.17532285558642
0.252980098206956,0.1827427927214
0.384206977605015,0.21579900534126
0.391437959547152,0.153929586726447
0.393492216875813,0.17829803442425
0.672113526196885,0.442707212443063
0.64236663270651,0.443484368928349
0.63862071720336,0.439529343326413
0.640072697934182,0.374810073147722
0.654963820051691,0.387099506946213
0.6399156839086,0.416269719056187
0.652379171518418,0.409080258930355
0.711122016456861,0.410778881049289
0.704711920437703,0.433068370590317
0.699204582894846,0.397098696553689
0.688807531801506,0.397374471832995
0.678278620882498,0.432354661229486
0.673649855719053,0.417912022021684
0.974783120783183,0.146913037847227
0.972029355076091,0.119896190339846
0.815594694756835,0.227972142693512
0.827885828354043,0.234999147398474
0.792285485281652,0.251722041759888
0.793375761135396,0.238903200572968
0.806782927086797,0.265051318671034
0.82402406948453,0.260406173179499
0.896210080752141,0.0980757140347972
0.709194246152458,0.24382526158736
0.725284148042129,0.23667039061483
0.743237842133728,0.251985983054446
0.71015663047421,0.268113203604942
0.731967832318524,0.275253706764932
0.6878601013232,0.187450624433026
0.668365022946792,0.191991188771916
0.663252780139919,0.215854431065026
0.691333273863978,0.222045049002443
0.701387134756391,0.206608296657224
0.700836496048469,8.7058832365372e-14
0.738131745844837,9.13470687979867e-14
0.489752567135112,0.180908548105547
0.489279545464939,0.161314195200479
0.453414628745004,0.234915112942421
0.418870372844084,0.233375479725365
0.435040119764659,0.244994533200061
0.472830146117596,0.131234839264771
0.469182314438733,0.151819032906794
0.458875021666368,0.157115324779446
0.459343916583333,0.119436754625814
1.00000000006746,0.366130088831273
0.967936587918642,0.44873341998743
0.978280755771771,0.432529983446729
0.948979194693267,0.447192546814782
0.856769311637711,0.499582236145608
0.598700635469082,0.523551469745796
0.626072558266413,0.576952160995786
0.618478791467413,0.592562516193414
0.617481598965122,0.55997971257217
0.593906738399048,0.594957973950631
0.598112792854544,0.59773193285188
0.625779487700141,0.478151296554364
0.62277414818653,0.492028169300166
0.641800541061079,0.470031013392615
0.658469966618975,0.477960382068755
0.599385842417387,0.622891110096592
0.582674066100299,0.650209649622435
0.582953206973409,0.633610793184206
0.60106120891597,0.662280948302131
0.637992918930439,0.66027820818679
0.657114661700859,0.645411300430702
0.619845273502076,0.649977933391447
0.618431269963589,0.631733966683065
0.950005893466591,0.317826725593211
0.938466283790847,0.30226886089269
0.920807464150836,0.304364636012956
0.830378622616497,0.555528718461934
0.844772356164928,0.553980748891231
0.852607307066168,0.535603670097261
0.707600612915596,0.554316843669685
0.690657232142625,0.590267560381879
0.717392163915658,0.527700130579988
0.729687923561449,0.490940550872499
0.741025498225258,0.514952332272786
0.771098889610682,0.570148296024201
0.792048565156192,0.575305829769817
0.80047327024657,0.568686352693705
0.771394907357296,0.543117669437176
0.676394767012001,0.981329293865214
0.676075188847744,1.00000000007064
0.654958432824704,0.96538164752615
0.638061193314428,0.977480470398707
0.0215416003267192,0.389018132845975
8.81586470491413e-14,0.387708489280026
8.81569123256654e-14,0.356199881829681
0.0553450920405795,0.403440500194328
0.0731037887475215,0.407251485575722
0.0838278277612182,0.399678637587309
0.180205282981008,0.400354529337178
0.420164741153731,0.355922349146435
0.442113818278001,0.347973311931709
0.428086657870053,0.385485207329428
0.417972261598324,0.376572906589868
0.452373641677325,0.379107042734097
0.456469181112786,0.362929417431686
0.386339195005816,0.351510080124202
0.370834058745448,0.323408637699746
0.369007436945071,0.335852188451107
0.406334009864816,0.343654048350514
0.444959074406866,0.331692719892541
0.448746934043156,0.292245435296668
0.46612963482235,0.303623459379074
0.464187396548765,0.323419531284482
0.359226920887403,0.404131908363664
0.365916123490803,0.409112949632983
0.369287704722978,0.439120594409278
0.36882078019758,0.439729324049026
0.317072660994771,0.478226120475817
0.306867868088252,0.455117828295297
0.341172331526786,0.472187242314358
0.343161741918805,0.444636735978663
0.330324850491653,0.435285920760454
0.909519886499302,0.783039322281246
0.91691831366481,0.767588388955415
0.908882087625513,0.751702404864117
0.888206200591333,0.752826829797778
0.967680349961141,0.945021211067082
0.972954661944348,0.934544507256695
0.945735050664062,0.950118433639471
0.932975723170288,0.935678588911476
0.795837476418889,0.922245417524957
0.779194807199209,0.918448114823582
0.802167024748703,0.942500796836441
0.776201116299338,0.955161209105443
0.764556610005041,0.940037670737635
0.756617760915685,0.902833257146784
0.77115809169912,0.904114753232082
0.782469283180883,0.887603672172286
0.77210237696489,0.86630963881802
0.745452686925362,0.887302136928979
0.74921832917624,0.873267310652533
0.768369571809837,0.8420629652493
0.745578441841992,0.837392445879528
0.779213014803302,0.823792893535211
0.766365430103153,0.807098242369087
0.745799130997062,0.813330670288416
0.26708302427118,0.5737840737394
0.293904771186402,0.602453871064669
0.274406023643506,0.597405292006563
0.211798992879048,0.777154467746794
0.210268136004089,0.789193462702547
0.224229726094833,0.803207550759595
0.247047304264896,0.796210246818818
0.249912216281564,0.789348035510608
0.239697832136678,0.766880498571141
0.232045728463357,0.764685466106372
0.373640766931585,0.645712914005764
0.3412664128285,0.650111705591816
0.355892008821287,0.639664472937999
0.346044505427783,0.674384915601023
0.367545322903684,0.679501982993399
0.378410510101086,0.669079458861113
0.407604071187291,0.609072610982017
0.399524470438903,0.583296677919983
0.407355357633756,0.572591692565807
0.434790022629437,0.634815961971183
0.45536209787823,0.634983738383873
0.466870256869548,0.619355850036557
0.425290222088596,0.611377386553433
0.125421128013581,0.232169521356064
0.124188502264281,0.25020913246542
0.112442304267166,0.257799905640379
0.0789156595045033,0.262269667972968
0.0600722794746999,0.251988932944376
0.058562185249221,0.239905314359871
0.0939907452348109,0.249361849443872
0.356856138801556,0.171052392719811
0.342341994975285,0.175713325023261
0.369857649683332,0.201356039685159
0.372118145312608,0.187526667055734
0.347619084685946,0.210004224943175
0.335475362294757,0.197642010630538
0.303226638179081,0.175604147856016
0.304740682390535,0.175892633803084
0.283665990402484,0.189048620013819
0.318887276560999,0.199548039147288
0.260343230964369,0.287494209811602
0.276116866862881,0.27960076859165
0.265852794388478,0.316064085346409
0.256494412950934,0.303559983956684
0.322374142906415,0.293263761201934
0.312403894147278,0.289311283602514
0.331486282152817,0.317024339354357
0.295554531566825,0.297365222243985
0.298018943283607,0.324597604239666
0.290869959726587,0.312916057937746
0.236109977442631,0.230992068944344
0.239069004581058,0.213506826806852
0.220065216438587,0.238839909577444
0.203494158048458,0.227452708343556
0.205059529227933,0.209375062364626
0.219551422976777,0.201206091732449
0.609908193752818,0.37355341915202
0.623711007419136,0.381022109382491
0.590416254700408,0.382701630110481
0.590402681005759,0.402771645994274
0.605292815668902,0.413666804337396
0.622029346840333,0.406429274763511
0.8573326853912,0.101665452236783
0.834842446624818,0.0910929327546985
0.839964947323643,0.0987217216504103
0.840402572286815,0.0668531620600556
0.856113556097101,0.0604804772323596
0.873678673003695,0.0717325961424831
0.874733877602502,0.0842690634931275
0.858492264949806,0.13709310913365
0.867039061837008,0.121315581976698
0.887605161328561,0.154079648730676
0.87119384359513,0.155343281481674
0.900325170755827,0.130864527074254
0.891823877361215,0.120031923511571
0.472217763356621,0.207989423607317
0.473065632639492,0.190347043047081
0.454202844183124,0.217843553234293
0.456653564530577,0.179774618014492
0.442371009144537,0.149647477371034
0.411792768686103,0.148276973946352
0.425607452117723,0.157812519285491
0.41541624499931,0.124369404318746
0.437129769148451,0.119874083221088
0.441158832431429,0.122471933789071
1.00000000006595,0.39977249423258
1.00000000006966,0.433022537275259
0.942028023572157,0.432624342795033
0.918447814923934,0.429466720633718
0.858644214225291,0.47617686602232
0.880744989899833,0.474755344350133
0.889333026374087,0.456115916228188
0.88266636209316,0.443621056947539
0.556861906246228,0.552302035945981
0.565346412894068,0.566547955776213
0.570379191086848,0.531649484704709
0.588773771035919,0.533212419787176
0.588251675937184,0.568011648278406
0.596272305801215,0.559168088815075
0.662949643473832,0.494653442534845
0.729242447376343,0.580348818570099
0.711835696364368,0.57384741127102
0.69232660114272,0.59032157814839
0.713232213453781,0.611860941489729
0.731402447634891,0.598782717780585
0.749490473053269,0.607389184679834
0.75001934708697,0.625706058796739
0.695566398395359,0.648868202365322
0.695583021514211,0.632218663960243
0.712080234903227,0.620739095428254
0.71481173763419,0.661532638646301
0.731254987379145,0.650426804782819
0.732564990787681,0.636937401329926
0.657564262513131,0.636600821067471
0.656070649558666,0.597455446841598
0.636970723274423,0.614364232387378
0.636697128606724,0.617244649891627
0.676854196395975,0.622298118057144
0.67482505858007,0.603740596712744
0.83652771338314,0.50736683662654
0.834111147310729,0.519223679585755
0.0527323965923131,0.378431714059876
0.0335930450948409,0.37476846203292
0.0498089640214811,0.341799327735508
0.0265483234127731,0.355375832042855
0.0327740634142077,0.345620894370638
0.0859251657039636,0.383576569861596
0.100642087056901,0.362840123606992
0.0983524101223628,0.375294995313051
0.084828681171777,0.346746639725994
0.0649196505940292,0.356764048324423
0.0630105551484506,0.37060344505065
0.148977734358127,0.397492517810094
0.160785695950221,0.39116562932668
0.129583445805939,0.386131276605566
0.134118977676765,0.366410212026615
0.173406584920478,0.334990844240067
0.15404931335569,0.34251897835132
0.151618774969078,0.360484663808676
0.16301989889738,0.370081788650577
0.208765137303856,0.382269899385635
0.195659345834172,0.381739053015308
0.219002894811124,0.358827040072667
0.204753167819463,0.344921430943999
0.187468133598082,0.34972486803237
0.182554282079743,0.364725352441267
0.408560052127775,0.32648756296114
0.413669302519739,0.287400440210563
0.394872216200938,0.297364922771088
0.393349909165375,0.312861282682097
0.431170243894195,0.30132961489383
0.429015613234225,0.317334476589802
0.343350494139293,0.405940293469193
0.329130461595951,0.430072519487344
0.327554831136907,0.390098567874398
0.306989652637008,0.396802997407084
0.304565936053556,0.415507050014089
0.880372522831378,0.767493942977084
0.859978413407417,0.76786332159334
0.881002302118192,0.798655094686194
0.889152420278404,0.783445901345996
0.851837225743136,0.784475193947371
0.860074133911418,0.798932797839752
0.931536445334969,0.906737551509443
0.938073710497967,0.91939237695484
0.942249825722438,0.889697734299542
0.965114503290619,0.918549182611192
0.965308213728211,0.890811498480506
0.971765139767065,0.902048338965493
0.308134026091991,0.583859557710857
0.333398558968834,0.549674833168745
0.344045202470342,0.572165909220081
0.330804294388197,0.588895086623803
0.271331491891089,0.547905040163455
0.274015749182391,0.56428099624147
0.302336152744835,0.568660085718806
0.312929488210815,0.550192126373696
0.298219022903415,0.527887992409271
0.297359323581102,0.527709385087677
0.465232469266958,0.564050785209804
0.470602567137885,0.581983159234642
0.440955408594605,0.559395646013413
0.430007663946955,0.573348982917022
0.456992032970441,0.598477194243625
0.439176856055596,0.596441241413804
0.0883916222651405,0.193933813089295
0.0744873963050211,0.207821958736669
0.108259108758479,0.205528031766141
0.107950373658284,0.221643607889612
0.0795188414342528,0.226412549330098
0.0916753846741781,0.232163124392195
0.283834624001488,0.203741442702272
0.270718956721853,0.215443662449047
0.272615197172675,0.230451395763898
0.294080512233983,0.238854339787516
0.309583286669847,0.224018452415232
0.308220480499083,0.214688116356332
0.438184965507366,0.206502660746296
0.405251759589503,0.18606541897146
0.424867305129005,0.176664918588902
0.439766514764164,0.187226140746402
0.405699811382468,0.204979649759244
0.419850987190872,0.215158808952563
0.892300205379208,0.378778672489729
0.896145248339503,0.424644871477002
0.917167615589248,0.427865757352838
0.888269623126516,0.409469287565793
0.899694958005049,0.392183782121891
0.968202808116215,0.349939149169262
0.968827233300842,0.416560417425892
0.95270326302474,0.415670607865061
0.856177502041714,0.473855424032822
0.70700558870129,0.519235441915613
0.685793852540617,0.522871809254805
0.677442034117866,0.499118406133784
0.696595328952336,0.486069636989531
0.710339753590834,0.496114493429279
0.687431400955914,0.550691986632777
0.680086501867589,0.531514134929565
0.657982005093448,0.566828161189002
0.675622376446836,0.566304688203333
0.634587530199071,0.508641946949487
0.64802531509366,0.509642525989237
0.627689050359565,0.544042961093482
0.620854395827693,0.528149478845936
0.649131115480188,0.545361302200299
0.658782225632215,0.531972380107524
0.814195925098078,0.533696280800635
0.8151458467953,0.530277388456267
0.797515617916768,0.544663782631658
0.778743796221249,0.538717600627873
0.781269868310549,0.513447502407678
0.797910656596075,0.507349369589786
0.902863057159073,0.359240759692278
0.890609183996452,0.346040806173888
0.895973485023177,0.326659082530985
0.913499605790364,0.323913912287394
0.979966942710543,0.399686239386742
0.968926146686196,0.383272859900843
0.979414087440098,0.366404038839927
0.944151051862449,0.401351439669383
0.923743857016263,0.400531529775028
0.918111192590195,0.39376278226273
0.953814259761632,0.383573267552278
0.823576024427972,0.4920252627101
0.828934523095989,0.476697977829454
0.80268221979245,0.496663009259004
0.791379946943292,0.476832856463866
0.803103801884588,0.46093789397298
0.820313685692527,0.461943436738355
0.866370797569197,0.440325188481683
0.854203677076324,0.451144158028205
0.859775502172718,0.41877119713014
0.842170678828931,0.416314787317141
0.829203667862441,0.434660845090758
0.831967020710999,0.443833658887269
0.943121106500522,0.369107288874022
0.952574276187323,0.35070704345002
0.916182874128593,0.358382060129023
0.926918449773599,0.369778423028374
0.941074692423091,0.335804833707758
0.925454617137807,0.337124423902968
