307,308,301,88,89
170,288,295,342,340,290
351,354,302,87,91
385,384,383,381,382,386
1,16,73,45,44
402,401,400,398,399
311,208,284,281,365,366
350,369,367,348,388,387,349
272,337,339,270,273
206,28,27,26,96,203
256,261,161,313,312,160
332,333,329,331,330
386,382,326,327,328
108,109,110,112,111
302,197,196,86,87
35,111,112,107,186,184
263,164,163,162,262
368,366,365,367,369
16,72,47,73
345,344,180,182,335,334
373,399,398,374,372,370,371
260,249,328,327,221,161,261
267,268,269,333,332,266
222,320,321,283,284,208
216,213,128,62,142
45,73,47,12,46
92,93,31,113,114,39
240,150,151,152,153,242
149,66,65,236,233
179,285,350,349,289,178
250,251,385,386,328,249
22,23,15,139,140
396,310,309,357,364,392
90,24,25,304,303,194
61,63,54,53,57,58
269,292,293,165,329,333
20,8,190,189
241,242,153,228,227,147
186,107,106,24,90,187
43,55,56,36,37,40
303,304,305,308,307,306
277,276,274,275,278
393,397,396,392,395,394
395,392,364,363,362,361
324,224,218,315,317,322
123,122,125,126,124
49,50,119,121,48
60,58,57,205,204,59
177,98,100,296,297,183
122,46,12,21,125
67,159,156,68,18
226,225,223,224,324,325
230,231,250,249,260,259
346,300,183,297,310,396,397
188,187,90,194,195,193
291,290,340,341,294,293,292
133,134,215,217,143,14
161,221,222,208,311,313
10,7,8,20,19
69,229,230,259,257,70
78,266,332,330,77
31,32,33,97,209,113
151,148,235,238,152
172,80,170,290,291,175
169,278,275,168,167,166
18,68,277,278,169,4
382,381,226,325,323,326
13,49,48,52,51
214,127,129,130,128,213
400,61,58,60,374,398
40,37,108,111,35,42
199,352,351,91,201
215,212,214,213,216,217
209,97,11,210,211
362,363,358,356,353
312,313,311,366,368,314
131,120,118,127,214,212
340,342,343,344,345,341
255,160,312,314,286
220,318,378,377,246,248
358,359,188,193,355,356
101,103,43,40,42,41
155,154,148,151,150
74,264,267,266,78,75
154,149,233,235,148
50,1,44,116,119
339,338,198,271,270
104,39,114,115,38,105
136,138,29,28,206,207
284,283,282,279,280,281
4,169,166,79,3
319,13,51,379,375
112,110,104,105,106,107
295,389,390,347,343,342
321,322,317,316,34,282,283
276,254,287,285,179,274
84,83,22,140,141
246,377,376,145,144,245
317,315,373,371,316
293,294,336,337,272,165
147,227,229,69,163,164
262,162,71,158,159,67
128,130,85,54,63,62
121,119,116,117,118,120
159,158,157,253,252,156
210,11,7,10,9
355,193,195,197,302,354
360,185,184,186,187,188,359
139,15,30,29,138
163,69,70,71,162
390,391,346,397,393,347
181,361,362,353,352,199,200
353,356,355,354,351,352
244,155,150,240,64
370,372,55,43,103,102
64,240,242,241,243
223,14,143,219,218,224
195,194,303,306,196,197
383,245,144,225,226,381
379,51,52,132,135,380
252,253,255,286,287,254
143,217,216,142,401,402,219
323,325,324,322,321,320
166,167,171,173,79
335,182,181,200,198,338
289,349,387,389,295,288
70,257,258,157,158,71
82,41,42,35,184,185
144,145,133,14,223,225
388,348,299,300,346,391
81,178,289,288,170,80
109,94,92,39,104,110
85,84,141,137,53,54
257,259,260,261,256,258
376,380,135,134,133,145
106,105,38,5,25,24
28,29,30,6,27
141,140,139,138,136,137
343,347,393,394,180,344
227,228,232,231,230,229
25,5,2,191,305,304
3,79,173,174,265,17
176,175,291,292,269,268
327,326,323,320,222,221
57,53,137,136,207,205
364,357,360,359,358,363
34,316,371,370,102,99
96,26,32,31,93
297,296,298,309,310
17,265,264,74
95,202,203,96,93,92,94
296,100,101,41,82,298
280,279,177,183,300,299
336,334,335,338,339,337
341,345,334,336,294
247,248,246,245,383,384
235,233,236,237,234,239,238
243,241,147,164,263
167,168,81,80,172,171
239,234,251,250,231,232
329,165,272,273,331
309,298,82,185,360,357
118,117,123,124,129,127
2,9,10,19,192,191
305,191,192,301,308
196,306,307,89,86
204,205,207,206,203,202
56,59,204,202,95,36
153,152,238,239,232,228
26,27,6,33,32
156,252,254,276,277,68
135,132,131,212,215,134
258,256,160,255,253,157
287,286,314,368,369,350,285
234,237,247,384,385,251
275,274,179,178,81,168
146,319,375,378,318
83,126,125,21,23,22
365,281,280,299,348,367
218,219,402,399,373,315
99,102,103,101,100,98
401,142,62,63,61,400
236,65,220,248,247,237
301,192,19,20,189,88
114,113,209,211,115
37,36,95,94,109,108
387,388,391,390,389
38,115,211,210,9,2,5
265,174,176,268,267,264
282,34,99,98,177,279
378,375,379,380,376,377
372,374,60,59,56,55
180,394,395,361,181,182
52,48,121,120,131,132
129,124,126,83,84,85,130
75,78,77,76
173,171,172,175,176,174
116,44,45,46,122,123,117
198,200,199,201,271
66,146,318,220,65
