7,13,43,45
11,2,16,34,36,14
29,8,30,28
35,37,18,49,47
1,10,32,16,2
17,19,25,24,8,29
52,62,64,60,53,54
10,33,62,52,32
49,18,19,17,50
64,65,15,61,60
44,31,48,58,56
18,37,38,27,25,19
38,53,60,61,26,27
5,1,2,11,12
25,27,26,22,23,24
46,56,58,57,59,4
36,34,54,53,38,37,35
6,5,12,13,7
23,22,21,20,9
41,39,40,42,55
57,51,39,41,59
31,14,36,35,47,48
40,29,28,42
8,24,23,9,30
58,48,47,49,50,51,57
45,43,44,56,46
33,63,65,64,62
13,12,11,14,31,44,43
16,32,52,54,34
4,59,41,55,3
26,61,15,21,22
51,50,17,29,40,39
