2023,1223,1224,1222,1713,2021
1976,2208,2210,1595,1596
268,267,11,219,89
186,187,180,182,181
899,898,421,423,424,422
591,596,618,617,261,254
922,457,71,69,521,924
2202,2201,1964,1961,1970,1968
233,560,558,555,552,236
1169,1166,1081,1079,682,681
26,894,1406,1407,116
1481,1888,2127,2126,1486
1304,1729,1731,1299,1300,1303
1844,2113,2112,1843,1842,1841
912,911,910,913,914,915
2264,2335,2332,2341,2338,2244
1071,1065,648,207,464,463,1070
122,381,1350,1356,1358
1418,919,921,920,1856,1857
1414,1416,899,422,910,911
639,346,345,336,335,638
1289,1725,1722,1292,1291,1290
2078,2270,2271,2077,2070,1775
632,1041,1044,634,635,633
2351,2350,2349,2348,2353,2352
316,102,85,86,310,317
1517,1516,1515,860,123,1518
1900,986,985,1513,1514,1901
2263,2262,2387,2388,2356,2261
1196,1192,1191,1202,1200,1199
2056,2059,2259,2260,1772,1773
13,88,260,990,989,259
2010,1703,1702,1260,1686,2011
980,893,149,1384,1825,1824
1705,1255,1256,1257,1706
749,748,825,828,744,745
1569,1571,4,3,35,37
1182,723,1164,1167,1665,1666
784,2237,2236,355,1277,1278
1853,1852,1850,1851,1855,1854
304,98,97,96,298,297
685,663,665,271,273,686
1427,1428,1089,1088,455,456
1903,1904,1902,1905,1907,1906
385,384,865,866,872,873
2273,1682,2022,2020,2074,2272
2150,2149,2144,2146,2145,2143
1068,1070,463,462,177,652
1021,1020,1017,1014,622
1929,1582,1085,1083,1084,1930
1332,1334,1333,2058,2057
2290,2276,2278,2277,2275,2288
1522,1001,614,615,616,1523
1008,1009,1006,1007,1004,1005
627,262,1038,1039,629,1033,1032
142,141,578,884,883,25
970,962,961,1503,1504,960,969
143,398,570,569,95,94
255,1606,1607,1958,1959,613
1095,1096,674,277,1432,1433,672
2096,2094,2090,1813,1814
1262,191,61,199,773,1263
654,653,68,11,267
1757,2053,2054,820,1337,1338
2028,2027,2024,2025,2026
680,678,679,692,1115,1111
826,1766,1768,2049,2048,827
161,159,173,174,156,155
1004,1007,999,997,1029,1028
179,176,166,164,34
2362,1981,1645,1646,1983
1149,1151,1635,709,706,701
2382,2383,2384,2380,2379,2381
80,1485,1487,959,932
800,1671,1669,801,811,810
2281,2282,2284,2283,2280,2279
783,1275,2235,2237,784,785
1364,864,1360,1361,1818,1819
836,837,1782,1787,1789,1788
273,271,1558,1557,1058,650
1256,200,66,62,1257
734,733,1186,1187,735
859,1355,1354,1329,1771,1770
1322,2256,2255,1321,1320,1319,1318
939,940,948,947,942
1344,1341,850,1805,848
1885,545,967,1471,1883
199,61,195,194,65,66,200
57,58,8,60,59
2106,2107,2108,2109,2110,2111
2114,2297,2298,1389,1835,1838
1117,1116,1123,1122,1118,1119
2190,2189,32,33,4,1571
898,901,900,1455,1454,421
446,167,170,169,168,445
1553,649,1434,1435,1419,1420,1552
15,305,304,297,299
926,1463,1462,485,486,490
416,412,414,413,415
536,81,78,79,535
2322,2323,1921,1920,1568,1567,1072
2070,2077,2076,2071,2073,2072
1105,1104,676,678,680
2333,2337,2285,2286,1777,2044
1884,1886,1885,1883,1882,1881
1842,1843,1839,1837,1391,1392
1496,1494,1492,2138,2137
130,139,19,20,129
1342,1802,1799,1341,1344,1343
782,1273,1271,781,779,780
704,705,701,706,708,700
1767,1770,1771,1769,1768,1766
1347,845,846,844,1348
682,1079,1080,663,685,687
1160,1161,1159,1158,1640,1637
1420,1419,1417,1418,1857,1861
1208,745,744,743,747,1207
1045,1906,1907,1812,2088,2087
1140,1141,636,637,992,993
1227,1711,1712,1680,1679,1226
1636,1632,1162,1157,1633
532,533,480,484,190,189
963,965,962,970,968
258,259,989,1521,1520,607
603,602,380,381,122,256
181,182,500,499,201
1600,1599,1601,1944,1948,1605
916,917,918,1421,1426
590,1005,1004,1028,1027,586
1722,1723,1675,1673,1203,1292
475,183,180,187,470
504,506,505,502,1451,1452,503
1165,666,1596,1092,1081,1166
1811,2095,2096,1814,1808,1807
2047,2050,2051,2354,2355,2258
1561,1060,1063,1064,1061,1562
1064,1063,1062,1065,1071,1069
150,411,410,407,896,895
232,944,943,394,222
1337,820,821,1312,1745,1747
1579,1580,1581,1592,1936,1935,1578
341,1074,1072,1567,1566,342
129,20,21,203,134
1474,1476,87,581,583,953
1052,1547,1910,2171,2173,1053
1784,1338,1337,1747,1746,1785
1470,1472,542,946,948,940
463,464,465,460,461,462
1534,1533,1536,1537,1532,1535
1323,1773,1772,1331,1764,1763
1494,1493,973,550,1492
2259,2258,2355,2383,2382,2260
326,106,328,753,756
1152,702,703,704,700,715,1153
608,607,1520,2168,2167,991,609
1572,651,1066,1067,1573,1574
260,610,612,987,990
1328,1349,1779,1780,1335,1336
729,314,315,308,107,99,728
1406,1410,1412,1411,1409,1408,1407
371,833,834,842,843,372
1327,1325,1323,1763,1762
101,104,103,102,316,313
1835,1389,892,981,982,1834
354,780,779,352,115,111,18
396,879,880,397,571,570,398
1409,1411,1308,2043,2042,1274
2305,1461,1460,1462,1463,2304
1772,2260,2382,2381,1330,1331
2293,638,335,334,863,2294
1960,2203,2202,1968,1967,1143
1450,1452,1451,1448,1449,1447
1575,1574,1573,2193,2191,1919
512,528,532,189,56
1035,348,349,347,1036
1546,2179,2177,2331,2327,2185
1603,2111,2110,1602,1943,1944,1601
595,1499,1498,593,592,594
2038,1736,1306,1305,1733,2037
2034,2035,2231,2226,2036,2033
531,524,188,479,480,533
28,100,152,412,416
904,154,1879,1880,2361,2360,905
1106,1657,1659,1179,676,1104
39,38,41,167,446,449
283,1107,1108,677,285,282
2298,2299,1402,892,1389
1158,1383,1381,675,1639,1640
821,1322,1318,1313,1312
1033,629,630,264,1034
1924,1923,1928,1927,1926,1925
444,445,168,159,161,160
2169,2170,2162,2163,2165,2164
2204,1617,1618,1963,1964,2201
417,155,156,154,904,903
576,575,248,249,242,244
667,668,671,673,276,275
274,1082,2197,2198,1866,1865
1616,1136,1146,1147,1042,1615
1984,1983,1646,1175,1176,1648
919,456,455,917,916,921
481,476,184,477,482
4,33,39,449,448,3
892,1402,1403,1387,893,980,981
1902,1543,1541,1542,1544,1905
554,237,13,259,258,553
1808,1814,1813,864,1364,1809
2042,2043,2243,2239,2041
933,958,1884,1881,938,934
1992,1993,1989,2220,2221,1990,1991
344,341,342,343,345,346
779,781,353,1803,1804,352
863,334,333,384,385,862
1659,1660,1183,1664,1661,1179
1977,878,1376,2102,2105
1184,1150,705,704,703
2144,1895,1940,1942,1896,2146
309,311,17,327,328,106
959,1487,1488,1886,1884,958
1156,1152,1153,1154,1155
1563,1564,30,31,337
1789,1787,1786,835,1791
401,403,283,282,281
1828,1827,1833,2107,2106,1386
2130,2131,1480,963,968,967,545
1888,1887,2123,2124,2129,2127
789,790,805,804,1309,1310,359
2184,2185,2327,2326,2187,2183
551,553,258,607,608,557
1675,1676,1674,1672,1673
1279,1276,778,777,1270
1974,1973,2207,2208,1976,1975
1118,1122,1121,289,290
1647,1648,1176,1652,1650,1178
2206,1638,1101,1100,1099,2209
1380,1979,2104,2101,1581,1580
1943,1602,279,280,1945
2243,2242,2240,2241,2238,2239
1293,1294,799,830,832,121
1568,1920,1922,1570,1565
1244,1243,1242,1241,1239,1240
945,939,942,941,943,944
1139,1951,1953,1141,1140,1138
1949,1137,1136,1616,1950
432,431,29,418,419,426,427
373,375,845,1347,1345,847
1113,1111,1115,1114,1112
1412,405,359,1310,1308,1411
2192,652,177,178,32,2189
2370,2371,2373,2372,2369,2367,2368
1726,1727,1794,1795,838,798
943,941,395,392,393,394
353,1302,1301,370,1800,1803
875,138,137,136,660,1378,1379
1202,1201,2028,2026,1724,1200
486,1443,1444,197,192,489
1938,1893,1828,1386,1385,1598,1937
925,924,521,522,525,526
996,613,1959,1960,1143,1000,1003
1185,325,326,756,1213,1215
1683,1237,1223,2023,2022,1682
1630,646,645,1049,1048,1631
45,46,47,452,451,171
843,842,1790,841,369
1690,1692,1253,1699,1701,1696
1330,2381,2379,2346,2345,1754
58,196,198,9,8
1932,1933,1591,1093,674,1096
433,434,436,438,437,435
807,806,1209,1210,1297,1298,813
786,356,783,785,1280
1669,1667,1204,746,1212,1211,801
1608,292,697,696,1145,1610
2133,2137,2138,2136,2132,2135,2134
1581,2101,2100,1820,1593,1592
1089,1086,1087,1091,1090,1088
1756,1754,2345,2344,1753,1755
1751,2247,2248,2068,815,1316
727,726,725,730,732
1745,1312,1313,1749,1750
2212,2374,2375,1649,1982
1794,1797,1798,1792,1793,1796,1795
1566,1567,1568,1565,1564,1563
66,65,64,63,62
2271,2272,2074,2075,2076,2077
2151,2152,1939,1940,1895,1510
918,459,458,457,922,1422,1421
1482,1489,1490,2122,2123,1887
266,642,644,1918,1917,265
530,526,525,523,524,531
1613,1609,1608,1610,1611,1612
192,197,196,58,57,193
989,990,987,988,1519,1521
1810,1809,1364,1819,2098,2099
454,496,494,509,508,453
2031,2032,2029,2030,2229,2230
1431,1864,1863,1869,1868,1436
1307,358,812,1311,2240,2242
1955,1956,1952,1954,1953,1951
877,874,875,1379,1376,878
1264,1239,1241,2006,2005,1267
365,366,118,117,360
295,1155,1154,716,712,296
315,317,310,311,309,308
1210,1207,747,1206,1296,1297
1485,1486,2126,2128,1488,1487
1642,876,877,878,1977,1978
299,297,298,726,727
1658,1654,1653,1180,1183,1660
1346,1345,1347,1348,1806
2218,2219,2215,2214,2217,2216
1679,1680,1681,1678,1989,1993
2225,1717,1708,1719,2223
857,1767,1766,826,825,748
1875,1877,929,931,930,1469
1552,1420,1861,1860,1054,1551
2135,2132,1889,1890,2125
1011,1022,1021,622,88,13,237
48,53,54,442,443,165
328,327,329,330,754,753
423,421,1454,1453,67
1218,755,741,740,742,1217
2012,2011,1686,1687,2001,1998
125,124,433,435,868,869
1697,1696,1701,1703,2010,2009
662,661,658,659,1075,1078
1742,1744,1743,2035,2034,1741
110,109,849,120,119
1432,277,274,1865,1864,1431
1317,1316,815,814,819,817
788,1284,1282,790,789,787
406,787,789,359,405
1282,1287,802,805,790
2240,1311,1737,1744,1742,2241
480,479,481,482,483,484
2060,2057,2058,2059,2056,2061
1037,1036,347,339,340,631
1702,1700,1258,1261,1260
2158,2159,2160,2161,2157,2156
1250,1251,1252,1688,1689,1694,1693
2110,2109,401,281,279,1602
2058,1333,2047,2258,2259,2059
1918,2183,2187,2321,2325,1917
1356,1350,1351,1352,1353,1357
397,246,572,573,568,571
521,69,72,49,522
2099,2098,2097,2266,2268
759,757,761,762,758
1792,1755,1753,1758,1759,1793
1724,2026,2025,1723,1722,1725
1259,1263,773,1255,1705,1704
123,860,861,858,751
2080,2082,2081,2079,2278,2276
2065,769,770,765,764,2064
1583,268,89,77,1085,1582
1391,1837,1836,2154,2160,2159
2032,1326,1327,1762,1761,2029
1526,1523,616,1019,1017,1020
1815,1816,1370,1369,2081,2082
2054,2055,2257,2256,1322,821,820
592,593,254,261,1006,1009
1548,650,1058,1909,1913,1912
2167,2168,2166,2170,2169
190,484,483,51,52,55
2092,2091,2093,2094,2096,2095
382,378,1903,1906,1045,383
1661,1664,1666,1665,1663,1662
1047,1051,643,644,642
1861,1857,1856,1858,1859,1860
1376,1379,1378,1377,1821,2103,2102
2142,2316,2314,2140,2139,2141
850,1346,1806,1805
1759,1758,2052,2053,1757,1760
1366,1365,1245,1246,1247,1249,1248
1825,1384,1830,1833,1827
442,54,55,52,5,441
1483,1484,1482,1887,1888,1481
499,500,501,505,506
1233,1231,908,1243,1244,772
1712,1714,1265,1266,1681,1680
961,1506,1508,2319,2318,1503
535,79,230,229,220
2278,2079,1248,1249,1684,1685,2277
725,312,314,729,730
1564,1565,1570,1569,37,36,30
2231,2230,2229,2228,2227,2226
1790,1788,1789,1791,841
24,23,139,130,131,135
579,582,247,589,585,251
32,178,179,34,38,39,33
1408,1409,1274,1275,783,356
1746,1747,1745,1750,1748
1451,502,202,510,1448
1498,1497,591,254,593
1800,370,374,373,847,1801
2019,2018,1711,1227,1228,771
348,265,1917,2325,2324,1073,349
2361,1880,1875,1469,2121,2357
443,442,441,440,439
112,114,1342,1343,849,109
2177,2178,1914,1561,1562,2330,2331
1698,1442,1440,488,1258,1700
2248,2246,2067,2066,2069,2068
147,148,396,398,143,144
1308,1310,1309,1307,2242,2243,2043
377,121,832,833,371,376
2009,2010,2011,2012,2008
1845,1846,1849,1848,1847
1643,1641,1642,1978,1980,1644
1199,1200,1724,1725,1289,791,1198
1151,1636,1633,1634,1635
1504,1503,2318,2316,2142
1163,278,876,1642,1641
2275,2277,1685,2274,2269
657,655,654,267,268,1583,1584
115,352,1804,1802,1342,114
1466,1447,1449,1458,1457,1464
2384,2368,2367,2363,2364,2380
98,94,95,93,92,97
211,73,74,215,214
865,869,868,867,866
2364,2363,2244,2338,2340,2250,2251
2022,2023,2021,2018,2019,2020
1753,2344,2351,2352,2052,1758
1743,1738,2031,2230,2231,2035
298,96,101,313,312,725,726
563,235,738,736,564
1387,1398,1845,1847,149,893
207,516,519,514,465,464
1907,1905,1544,2091,2092,1812
712,716,718,713,714,711
1000,1143,1967,1969,614,1001
1868,1869,1871,1870,1867
36,37,35,157,158
976,303,239,240,234,562,977
95,569,566,300,301,93
715,700,708,707,699,717
1947,1946,1625,1957,1958,1607
950,951,544,543,541,540
1372,1371,1375,1374,1373
333,331,125,869,865,384
1823,1822,1576,1577,1928,1923
1180,1181,1182,1666,1664,1183
1170,1171,724,1177,1656,1655,294
1370,1368,1367,1365,1366,1369
477,184,183,475,474
1777,2286,2287,2078,1775,1776
1826,1824,1825,1827,1828,1893,1894
89,219,10,75,77
203,21,204,205
451,452,454,453,450
272,275,276,1057,1560,1559
387,388,389,1853,1854,386
2208,2207,2206,2209,2210
853,633,635,628,379,851
1399,1397,1396,1395,1846,1845,1398
1505,984,2158,2156,1897,1509
465,514,513,175,460
929,507,503,1452,1450,931
44,469,466,185,497,498
542,956,957,949,946
100,1188,1214,1216,153,152
809,810,811,806,807,808
1130,690,291,292,1608,1609
2235,2232,2233,2234,2236,2237
932,959,958,933,936
395,540,541,141,142,392
345,343,338,332,336
1272,2039,2040,1732,1271,1273
1224,772,1244,1240,1222
1540,640,639,638,2293,2291
971,1495,1491,1490,1489
831,839,840,837,836,829
2355,2354,2370,2368,2384,2383
243,244,242,241,240,239
2002,1695,1697,2009,2008,1254,2003
1781,1778,1996,2393,2394,2386
937,935,537,538,539
1596,1595,1588,1590,1092
1439,926,490,493,1441
954,953,583,584,245,577
1435,1867,1870,1417,1419
626,1025,1026,1023,1024,1010
116,1407,1408,356,786
676,1179,1661,1662,719,679,678
509,494,504,503,507
429,428,431,432,430
2367,2369,2264,2244,2363
2180,2181,2182,2178,2177,2179
399,294,1655,1657,1106,1109
2338,2341,2343,2342,2339,2340
930,931,1450,1447,1466,1467
264,630,631,340,640,1540,1539
1415,897,902,901,898,899,1416
906,1855,1851,1414,911,912
1195,1196,1199,1198,1197
1232,907,915,914,909,908,1231
1771,1329,1328,1336,1769
82,1193,1192,1196,1195,16
872,866,867,388,387,870
367,1219,1221,759,758,118,366
412,152,153,151,408,414
2287,2288,2275,2269,2270,2078
1940,1939,1938,1937,1941,1942
900,905,2360,2359,2307,1455
936,933,934,935,937
561,559,624,623,558,560
2307,2359,2358,2306,2313,2311
250,588,587,625,624,559
2300,1840,2299,2298,2297
1598,1385,1603,1601,1599
1383,1382,1644,1980,1979,1380,1381
2295,2294,863,862,1362,1359
1430,1433,1432,1431,1436,1438
92,93,301,302,103,104
2318,2319,2317,2315,2314,2316
2018,2021,1713,1714,1712,1711
229,230,226,225,227,228
1587,670,669,668,667,1585
1249,1247,1238,1237,1683,1684
1632,1163,1641,1643,1162
2138,1492,550,547,548,2136
1922,2188,2190,1571,1569,1570
1254,2008,2012,1998,1999,1709
170,40,42,46,45,169
1351,383,1045,2087,2086,1352
796,357,1670,1671,800,797
1339,1760,1757,1338,1784,1783
1102,1597,1600,1605,1604,1103
2045,1752,1751,1316,1317,2046
1840,1404,1401,1403,1402,2299
1237,1238,1234,1233,772,1224,1223
660,136,132,133,658,661
1024,1023,1527,1526,1020,1021,1022
1676,2165,2163,1517,1518,1674
1926,1927,657,1584,2194,2196
1461,1465,1464,1457,1456,928,1460
1941,1937,1598,1599,1600,1597
1883,1471,1473,1472,1470,1882
35,3,448,447,428,429,157
1301,1303,1300,374,370
2083,2084,1811,1807,1997,1996,1778
285,677,1113,1112,286,287,288
1225,1228,1227,1226,1987,1986
572,574,575,576,573
1981,1184,703,702,1645
1502,2141,2139,1501,1500
1734,1735,1304,1303,1301,1302
2339,2342,2247,1751,1752
2162,1901,1514,1516,1517,2163
52,51,471,472,467,5
2377,2378,2376,2375,2374
887,886,399,1109,1110,400
1896,1942,1941,1597,1102,597
2341,2332,2333,2044,2245,2343
1060,1054,1860,1859,1062,1063
1478,595,594,253,87,1476
81,231,232,222,221,78
665,664,272,1559,1558,271
641,1046,1047,642,266,1536,1533
279,281,282,285,288,284,280
440,441,5,467,468,43
1807,1808,1809,1810,1995,1997
508,509,507,929,1877,1876
1137,1144,1628,1627,1146,1136
491,489,192,193,194,195
1080,1589,1586,664,665,663
420,906,912,915,907
90,145,146,14,91
2269,2274,2273,2272,2271,2270
1971,1972,1955,1951,1139,698
1374,1375,871,391,390,1367,1368
1145,696,695,646,1630,1629
2229,2030,1727,1726,2228
2266,2097,1815,2082,2080,2265
647,209,515,516,207,648
91,14,306,305,15
245,584,580,574,572,246
1066,1069,1071,1070,1068,1067
145,228,227,148,147,146
2132,2136,548,549,964,1889
616,615,698,1139,1138,1018,1019
42,43,468,469,44,47,46
1132,1127,1549,1547,1052,1134
306,307,98,304,305
1836,1834,982,983,2155,2154
235,236,552,551,557,739,738
621,620,255,613,996,998
1,972,1484,1483,2
1701,1699,1698,1700,1702,1703
669,1098,1095,672,671,668
425,427,426,1413,1850,1852
1936,1592,1593,1594,1591,1933
1999,1998,2001,2014,2015,2000
979,974,565,318,238
2353,2348,2253,2257,2055
895,896,1410,1406,894
732,730,729,728,731
735,1187,1188,100,28
574,580,579,251,248,575
1193,1194,1190,1189,1191,1192
2289,2290,2288,2287,2286,2285
1625,1623,1624,2205,2200,1957
1124,1125,1128,1127,1132,1133
1029,997,1002,1525,1524,1030
2074,2020,2019,771,768,2075
1176,1175,1156,1155,295,1651,1652
956,960,1504,2142,2141,1502,957
224,223,25,883,881,225,226
220,229,228,145,90
803,808,807,813,812,358
2067,1776,1775,2070,2072,2066
1980,1978,1977,2105,2104,1979
1839,1838,1835,1834,1836,1837
1390,2116,2115,2112,2113
1881,1882,1470,940,939,938
131,130,129,134,133,132
555,554,553,551,552
688,687,685,686,1126,1129
832,830,831,829,834,833
1211,1212,1208,1207,1210,1209
1921,1919,2191,2188,1922,1920
548,547,546,600,601,549
177,462,461,176,179,178
322,321,1283,1284,788,404
497,185,186,181,201,495
643,1545,2184,2183,1918,644
2160,2154,2155,2153,2152,2151,2161
2310,2311,2313,2312,2309,2308
538,537,945,944,232,231
2191,2193,2192,2189,2190,2188
2302,2303,2305,2304,2301
347,349,1073,1074,341,344,339
1058,1557,1556,1059,1908,1909
2342,2343,2245,2246,2248,2247
1634,1633,1157,1382,1383,1158,1159
27,150,895,894,26
1731,1730,1293,121,377,1299
103,302,975,978,85,102
562,234,233,236,235,563
1576,1078,1075,1077,1076,1577
2001,1687,1259,1704,2013,2014
1306,1741,2034,2033,1728,1305
1073,2324,2322,1072,1074
307,144,143,94,98
1507,1505,1509,1508,1506
1300,1299,377,376,375,373,374
1150,1149,701,705
1591,1594,1924,1925,1094,1093
1870,1871,1427,456,919,1418,1417
2375,2376,1984,1648,1647,1649
1101,1578,1935,1934,1097,1100
825,826,827,1334,1332,828
523,50,478,188,524
213,214,215,534,70
941,942,947,950,540,395
1017,1019,1018,1015,1016,1013,1014
2147,1898,1510,1895,2144,2149
247,252,1008,1005,590,589
276,673,1430,1438,1437,1056,1057
2379,2380,2364,2251,2347,2346
805,802,809,808,803,804
583,581,582,579,580,584
162,439,440,43,42,40
1087,1084,1083,216,218,217,1091
1114,1115,692,1117,1119,693
539,538,231,81,536
1335,1780,1781,2386,2387,2262
84,238,318,1194,1193,82,83
658,133,134,203,205,270,659
2116,2300,2297,2114,2115
1931,1930,1084,1087,1086
515,517,518,520,519,516
1056,1437,1434,649,1055
172,450,453,508,1876,1878
776,18,111,113,775
1458,1459,511,1456,1457
408,151,320,322,404,409
744,828,1332,2057,2060,743
2392,1994,2267,2282,2281,2391
473,470,187,186,185,466
2081,1369,1366,1248,2079
1026,1030,1524,1527,1023
793,791,1289,1290,792,794
1477,1479,1478,1476,1474,1475
1006,261,617,621,998,999,1007
1400,1394,1393,1396,1397
1967,1968,1970,1972,1971,1969
1832,885,887,400,402,1831
1048,1049,1050,1051,1047,1046
402,400,1110,1107,283,403
1280,785,784,1278,1281
896,407,406,405,1412,1410
1848,1849,891,885,1832,1829
928,1456,511,1445,1872
679,719,720,1116,1117,692
1821,1377,662,1078,1576,1822
861,859,1770,1767,857,858
1782,1783,1784,1785,1786,1787
2312,2302,2301,2117,2118,2309
428,447,444,160,29,431
2200,2205,2204,2201,2202,2203
1869,1863,1862,1429,1428,1427,1871
1141,1953,1954,1614,1041,632,636
1618,1619,1613,1612,1965,1963
2250,2340,2339,1752,2045,2249
1394,2213,2211,710,1393
437,438,425,1852,1853,389
578,955,954,577,882,884
1556,1555,1055,649,1553,1554,1059
1286,795,796,797,1288
815,2068,2069,1774,1220,814
838,1795,1796,1340,840,839
2217,2214,767,760
2112,2115,2114,1838,1839,1843
1075,659,270,269,656,1077
849,1343,1344,848,120
601,600,598,984,1505,1507,599
1362,862,385,873,1371,1372,1363
840,1340,1339,1783,1782,837
965,966,599,1507,1506,961,962
1728,2033,2036,1730,1731,1729
128,24,135,137,138
1002,1003,1000,1001,1522,1525
1892,2143,2145,1497,1498,1499
2220,2224,2225,2223,2222,2221
1281,1278,1277,1276,1279
2232,2041,2239,2238,1736,2038,2233
1796,1793,1759,1760,1339,1340
1298,1297,1296,1295,1739,1740
908,909,350,1242,1243
1913,1909,1908,2181,2180,1911
902,903,904,905,900,901
1360,1359,1362,1363,1361
289,1121,1124,1133,1131,694
1611,1610,1145,1629,1628,1144
1258,488,487,191,1262,1261
710,2211,2212,1982,1174,1173,293
1768,1769,1336,1335,2262,2263,2049
721,1168,1169,681,683,722
1764,1331,1330,1754,1756,1765
949,957,1502,1500,544,951
149,1847,1848,1829,1830,1384
1668,1203,1673,1672,1205,1204,1667
1154,1153,715,717,718,716
424,423,67,1691,1688,1252
2252,2046,1317,817,1315,2254
1549,1550,1548,1912,1910,1547
618,619,620,621,617
2213,2377,2374,2212,2211
987,612,611,257,606,988
2013,1704,1705,1706,2016
1850,1413,1415,1416,1414,1851
952,1475,1474,953,954,955
1214,1215,1213,1218,1217,1216
2284,2265,2080,2276,2290,2289,2283
1639,675,1579,1578,1101,1638
41,163,162,40,170,167
1693,1694,1695,2002,2007
156,174,172,1878,1879,154
2139,2140,1891,1479,1477,1501
585,589,590,586,587,588
164,166,165,443,439,162,163
1173,1174,1171,1170,1172
242,249,250,559,561,241
1586,1585,667,275,272,664
513,512,56,53,48,175
1691,67,1453,2310,2308,1253,1692
1856,920,208,209,647,1858
1031,1032,1033,1034,1541,1543
546,1841,1842,1392,598,600
2073,2071,2065,2064,2062,2063
674,1093,1094,1082,274,277
587,586,1027,1025,626,625
434,158,157,429,430,436
2360,2361,2357,2358,2359
1110,1109,1106,1104,1105,1108,1107
635,634,627,1032,1031,628
64,59,60,7,63
1371,873,872,870,871,1375
1381,1380,1580,1579,675
1405,1400,1397,1399,1388
611,995,994,605,604,257
1018,1138,1140,993,1015
2320,2186,1575,1919,1921,2323
1508,1509,1897,2148,2317,2319
1965,1612,1611,1144,1137,1949,1966
2040,2037,1733,1735,1734,1732
1309,804,803,358,1307
1422,922,924,925,923,1423
1266,1268,1269,1678,1681
891,890,888,886,887,885
1595,2210,2209,1099,670,1587,1588
757,764,765,2218,2216,761
718,717,699,1974,1975,713
1916,1551,1054,1060,1561,1914
1128,1129,1126,1550,1549,1127
1649,1647,1178,1177,724
1108,1105,680,1111,1113,677
566,567,243,239,303,300
1090,1091,217,212,458,459
2394,2393,2392,2391,2389,2390
284,288,287,1142,1624,1623
111,115,114,112,113
1622,1130,1609,1613,1619
656,269,206,68,653
2166,1899,1900,1901,2162,2170
910,422,424,1252,1251,913
301,300,303,976,975,302
2015,2014,2013,2016,1710
1061,1064,1069,1066,651
291,290,289,694,697,292
1891,1892,1499,595,1478,1479
194,193,57,59,64,65
2314,2315,2150,2143,1892,1891,2140
14,146,147,144,307,306
683,681,682,687,688,684
1120,684,688,1129,1128,1125
1614,1615,1042,1043,1044,1041
2214,2215,1985,1677,766,767
2004,2003,1254,1709,1716,1715
602,856,854,378,382,380
335,336,332,331,333,334
889,293,1173,1172,888,890
329,16,1195,1197,323,330
2052,2352,2353,2055,2054,2053
1528,1535,1532,1040,1039,1038
568,573,576,244,243,567
2129,2124,2125,1890,1480,2131
752,751,858,857,748,749,750
2222,2223,1719,1720,1721
1996,1997,1995,1994,2392,2393
1042,1147,1531,1529,263,1043
413,414,408,409,410,411
756,753,754,755,1218,1213
1334,827,2048,2050,2047,1333
1515,1512,1355,859,861,860
479,188,478,476,481
1717,1716,1709,1999,2000,1707,1708
332,338,337,31,124,125,331
168,169,45,171,173,159
1995,1810,2099,2268,2267,1994
2347,2251,2250,2249,2349,2350
1426,1421,1422,1423,1424,1425
746,750,749,745,1208,1212
1189,737,556,1201,1202,1191
2173,2171,2174,2176,2175,2172
558,623,1012,1011,237,554,555
1287,1288,797,800,810,809,802
2145,2146,1896,597,596,591,1497
1786,1785,1746,1748,835
351,110,119,108
253,594,592,1009,1008,252
1910,1912,1913,1911,2174,2171
60,8,9,6,7
1296,1206,1324,1325,1327,1326,1295
1247,1246,1236,1234,1238
498,497,495,494,496
2335,2334,2336,2337,2333,2332
622,1014,1013,610,260,88
1685,1684,1683,1682,2273,2274
1655,1656,1658,1660,1659,1657
565,564,736,1190,1194,318
2098,1819,1818,1817,1816,1815,2097
544,1500,1501,1477,1475,952,543
1520,1521,1519,1899,2166,2168
1628,1629,1630,1631,1626,1627
1454,1455,2307,2311,2310,1453
436,430,432,427,425,438
762,761,2216,2217,760,763
487,492,491,195,61,191
467,472,473,466,469,468
888,1172,1170,294,399,886
1524,1525,1522,1523,1526,1527
1928,1577,1076,655,657,1927
118,758,762,763,117
461,460,175,48,165,166,176
2227,2228,1726,798,799,1294
1283,1285,1286,1288,1287,1282,1284
975,976,977,974,979,978
1650,1652,1651,1653,1654
816,818,368,364,361,363
1511,1358,1356,1357,1354,1355,1512
1099,1100,1097,1098,669,670
1952,1950,1616,1615,1614,1954
1268,1267,2005,2004,1715,1718,1269
53,56,189,190,55,54
34,164,163,41,38
97,92,104,101,96
1076,1077,656,653,654,655
2199,2195,1929,1930,1931
1126,686,273,650,1548,1550
731,728,99,733,734
471,474,475,470,473,472
614,1969,1971,698,615
2253,2252,2254,2255,2256,2257
1621,691,689,690,1130,1622
2090,2296,2295,1359,1360,864,1813
216,76,73,211,218
1864,1865,1866,1862,1863
1962,1966,1949,1950,1952,1956
2306,2120,2303,2302,2312,2313
604,605,855,856,602,603
1187,1186,1185,1215,1214,1188
619,1103,1604,1606,255,620
982,981,980,1824,1826,983
2088,1812,2092,2095,1811,2084
368,367,366,365,364
707,1160,1637,1973,1974,699
1944,1943,1945,1946,1947,1948
22,128,138,875,874
1761,1762,1763,1764,1765,1798,1797
1573,1067,1068,652,2192,2193
529,527,530,531,533,532,528
768,771,1228,1225,770,769
1424,1423,923,210,518,517
733,99,107,325,1185,1186
1361,1363,1372,1373,1817,1818
12,1481,1486,1485,80
736,738,739,737,1189,1190
994,992,637,852,855,605
2030,2029,1761,1797,1794,1727
2093,2089,2292,2296,2090,2094
2152,2153,1894,1893,1938,1939
124,31,30,36,158,434,433
1665,1167,1168,721,1663
624,625,626,1010,1012,623
107,308,309,106,326,325
1277,355,1272,1273,782,778,1276
1670,1668,1667,1669,1671
2366,2365,2279,2280,2336,2334
1181,296,712,711,723,1182
17,83,82,16,329,327
1733,1305,1728,1729,1304,1735
2155,983,1826,1894,2153
742,740,319,321,322,320
1846,1395,889,890,891,1849
1010,1024,1022,1011,1012
871,870,387,386,127,391
1392,1391,2159,2158,984,598
1236,1235,1232,1231,1233,1234
1291,1292,1203,1668,1670,357
1271,1732,1734,1302,353,781
47,44,498,496,454,452
1631,1048,1046,641,1148,1626
1353,1352,2086,2085,1779,1349
85,978,979,238,84,86
1177,1178,1650,1654,1658,1656
319,105,1285,1283,321
834,829,836,1788,1790,842
977,562,563,564,565,974
1514,1513,1511,1512,1515,1516
985,256,122,1358,1511,1513
2194,1584,1583,1582,1929,2195
173,171,451,450,172,174
1935,1936,1933,1932,1934
1275,1274,2042,2041,2232,2235
1945,280,284,1623,1625,1946
2108,1831,402,403,401,2109
2387,2386,2394,2390,2385,2388
1085,77,75,76,216,1083
1897,2156,2157,1898,2147,2148
741,324,793,794,105,319,740
671,672,1433,1430,673
393,392,142,25,223
1460,928,1872,1873,485,1462
1062,1859,1858,647,648,1065
270,205,204,206,269
1097,1934,1932,1096,1095,1098
645,1053,2173,2172,1050,1049
1874,1446,927,1444,1443
1538,1539,1540,2291,2292,2089
286,1112,1114,693,689,691
1027,1028,1029,1030,1026,1025
2036,2226,2227,1294,1293,1730
2069,2066,2072,2073,2063,1774
2327,2331,2330,2328,2329,2326
75,10,74,73,76
606,257,604,603,256,985,986
2317,2148,2147,2149,2150,2315
2345,2346,2347,2350,2351,2344
948,946,949,951,950,947
1167,1164,1165,1166,1169,1168
1403,1401,1388,1399,1398,1387
455,1088,1090,459,918,917
854,851,379,1904,1903,378
2117,2301,2304,1463,926,1439
1739,1295,1326,2032,2031,1738
1157,1162,1643,1644,1382
921,916,1426,1425,208,920
637,636,632,633,853,852
1532,1537,1035,1036,1037,1040
2123,2122,2134,2135,2125,2124
1674,1518,123,751,752,1205,1672
340,339,344,346,639,640
689,693,1119,1118,290,291,690
210,923,925,526,530,527
714,713,1975,1976,1596,666
1620,1621,1622,1619,1618,1617
1245,1229,1230,1235,1236,1246
1490,1491,2133,2134,2122
222,394,393,223,224,221
1719,1708,1707,2017,1720
610,1013,1016,995,611,612
1488,2128,2130,545,1885,1886
493,490,486,489,491,492
972,971,1489,1482,1484
2126,2127,2129,2131,2130,2128
1116,720,722,683,684,1120,1123
2385,2390,2389,2365,2366,2372,2373
778,782,780,354,777
935,934,938,939,945,537
1205,752,750,746,1204
2238,2241,1742,1741,1306,1736
1678,1269,1718,2224,2220,1989
2245,2044,1777,1776,2067,2246
570,571,568,567,566,569
2254,1315,1314,1321,2255
518,210,527,529,520
719,1662,1663,721,722,720
1908,1059,1554,1915,2182,2181
505,501,202,502
770,1225,1986,2219,2218,765
1220,1774,2063,2062,1221,1219
1544,1542,1538,2089,2093,2091
1988,1992,1991,1677,1985
2330,1562,1061,651,1572,2328
1646,1645,702,1152,1156,1175
1558,1559,1560,1555,1556,1557
1396,1393,710,293,889,1395
1713,1222,1240,1239,1264,1265,1714
240,241,561,560,233,234
2100,2103,1821,1822,1823,1820
2157,2161,2151,1510,1898
1604,1605,1948,1947,1607,1606
596,597,1102,1103,619,618
485,1873,1874,1443,486
812,813,1298,1740,1737,1311
881,883,884,882,880,879
2174,1911,2180,2179,1546,2176
754,330,323,324,741,755
556,609,991,2027,2028,1201
1135,1134,1052,1053,645,646,695
1242,350,1250,1693,2007,2006,1241
1429,1931,1086,1089,1428
2219,1986,1987,1988,1985,2215
208,1425,1424,517,515,209
868,435,437,389,388,867
1437,1438,1436,1868,1867,1435,1434
2378,2362,1983,1984,2376
1270,777,354,18,776
739,557,608,609,556,737
1779,2085,2083,1778,1781,1780
2292,2291,2293,2294,2295,2296
2051,2261,2356,2371,2370,2354
1990,2221,2222,1721,774
1817,1373,1374,1368,1370,1816
1694,1689,1690,1696,1697,1695
846,372,843,369,844
2267,2268,2266,2265,2284,2282
1830,1829,1832,1831,2108,2107,1833
458,212,213,70,71,457
137,135,131,132,136
1879,1878,1876,1877,1875,1880
1321,1314,816,363,823,1320
426,419,897,1415,1413
2121,1469,930,1467,1468,2119
1386,2106,2111,1603,1385
882,577,245,246,397,880
1541,1034,264,1539,1538,1542
1016,1015,993,992,994,995
1253,2308,2309,2118,1442,1698,1699
1737,1740,1739,1738,1743,1744
87,253,252,247,582,581
263,1529,1528,1038,262
410,409,404,788,787,406,407
2025,2024,2164,2165,1676,1675,1723
723,711,714,666,1165,1164
1495,1496,2137,2133,1491
1651,295,296,1181,1180,1653
2197,2196,2194,2195,2199,2198
1044,1043,263,262,627,634
1519,988,606,986,1900,1899
1707,2000,2015,1710,2017
1449,1448,510,1459,1458
1677,1991,1990,774,766
1174,1982,1649,724,1171
2086,2087,2088,2084,2083,2085
375,376,371,372,846,845
287,286,691,1621,1620,1142
819,814,1220,1219,367,368,818
1440,1441,493,492,487,488
1590,1588,1587,1585,1586,1589
1367,390,1229,1245,1365
967,968,970,969,1473,1471
1890,1889,964,966,965,963,1480
697,694,1131,1135,695,696
1964,1963,1965,1966,1962,1961
1146,1627,1626,1148,1530,1531,1147
79,78,221,224,226,230
1131,1133,1132,1134,1135
390,391,127,126,1230,1229
1315,817,819,818,816,1314
964,549,601,599,966
1560,1057,1056,1055,1555
448,449,446,445,444,447
1798,1765,1756,1755,1792
2280,2283,2289,2285,2337,2336
2027,991,2167,2169,2164,2024
1493,1390,2113,1844,973
29,160,161,155,417,418
2234,2233,2038,2037,2040,2039
550,973,1844,1841,546,547
71,70,534,72,69
1122,1123,1120,1125,1124,1121
1530,1148,641,1533,1534
217,218,211,214,213,212
1799,1801,847,1345,1346,850,1341
1593,1820,1823,1923,1924,1594
1094,1925,1926,2196,2197,1082
799,798,838,839,831,830
792,1290,1291,357,796,795
2175,2176,1546,2185,2184,1545
248,251,585,588,250,249
105,794,792,795,1286,1285
2048,2049,2263,2261,2051,2050
2356,2388,2385,2373,2371
1804,1803,1800,1801,1799,1802
706,709,1161,1160,707,708
1531,1530,1534,1535,1528,1529
23,140,19,139
811,801,1211,1209,806
1468,1467,1466,1464,1465
343,342,1566,1563,337,338
709,1635,1634,1159,1161
1404,1405,1388,1401
823,363,361,362,822
1473,969,960,956,542,1472
1442,2118,2117,1439,1441,1440
1970,1961,1962,1956,1955,1972
2325,2321,2320,2323,2322,2324
1973,1637,1640,1639,1638,2206,2207
1324,2061,2056,1773,1323,1325
1536,266,265,348,1035,1537
1958,1957,2200,2203,1960,1959
1554,1553,1552,1551,1916,1915
312,313,316,317,315,314
525,522,49,50,523
419,418,417,903,902,897
415,413,411,150,27
278,22,874,877,876
2104,2105,2102,2103,2100,2101
2187,2326,2329,2186,2320,2321
2358,2357,2121,2119,2120,2306
2372,2366,2334,2335,2264,2369
1354,1357,1353,1349,1328,1329
227,225,881,879,396,148
197,1444,927,198,196
1866,2198,2199,1931,1429,1862
2,1483,1481,12
127,386,1854,1855,906,420,126
1230,126,420,907,1232,1235
2349,2249,2045,2046,2252,2253,2348
2389,2391,2281,2279,2365
1313,1318,1319,824,1749
379,628,1031,1543,1902,1904
775,113,112,109,110,351
1319,1320,823,822,824
310,86,84,83,17,311
2236,2234,2039,1272,355
2076,2075,768,769,2065,2071
1987,1226,1679,1993,1992,1988
2329,2328,1572,1574,1575,2186
747,743,2060,2061,1324,1206
1718,1715,1716,1717,2225,2224
909,914,913,1251,1250,350
2062,2064,764,757,759,1221
519,520,529,528,512,513,514
1688,1691,1692,1690,1689
361,364,365,360,362
2182,1915,1916,1914,2178
1081,1092,1590,1589,1080,1079
1872,1445,1446,1874,1873
323,1197,1198,791,793,324
773,199,200,1256,1255
629,1039,1040,1037,631,630
541,543,952,955,578,141
495,201,499,506,504,494
1686,1260,1261,1262,1263,1259,1687
153,1216,1217,742,320,151
999,998,996,1003,1002,997
855,852,853,851,854,856
1050,2172,2175,1545,643,1051
1378,660,661,662,1377
381,380,382,383,1351,1350
2006,2007,2002,2003,2004,2005
483,482,477,474,471,51
1624,1142,1620,1617,2204,2205
1265,1264,1267,1268,1266
2120,2119,1468,1465,1461,2305,2303
