0.967459504047201,0.922980644009775
-2.95808863515212e-12,-2.8891507242168e-12
-2.95808863515212e-12,0.034166705914996
0.0347952243776747,-2.8891507242168e-12
0.936721082664625,0.954414771020598
0.965274878747407,0.940471275748224
0.981012809688912,0.959311360937463
0.932647522377023,0.952335026593164
1.00000000007027,1.00000000009959
1.00000000007027,0.958732372418905
0.967845207868595,0.975928963279921
0.944470754593842,0.970988005918315
1.00000000010227,0.918211184185684
1.00000000007671,0.918211184211916
1.00000000007671,0.958732372414423
0.695151806295421,0.507553993461076
0.570664430908566,0.740302040452872
0.0984992437341843,0.0990840455851781
0.931029439792955,1.000000000061
0.973529938601397,1.00000000009959
0.973529938563472,1.000000000061
0.907638177754213,0.961306956526854
0.868235023695967,0.94677186726184
0.891959736757973,0.937555012488074
0.518560066920261,1.00000000007861
0.487632174831455,0.972457728343894
0.795396160361245,0.904129956829625
0.895147891173793,0.926929029597285
0.877388594147612,0.905647618997218
0.878510648719075,0.897188383231886
0.937959072273787,0.629739912357006
0.911018769082864,0.830019225582073
0.941165189521403,0.823850084724998
0.937108475638743,0.821226141234128
1.0000000000819,0.8147733157981
0.975261632095159,0.849588924333411
1.00000000007346,0.850193116688162
1.00000000007346,0.814773315806145
0.966761526294715,0.820368613627015
0.9701598077934,0.816318457434718
1.00000000007789,0.850193116691859
1.00000000010227,0.888107059683951
1.00000000007789,0.888107059659402
0.0236570388529918,0.500862009995288
0.899221901958884,0.537875157216757
0.935421671492209,0.518409111908796
1.00000000008154,0.428322003974047
0.958063045880642,0.554629276266446
0.932348803970915,0.533589519942975
0.915937948839122,0.544123835953812
0.932691748582577,0.607055960159212
0.943574524243191,0.595026933333398
0.908315124151632,0.603282355045205
0.937340160030236,0.574154548134773
0.905110993773692,0.578916557964678
0.918836683001067,0.568376837043059
0.964470833870168,0.597641414897973
0.348576438581241,0.77386163081461
0.380134570490466,0.744905254620322
0.354738415147917,0.744296278082813
0.385541407184677,0.757377115038524
0.40424516011653,0.763328883291696
0.4058308974632,0.787402837807667
0.381509328882802,0.792902012348694
0.372107438146269,0.776945680526186
0.511995436624311,0.263576352004729
0.437570484406656,0.322806980313863
0.451178450129137,0.330264208472548
0.65786693521829,0.358902063805556
0.5959138478747,0.473876798647899
0.319001426292261,0.606580774443719
0.539285804892724,0.631413180899237
0.551090241465441,0.621863788169673
0.497308919391832,0.691986325356493
0.517105465950834,0.696199565095066
0.419497589235791,0.752943550256713
0.460074541379643,0.597879673893888
0.465692079219721,0.609823645339144
0.600248472168824,0.493084794862047
0.677469391480499,0.522026768898962
0.642373703158813,0.542038386889442
0.723475492867577,0.480472534743932
0.717351589791911,0.476095172217223
0.678900172245229,0.466473574392421
0.691337831606855,0.488518531037329
0.681726558980367,0.482438104021586
0.745268228887654,0.446835399574828
0.553268171817154,0.715463169450597
0.560646902984267,0.717801606615041
0.810375113145308,0.528919629268919
0.804086076904266,0.508804342450327
0.783375603584102,0.505287891567588
0.0250633986120779,0.106433473597635
8.43630720837041e-14,0.105399940321199
-2.62333904599288e-12,0.105399940318903
-2.62333904599288e-12,0.0711114543952622
0.254357956097937,0.201407834288167
0.795853758537401,0.906669309722322
0.777322137798883,0.866466500342044
0.931029439706522,1.00000000012556
0.919744543879882,1.00000000012556
0.847105754461661,1.00000000007582
0.813816559342684,1.00000000007582
0.880716615639291,1.00000000007467
0.867181175346378,0.965598402983278
0.847105754462682,1.00000000007467
0.847276122559562,0.974892934258261
0.538449198659676,0.821014231250252
0.438276059066933,0.859316964224925
0.454518474826454,0.851945442055602
0.501116294322073,0.835253365513267
0.489753418755104,0.83742506235778
0.748659824468409,1.00000000006527
0.780362630806661,1.00000000007539
0.74865982447721,1.00000000007539
0.681667533810303,1.00000000007294
0.651620612278194,1.00000000007294
0.695171734771653,0.928224119737724
0.693530517537399,0.93791115368515
0.779513116441853,0.936398038166684
0.778495822602028,0.929149682318762
0.923124426433936,0.656504060469402
0.922728579980333,0.643996729061566
0.927875368254611,0.92404624767867
0.918673349829182,0.917468185705026
0.958850553027269,0.913603519552586
1.00000000008079,0.717373428103541
0.962321591616716,0.781609305485507
0.965421982549917,0.784361344160926
1.0000000000819,0.783996196068018
0.962779689144294,0.703396356584258
0.937138485780316,0.669851947126328
1.00000000007717,0.717373428106777
0.974073560131013,0.71790458217382
1.00000000007717,0.752716814913946
0.96481275250468,0.740905037949448
0.973016968317855,0.751707474823769
1.00000000008079,0.681787633775794
0.972796745766822,0.683014321005906
0.960517627743609,0.664386921041995
0.898389358019404,0.885331149008364
0.898418336177147,0.863120460520048
0.91129617031423,0.854645811175272
0.918228589116569,0.89581766097868
0.901421867669283,0.754262896989829
0.941414378376486,0.740653085968702
0.901937463217013,0.731360448683
0.953500151033442,0.781266606014322
0.933635956653153,0.758434154598671
0.916270156067598,0.763927339388597
0.913591196111492,0.789956823115526
0.933057364752436,0.798529789811969
8.88820267386237e-14,0.142353171131203
0.11867391640492,0.446675088602464
0.139440219718032,0.445065544305066
0.187013432494849,0.404247785151219
0.148347633724808,0.462402968438424
0.423683374012223,0.850563984084766
-2.94450921978218e-12,0.863994316701619
-2.94450921978218e-12,0.83940433268757
-2.63125979338419e-12,0.839404332687208
0.0840778811156253,0.802520996219918
-2.67952673937977e-12,0.569133634384737
0.0327735326662842,0.481719079479534
0.0535509763971734,0.45040646614382
0.871145707484683,0.512721521072369
0.893833098575717,0.514643000379775
1.00000000008154,0.460824471581152
1.00000000006895,0.500737739966489
0.880388132504457,0.552438472222065
0.886499746522816,0.572923644323208
0.977089753665417,0.576766071311675
0.958909345408199,0.554569880452571
0.973437385390483,0.538010609755135
1.00000000006895,0.540554105328122
1.00000000008626,0.540554105342984
0.449012425439169,0.229189936675923
1.00000000007891,0.149880249463274
1.00000000007153,0.149880249468765
1.00000000008709,0.226427381009035
0.359887226494156,0.554694602695772
0.374405580656886,0.566667879362028
0.282096126832827,0.415933582768692
0.273258936793111,0.39718284797836
0.2542240474337,0.336369626048594
0.25828601514663,0.360741996314084
0.252083242284659,0.397263889321441
0.246130853610388,0.425474240475939
0.415998920325225,0.45135618215776
0.392261867958147,0.452868467054258
0.383564131773988,0.440698835914974
0.395005560541077,0.420423873735161
0.414163698884488,0.420165118230844
0.422405737686176,0.430204862914144
0.310538452555608,0.508314534697202
0.331870391491845,0.491774528725512
0.409893033652274,0.675119042186475
0.318244975285314,0.750291553164472
0.326564121556858,0.769586797525833
0.348140712821626,0.774137868457122
0.527704267405146,0.274910723888928
0.433263383102719,0.297848171587448
0.423308058738977,0.259147855421869
0.441348205621928,0.256709369363226
0.470242517847124,0.317732793351062
0.414125918509161,0.334850117535837
0.636891716906823,0.361627009727763
0.60421311861268,0.38133271845648
0.633428796988475,0.383535592615847
0.619403316902116,0.390119773051733
0.589371767971438,0.387913945192575
0.572443352801973,0.378838999419037
0.587463709267887,0.411510273949878
0.569980780900705,0.363226391233159
0.667415845136331,0.381232708737301
0.65109624423097,0.393554935402005
0.339759553056855,0.581309359934246
0.32393644001309,0.586954973776108
0.34285553734766,0.561203660902942
0.252804456380149,0.533847483697841
0.274331593128114,0.5230415539729
0.31016843958597,0.644730458362941
0.291052113485109,0.662706389390595
0.336510502270612,0.620080972668317
0.645935282894566,0.618144057353662
0.638427980621448,0.638014453303166
0.46979939604212,0.709803155317971
0.484424763273759,0.709929262940036
0.458426309014228,0.736755507438181
0.456294531643669,0.732333436774405
0.471309575660732,0.578075700270128
0.461603673770258,0.550682170604337
0.459394132173715,0.562693186702574
0.439035262226945,0.593476823952173
0.426546118569743,0.606014878354112
0.417031478848298,0.60539935575475
0.403552907663096,0.589687437907611
0.435245165420337,0.572107486543789
0.519281639613496,0.626402095694033
0.485562183845363,0.613027648618902
0.489678802312179,0.674920216944795
0.65816381126296,0.456468194546041
0.620637422730565,0.464246662351672
0.65992338586848,0.494393665731888
0.645579380883447,0.519808626250969
0.659017687849139,0.512110049455781
0.621574715725056,0.502311022167197
0.623156429828436,0.50781994432693
0.637135581078945,0.47932503688208
0.641281759702026,0.478949101746529
0.680006871741663,0.53713517310974
0.714078479287539,0.459203641561178
0.732589365803462,0.442842515531407
0.693477978984264,0.439081655587404
0.695858309238523,0.449829547697749
0.834329183793706,0.498065538230881
0.816238548293253,0.49545808101563
0.808169510285431,0.472975480466536
0.749641455653829,0.474102021610281
0.753148295012111,0.466498008395333
0.758692327556425,0.494546130714725
0.778040790073245,0.497170040696524
0.787905762072549,0.472827131907685
0.779561932974193,0.462837869306119
0.542947798315994,0.781989018988482
0.560293606796372,0.756111620355465
0.552760227111893,0.757863670153067
0.64499093500963,0.798141681675228
0.562026872480518,0.660459516773453
0.564016247159566,0.677707416198861
0.542224226914737,0.653339451083295
0.547572681092936,0.690376264194543
0.526033594139489,0.665091264153638
0.529367516841119,0.684827817682273
0.058256752198158,0.0937078824024394
0.0352689065721448,0.0919955425783425
0.112752504983204,8.42711317394773e-14
0.39522407858952,0.136078850010086
0.387709240002375,0.151530881992799
0.262040139687549,0.190346368076724
0.816853071968522,0.921707179973057
0.837046729361126,0.907360749968241
0.854554610268431,0.920250203790557
0.854669080950513,0.935475480152953
0.746325108067354,0.722446023340463
0.80520636027901,0.887094912683762
0.799268753355916,0.870820731016142
0.862985771942488,0.881941665880471
0.836093965648808,0.88869117601302
0.834777672231498,0.887445467834021
0.832717855970254,0.965136597215997
0.832480803258081,0.947016827610414
0.817196171022667,0.935878291600502
0.797450875052155,0.947915598708162
0.880716615642955,1.00000000007033
0.88131142287923,0.976460289258045
0.919744543801803,1.00000000007033
0.90591207349639,0.965295881745906
0.535986866186442,0.746364648371347
0.537677733793637,0.723830917539213
0.520858045080122,0.716016787912994
0.499233002936263,0.732001213061908
0.50853091858806,0.873209336147277
0.529797162586095,0.842472966181051
0.514505942389565,0.845174372563881
0.498794132980867,0.875866865972564
0.473635770233293,0.864918589839548
0.479319262875359,0.863713679959626
0.413792452973877,0.793362064983068
0.411076876752736,0.817833842118341
0.425892170679354,0.827225641476266
0.529305591280506,0.784205304481897
0.520050136537768,0.806968849812881
0.50909015972148,0.809510088775641
0.339731674664463,0.938291560258871
0.455548997189054,1.00000000007567
0.488143681961135,1.00000000007861
0.48814368195827,1.00000000007567
0.51856006693246,1.00000000006479
0.504451341972544,0.964677963042174
0.52063255050599,0.9756376755113
0.535630361566036,0.96898807146118
0.475009527803237,0.965903741197825
0.651620612274376,1.00000000006871
0.714673298131719,1.00000000006589
0.714673298132194,1.00000000006527
0.681667533816603,1.00000000006589
0.682779247720094,0.975500516866163
0.768117577788897,0.875517873575112
0.769228102832353,0.891756535789312
0.670712881388279,0.946932349085212
0.670809468937098,0.967408249191219
0.650957704918534,0.975409929468201
0.640730772881547,0.968481080477052
0.747156494440054,0.975971797076925
0.762213663965802,0.96517454881259
0.762052647353281,0.952541698901216
0.8797541597122,0.722630414546488
0.862066055399177,0.689891491730206
0.879500201180033,0.699166911389683
0.899027052676264,0.689203745353144
0.898570008445224,0.671028191814771
0.900446675248997,0.610992646981611
0.901444992857816,0.631685563580291
0.970623695307628,0.884104095266226
0.958228163001165,0.896314763999494
0.96541882566556,0.859239948844663
0.933620045997823,0.884889934105928
0.943451065503616,0.855593871619183
0.93366756357058,0.862710515283527
1.00000000008351,0.783996196066271
1.00000000008351,0.752716814919957
0.933214460675269,0.690378458343541
0.946824817525691,0.704220339009988
0.911252817317787,0.697155426057171
0.934517096632447,0.72891751863129
0.912193320877567,0.724029213213647
1.00000000008876,0.648480852627549
1.00000000008876,0.681787633768149
1.00000000008824,0.648480852626996
0.973160448917766,0.61302560881181
0.960504145392397,0.634738975280098
0.966903376715374,0.648377515796788
0.168028719127155,0.431920040299264
0.170712087928631,0.411026142247469
0.144956072417928,0.434682550625573
0.254871519915758,0.260261872292892
0.260154000224823,0.221703453581712
0.241577962843136,0.238079647688599
0.252605246228488,0.296253558838114
0.24364716878997,0.27544864115798
0.237290106873204,0.461613290207512
0.214629004417639,0.875812528894687
0.213611909993535,0.839687152700135
0.225264794988963,0.853933494097627
0.0230707917553887,0.706320181225499
0.0337867788928022,0.68668214477563
0.0579253193585096,0.689658584205124
0.29860555232421,0.626982819975692
0.304527276712638,0.611394653905408
0.214149101311765,0.534956682907832
0.218094493692905,0.547372157812312
0.0291673289358817,0.868350611450173
8.02378996578312e-14,0.863994316705073
0.031245427242324,0.837373513204923
0.0365429002954002,0.861558900174058
0.0565205237365504,0.865076457291509
8.42763359099052e-14,0.808521899263031
-2.63126152810766e-12,0.808521899265549
0.0854594771661585,0.718242814383964
0.0955292474595686,0.816554053654018
0.099911116227736,0.73529985235302
0.0887009314124168,0.784420693557276
0.0977234948620931,0.746605710890965
0.108762109183036,0.779807219229832
0.113107558870799,0.761233902811312
0.0967346464185259,0.873783247532355
0.167959219256875,0.916473304185902
0.170853396609989,0.933340504990558
0.22765584680916,1.00000000007756
0.118748229227362,0.965848038759575
0.151121369330032,0.945414807056405
0.196338028165173,1.00000000007843
0.196338028166032,1.00000000007756
8.09040334726063e-14,0.976776861858244
-2.96168298219435e-12,0.976776861861935
0.031248007425651,0.971865944536786
0.0332881458083135,0.973326205126136
0.099685019557574,1.00000000007741
0.0996850195594423,1.0000000000754
0.099999265795145,0.974297811421023
0.0671834914792936,1.00000000007741
-2.67952673937977e-12,0.53568564855644
8.67691335448839e-14,0.535685648553949
8.67691335448839e-14,0.501166031322692
7.84511344775751e-14,0.56913363438695
8.7660781411536e-14,0.606229239836887
0.110119329799049,0.459395159837009
0.0907927059596623,0.459460750913247
0.0521330581944537,0.481436823752224
0.0608185295695642,0.46650558244083
0.0835847560061762,0.467757707164235
0.0254871353421749,0.402386800719336
0.0338537355576979,0.418135017293296
0.0631392628834549,0.435464717239096
0.0551576174836117,0.41836976179374
0.063635148562182,0.404006489582417
0.0827735078663577,0.436561498337606
0.916569442759698,0.503158739516644
0.901778960708252,0.505484741089248
0.976242342782279,0.462965245136182
1.00000000006543,0.460824471594395
1.00000000006543,0.500737739964203
0.866463366100579,0.547704281085553
0.827990308347111,0.533378483952978
0.842019676081586,0.519795179782137
0.860363610180092,0.52285267778253
0.833561044747201,0.554005983223083
0.848723664807463,0.559387294082266
0.867927361483438,0.590616655736449
0.874428456357563,0.605914932397777
0.839792218337622,0.59381986389687
0.853243738781616,0.585979990657892
1.00000000008626,0.575455525908371
1.00000000007516,0.575455525917605
1.00000000008824,0.6149551654432
1.00000000007516,0.614955165431453
0.337103217028578,0.23589768919004
0.387499186735581,0.183787080508667
0.395428186931846,0.168519257330609
0.428519530303503,0.194467746947951
0.420542914751427,0.168520653780072
0.650788724342751,0.0647129030585542
0.682929447327872,0.0893168040980619
0.669815586032363,0.0351293898367406
0.689644599008274,0.0239254934131598
0.683151153355479,0.0634361283709038
0.670171023492364,0.0549637466652586
0.725312565011111,0.42462659752849
0.710177083212392,0.420193417634956
0.762513616155309,0.431727726701859
0.78302272280918,0.440763948315459
1.00000000008658,0.110811383992836
1.00000000007891,0.110811383999544
0.978651587461543,0.150659369451891
0.965577092204455,0.171755908602575
0.93765178618112,0.178588372309241
0.945809291067544,0.17073178725658
1.00000000008709,0.259882361089653
0.963138452456769,0.445341931568278
0.512816474855966,0.444449573291646
0.528676404218672,0.44400280594768
0.452923507147883,0.345738948013444
0.44407253550239,0.428925446760851
0.454019983403071,0.444720042137156
0.473163227778472,0.444769391295364
0.42439788788739,0.462726102132166
0.417978922067951,0.48073372857882
0.436650402548783,0.499968440755344
0.45515373884815,0.479006145190291
0.444844906403565,0.461714742572252
0.397096223393004,0.504834071137131
0.401460345495464,0.485732360219022
0.386769594692988,0.472376227381387
0.368709636236667,0.477978576699442
0.452026703597266,0.516689350318132
0.436673309796877,0.501195893582044
0.446915023439528,0.535688573117388
0.415304739414697,0.517360433677958
0.247544439540295,0.368714305147567
0.246669756844461,0.391763202580964
0.226151903888822,0.361245147001953
0.221029787995207,0.39520878659614
0.211907100862551,0.375507376724913
0.228385119065711,0.425090901435528
0.213074755184303,0.448028652316233
0.198362699815395,0.411216923234454
0.215211603211597,0.407235499481718
0.342653347704924,0.387019358121723
0.296233252959135,0.450305045816253
0.30502030143212,0.469732411750507
0.267011397656272,0.463994119249886
0.24697450040341,0.456490885780815
0.280916065931002,0.447993398737217
0.272720275736839,0.43006422418231
0.24999956585617,0.429492630700275
0.270272185804413,0.476100557073145
0.256931843766699,0.494526683628181
0.275510318608786,0.512377928649328
0.293030287018993,0.483346337619371
0.295607914133995,0.499492123551756
0.387268970970323,0.729787116749957
0.400186181456026,0.692756691711995
0.439870978885291,0.727104895317184
0.43184392809733,0.705991464454404
0.410863602865745,0.70736686990259
0.419785128400615,0.742107315093954
0.403119135584144,0.726461184685919
0.281589813027897,0.6607180085835
0.299943448188632,0.715652472900441
0.318780950163858,0.681897696006429
0.291481344531852,0.695950015442268
0.301069049751365,0.681812193893856
0.302217670722401,0.748322445696492
0.273862458632327,0.759361691983247
0.288177941738289,0.762343157123467
0.292946054941797,0.72617376544949
0.329219794270193,0.700096406529795
0.319948461452328,0.714698596786303
0.347603871413203,0.735485986920061
0.330985714192288,0.735019363532892
0.333310832434738,0.836704929488798
0.339402132499187,0.841509065906664
0.33347975393226,0.808174300256415
0.345045043279366,0.802063165787043
0.407617098738348,0.856924608692361
0.403685076087543,0.876116784136836
0.548052647219972,0.26495399085028
0.596322740760311,0.274334620290087
0.577294498963443,0.264623062384693
0.561683457915244,0.272004735043353
0.561830926482782,0.29578210269011
0.42361910820086,0.293849122392646
0.415519760325974,0.27112154631488
0.49039511104574,0.331591849651327
0.471105127879161,0.301667953874748
0.474283612004164,0.261212533685753
0.49108155999981,0.275523901563467
0.490001695279886,0.290282531543314
0.452080484887169,0.288431537244075
0.454809986812629,0.268052087914307
0.365571304102635,0.388018377453601
0.382282718815986,0.401272670091739
0.374360290903025,0.399888723097704
0.528232865603689,0.48170560237902
0.541495121603641,0.465806591527123
0.607536843313645,0.554398008842937
0.612497568586436,0.541403803268124
0.608065735614479,0.530685193589385
0.509927644261573,0.47939108585446
0.482768113284104,0.459713117758836
0.501239246885171,0.461024974635395
0.47011467147701,0.481243144287844
0.666438500463799,0.345820675301247
0.648583999923745,0.325685806323837
0.594281931750195,0.472834452078317
0.566048971901258,0.479150608887068
0.555221021988865,0.466152270548658
0.586939717919767,0.447282178363524
0.568324015767644,0.44450861404534
0.554850647816275,0.33569934576833
0.556940118454203,0.354730106612333
0.627540488920771,0.352494814924975
0.630756451133184,0.331013762340734
0.605499837913398,0.35825545928957
0.593767679911095,0.348966910633815
0.235310075577725,0.554173982583893
0.251062735730323,0.544179906320378
0.328472463893663,0.550295385686685
0.330729670004489,0.531155270623562
0.312465778540129,0.519830242825112
0.353793489171247,0.591808334432837
0.352256054491531,0.610199994966771
0.372569691521568,0.58414557909071
0.384879515149059,0.594136349592526
0.40686213665772,0.640256397182217
0.40075946621839,0.625541599662332
0.396280128497938,0.656277273099876
0.380905481706355,0.619149345206681
0.374340734111148,0.622521881247838
0.383487809539009,0.657611754656623
0.368263676660571,0.642270502319211
0.315694380838844,0.645734506545202
0.335696501160848,0.631246833434298
0.353214560966375,0.646614543857059
0.328169986299214,0.66719852411165
0.34602396987937,0.665901654141448
0.771950861722321,0.53209292091067
0.764367558318878,0.699057203920162
0.628207581935573,0.64201956037703
0.56747206348484,0.625662111928372
0.581331366433591,0.614162639920052
0.57419060039502,0.649065921406114
0.590419333625369,0.65090529097186
0.604999499899834,0.624345376885694
0.605853156147075,0.627729270167773
0.607985699151783,0.589054261167281
0.618208276536794,0.571769240611565
0.635212967430817,0.605175528258636
0.616851408777796,0.605052171134535
0.58187012773499,0.687421870381619
0.580675446806872,0.706351796453813
0.454521077957261,0.627692017856917
0.437920125368621,0.627274426026023
0.426962983449919,0.642165364593946
0.464802090376295,0.644739128770216
0.393698982089019,0.558272450986301
0.395675304053612,0.54255812205097
0.408821787516478,0.571795772795414
0.426364451159932,0.566497064293262
0.415753906218483,0.532843880091659
0.427519977440613,0.541297597263016
0.46917913490612,0.513066481055433
0.477139638969311,0.492247746253696
0.4983968759733,0.494109414837782
0.510593150604941,0.632239978038798
0.492536742898445,0.628561379727319
0.479491172542491,0.644777021656265
0.512516807668727,0.658799981407649
0.493108712632156,0.666821560793758
0.655981073223458,0.448133942309943
0.651955450060352,0.409513075779665
0.672652339156489,0.428306228707141
0.670677905565838,0.419536623224714
0.701465378159974,0.571109835968049
0.738312968944466,0.587909061322375
0.665950512701414,0.583980434727607
0.675306003808756,0.568941008351031
0.637774700311372,0.571999762149991
0.645112859586092,0.582110961773443
0.646453886475087,0.547981320828216
0.668929628376682,0.550695008674909
0.650542620212313,0.836240342360112
0.548583338014993,0.81841089802082
0.556227825813593,0.794652947202933
0.0347952243801459,8.14435324736351e-14
0.0746963817464586,0.0181001094419309
0.0749132275740363,8.42711317394773e-14
0.132394546500435,0.0368920741877263
0.11121440952573,0.0273009401485549
0.0990933363708028,0.0344547713297632
0.12390493766912,0.0668079414216996
0.134386638884894,0.0559830006127125
0.067167705565294,0.0801825815343868
0.0918899064355596,0.0825818476966966
0.102090235270587,0.0647534439999072
0.0945053682651829,0.0507401559800459
0.0371859028769804,0.0251926340029949
0.0604705314746703,0.0320183947217527
0.0646703170054605,0.0535676525358168
0.0609594492840627,0.0595977099886372
0.121170185592955,0.101484047215889
0.129921286576672,0.0905893283691734
0.158150497241692,0.0922704055539635
0.214467011724844,0.0361328580304876
0.156993670897108,0.0626742297173662
0.172604617213384,0.0497890790927155
0.160753067839685,0.0892452529695326
0.1468840340296,0.0251021926946418
0.172754319539764,0.0362699400236064
0.112752504985651,-2.70343469832568e-12
0.440995511044235,0.0832792912485838
0.388660682381241,0.122169947325153
0.289124719982606,0.192865882633375
0.298386815982524,0.17330363008177
0.243284974949785,7.85170539696622e-14
0.281851861656183,7.85170539696622e-14
0.281851861659276,-3.14077930330114e-12
0.312098973614696,-3.14077930330114e-12
0.314698089082858,0.0264439283089871
0.312098973617756,9.04033792270553e-14
0.675814709608296,0.775577011751601
0.691634388736109,0.762851474414546
0.882937333222728,0.762949080433647
0.813816559341634,1.00000000007464
0.813644008089277,0.975279917697644
0.797860450252973,0.965507595304266
0.780471027379673,0.975769256594517
0.780362630807332,1.00000000007464
0.460359394171948,0.889636708433874
0.422472810829122,0.905718720234285
0.438012937535767,0.881096296207553
0.423985455428482,0.890768765412464
0.431408148908489,0.789113634740193
0.449834873933496,0.762147987919393
0.437394040478435,0.765555618391093
0.518356348103865,0.753143992031523
0.51359281632334,0.769928483398011
0.483747070163067,0.745475430107641
0.498985810469163,0.733584167796804
0.283008411918689,0.889971924401545
0.506657485946206,0.946275751671225
0.517964368989618,0.910541038040851
0.54019171127532,0.951508852499526
0.530579011206745,0.932997958086031
0.529831852618249,0.936427930925621
0.561101596343031,0.918982614592394
0.556398226232749,0.917242373555042
0.570972336785899,0.940708634143492
0.565226129731896,0.949802913406807
0.455548997188451,1.000000000075
0.45544962744901,0.975152771190877
0.599265730000353,0.922984113030402
0.588935387258185,0.939587644470537
0.603602833768108,0.960181548351812
0.691118399917006,0.890708421633134
0.682614128233521,0.912791571362734
0.620112570266313,0.977063614927945
0.603436002218306,0.96268320001917
0.618432371614182,1.00000000006871
0.714740842289064,0.981339896029833
0.727011132875683,0.949109339400716
0.731357796691247,0.969455633226613
0.702791806371586,0.949959402786972
0.698411855584568,0.969413587521315
0.743858834335384,0.868370784045566
0.755477141274239,0.915144277681675
0.754313903835789,0.906207917737454
0.735881717291536,0.936750590362641
0.737620354066638,0.936432092938128
0.717268644477179,0.91690742167535
0.639185719319472,0.948435097866703
0.625801630768312,0.940823466168218
0.622135471175989,0.927606670608732
0.658403958689336,0.938315188356486
0.847355059645947,0.697703272731369
0.828646066065564,0.689237110431816
0.295326474097938,0.204721933291648
0.327481821187278,0.230073259482901
0.324061549270941,0.205990305225787
0.272313570276591,0.259004026349213
0.306406986205663,0.239449104098945
0.277464525228261,0.228914994600841
0.288009779078757,0.22507044447137
0.231879234008653,0.311195803560225
0.216921986729289,0.30526548867294
0.236704524081286,0.33144667323575
0.222916205965124,0.343862564770317
0.225159290324273,0.273454839818498
0.212028366044695,0.287692583343207
0.233795977584862,0.48035463296776
0.250724140851851,0.495354808677305
0.211148652505375,0.497292898884872
0.213515364997611,0.488247101137809
0.227440636050715,0.517521285976406
0.237476046742644,0.516794138847581
0.173517043974872,0.458335582616246
0.177451163571592,0.441741577585405
0.182781000480137,0.472234062911449
0.200526098975739,0.471418715221638
0.195401743083848,0.436828353753173
0.212796756973597,0.448086545100341
0.404197701784517,0.329097945000458
0.402660528396152,0.30641444619925
0.195572302020696,0.773685565675323
0.163385407082701,0.879372747954958
0.202268002047363,0.877324325652449
0.18243532871764,0.900015254720283
0.189623340287472,0.899296240991664
0.2059387319326,0.914849607025288
0.219590426285175,0.821943241326444
0.207003544559259,0.806410313037069
0.212518776376983,0.78985878614072
0.241923376828001,0.817414551983306
0.301762773884297,0.853043157151635
0.309915513186302,0.838874412825632
0.309962206118256,0.786974934043885
0.295538132865669,0.782194765863006
0.315525603605597,0.802007708572287
0.30026650299602,0.819895291900788
0.275796160913917,0.798225074664329
0.282111242789624,0.817182892706514
0.033577602077919,0.721253896118562
0.0557825677764214,0.719140463488678
0.0628650985965692,0.725346693990769
0.0261913565468473,0.673019341129202
0.0347786937668718,0.655836183667646
0.0248877014951296,0.639416471127902
9.08544073308093e-14,0.639814159660808
0.059296026234131,0.688644701194185
0.0980955133059068,0.548983826942549
0.0830462064170014,0.562445992505617
0.174927156805384,0.488236714487754
0.130466263249619,0.540375906086263
0.12145744883532,0.57378940925925
0.116460435055302,0.554657186610276
0.0569828815720162,0.826642341806621
0.0357154470395316,0.830277650734782
0.062341203240971,0.806629991982149
0.0507309926247707,0.792504420648465
0.0253396095335102,0.807331241253822
0.0336148077592503,0.794520783712951
0.0213494205883692,0.774361528243094
0.0361091159625634,0.755393161283703
0.0256250643364884,0.739845739693144
0.150411595834822,0.679838574553274
0.0945468074237655,0.864148746268114
0.104685982013725,0.84654698210804
0.0924203864342689,0.828611888323878
0.0680096180847296,0.837564384028508
0.0677150097072604,0.853930296213303
0.132918706193574,0.854428058928632
0.123626892361935,0.844762620209042
0.155066042048001,0.71258264068193
0.12037336111862,0.724785560214004
0.142404416354292,0.696753320365401
0.0776469848404497,0.772613175797498
0.0815322601633195,0.754214062847572
0.0579530602587901,0.776586148670662
0.0444559194241484,0.756464167925555
0.0630716171927747,0.741227755271243
0.130576901959207,0.874296833511638
0.115600658627145,0.882287960230104
0.147927559243675,0.885643106307101
0.144661027602488,0.908155132056272
0.132452606403261,0.974370364218018
0.132775167064581,1.0000000000754
0.152042380919448,0.964997757444781
0.164733833334645,0.972922598807966
-2.96167951274739e-12,1.00000000006422
0.0353904492600551,1.00000000007737
0.0353904492488953,1.00000000006422
0.119806795071481,0.478203779158208
0.144158066577728,0.507115983288524
0.143366153252796,0.476073056616029
0.150156447372468,0.487197015979191
0.166795099622997,0.375873109073608
0.186185928526345,0.381474450637298
0.197145436707623,0.373007549969582
0.985062742147769,0.500483684188484
0.948854760578538,0.511571049820612
0.967297440437465,0.517955008065769
0.951236898306547,0.484074768961927
0.967827808842682,0.480067416670922
0.863263522868627,0.626424892460024
0.863104772356171,0.667377332890181
0.880670582410566,0.657168186535151
0.882012136645865,0.644395624107764
0.337573529608318,0.262164369124663
0.363852218098874,0.218121296823666
0.358330083213962,0.229735947294287
0.429410454529396,0.219145507636757
0.425465084484382,0.199472486145405
0.410312667098743,0.235997658041671
0.399841846803649,0.234238298565728
0.395306090605464,0.20069646268609
0.388909598411881,0.214985834164842
0.459170223485699,0.225818682205346
0.47865213726281,0.241781181802407
0.618426690177926,-2.77703207651747e-12
0.68656736950895,0.401679164895985
0.703571118599781,0.405396827790092
0.678641056125967,0.383583380428918
0.716651189854611,0.387505526865947
0.794067891840355,0.434355775366757
0.795469914066421,0.413759152041479
0.771307693233658,0.3502707482791
0.734293188739145,0.38819698771772
0.745431683958425,0.372725248856655
0.757367872916458,0.372016135958511
0.742519371161391,0.407474863626544
0.758985717126925,0.412098933256013
0.773742136986365,0.400365842478324
0.774521321237003,0.388795154122427
1.00000000010538,0.0714635922884095
1.00000000008658,0.0714635923069881
1.00000000010538,0.0383000430276684
1.00000000008224,0.226427381004244
0.976639532147497,0.189263647832398
1.00000000008224,0.190561817933014
1.00000000007153,0.190561817924468
0.848497253352738,0.290100451896749
0.847871956230051,0.310978697502363
0.876445876799737,0.226148715795757
0.844962627060317,0.250290517625817
0.865017642558158,0.253421072868127
0.885651649856333,0.224183065913214
0.26860477365029,0.325474617976057
0.260208685653758,0.298847843658131
0.335195205553116,0.372598346501387
0.554982535636989,0.393885878554788
0.539211246157413,0.429357212543839
0.559283585655271,0.427836120003549
0.565455799483199,0.416348972086888
0.418785761070062,0.356755703898765
0.435152080514128,0.361883189847508
0.403669522866012,0.383726261440467
0.402605084415563,0.370504439061821
0.421450865655133,0.3967691954918
0.500156414172536,0.424917564847811
0.483780556389661,0.424988441242704
0.367711866481701,0.500517148415735
0.38297563066805,0.511034118279191
0.380031110190252,0.529730195778603
0.362930045783199,0.537016209121414
0.346272070283137,0.523426683917239
0.348829003250964,0.508709370567468
0.332101152181604,0.487082133203554
0.32023311439581,0.471148414557869
0.358419384834303,0.471285896529671
0.309669880476798,0.434680928095635
0.311820000267235,0.403105881487694
0.302364752047483,0.416975403640932
0.333379805227562,0.404546643465613
0.384291572770668,0.693521844753713
0.35636392965257,0.678720092775405
0.37248440148094,0.678233207128343
0.374178780736051,0.712155556611356
0.34660251168552,0.699518061952038
0.357543518364925,0.713170302447715
0.360436252158868,0.835704973456674
0.390678686602164,0.84356040473285
0.375709818329936,0.848313127549623
0.396252244678253,0.823530536647726
0.376230459756637,0.807791587903543
0.365717599647402,0.81231866343365
0.388497219224517,0.883059587256271
0.369635309793469,0.870131678889472
0.544849900431367,0.239515703160233
0.355672509779212,0.284773346504949
0.3530539604248,0.270458909840689
0.379300130529439,0.296107645178948
0.38235371038666,0.295102083288811
0.39244368262422,0.271518785516393
0.381038559602079,0.254513380076608
0.373739717938705,0.253523187696064
0.473451201799617,0.358083093703297
0.485936219955449,0.352149366694792
0.563437408852925,0.49827028889528
0.584401107683284,0.508811506247098
0.586932071153928,0.523225870916992
0.676472669310463,0.343918988525321
0.695165302785716,0.36717035262915
0.703831741897455,0.366949364407165
0.505583953931506,0.324534299053599
0.522362411660066,0.335031410326177
0.508046810828488,0.303771173691637
0.541510098358811,0.326960618172206
0.541718374197795,0.304759644863133
0.5271630462835,0.294861409621664
0.595239598482024,0.294908330440562
0.614858219144095,0.307454637321886
0.615844860181563,0.318967241969929
0.576662621932996,0.305179794812869
0.577139362526556,0.323674384449356
0.592496821680419,0.334945766471685
0.272278437695203,0.563163768409256
0.307591449717279,0.573581032014166
0.311275932466065,0.557200820231422
0.291731934566961,0.540009891176434
0.292641344192792,0.54000731204655
0.745354751223168,0.510180467196714
0.748849996856228,0.52359239020737
0.726370283742838,0.503285999273652
0.711782293648973,0.514575773356992
0.795777499167833,0.542540652913334
0.773372127363551,0.535013854328546
0.762672268114643,0.558600931716837
0.671828185465447,0.596641376694692
0.661657098305455,0.616121454661282
0.676339200844301,0.63157348466311
0.658946686536559,0.653240108141492
0.673912698358015,0.646001871006687
0.736885270537895,0.683429512397261
0.755978111951344,0.684478789315672
0.710780670927397,0.646736571585024
0.727716867474893,0.659868398009164
0.727462237006108,0.672164049039102
0.690605030435812,0.658568003447142
0.70004819466207,0.683642953087694
0.690713923030312,0.677084242691545
0.666659350795595,0.705679561160804
0.647165816950391,0.708861208118881
0.670626171288959,0.685094750479216
0.654565285227317,0.671268747587
0.67450978946623,0.71376728455817
0.690332193862374,0.747653163334038
0.671611647917892,0.737389739096849
0.637507482149996,0.732499704525926
0.656992595560905,0.744484624804189
0.655495829732885,0.765682382247052
0.640826351946322,0.774812601753375
0.622402696537308,0.66158046498817
0.637647513189863,0.677299685087928
0.601573950124163,0.667507602486355
0.597808245113513,0.679327328497409
0.616406676863608,0.698327320415477
0.632348727840518,0.693270941067077
0.454605497772694,0.660793558595556
0.438557340448665,0.695639473927552
0.427210367055637,0.673484108014786
0.4355011188374,0.661130468650207
0.458236939582953,0.693152912516373
0.464846512293264,0.678719390582054
0.622433683609616,0.447036321603554
0.635616244985986,0.438066682798024
0.635595678790833,0.420540700937761
0.618758844340213,0.410127861840612
0.599214621669259,0.420793717347729
0.599596362988703,0.434952409779065
0.614848004813081,0.840808726258825
0.628130834379975,0.810552312858781
0.630113221290992,0.827277201631183
0.620263501208663,0.859450846825112
0.54675827755642,0.859681874979194
8.99367386120176e-14,0.0341667059177636
0.0267576850735891,0.0360280147434338
8.99402080589695e-14,0.0711114543928764
0.0272659128090787,0.0707107764957469
0.0340709167852654,0.0610927830829463
0.190432172444803,0.121828209926421
0.207550803866808,0.0604931319937432
0.19350304078714,0.064996386434627
0.224899377682343,0.0751762600288304
0.185932404251158,0.0870550416011946
0.198099605529693,0.10170489219217
0.216459798074256,0.0983980133050969
0.180345464188719,-2.63514557397038e-12
0.146593374049783,-2.70343816777263e-12
0.488097511277839,8.95811202994423e-14
0.453493048214689,8.84917139565289e-14
0.487667227349418,0.0219126570430535
0.363439490834191,0.118809858140155
0.322341780210873,0.172888465522691
0.330331988136531,0.197965816784037
0.362440713895758,0.183756679921767
0.35379452358782,0.197592872911866
0.417939651505598,0.0847034071754295
0.408068318640457,0.0608064667975779
0.404940013854829,0.0592402581735706
0.409492457287086,0.0988176568357399
0.399013317653242,0.101388549601216
0.341504698127068,0.0888291599242894
0.360389603746466,0.0974075995144744
0.378772451348108,0.0848365812838388
0.379902788999584,0.069980327830751
0.334343686114935,0.0350182300149552
0.367055948077425,0.0585780607721443
0.333336760762754,0.0631374332553546
0.339061037152705,0.0678903998134989
0.664987129305818,0.823757841573727
0.662233803717714,0.804730199925452
0.677161298239072,0.792748038781793
0.86583032208579,0.731668961069671
0.866020660447229,0.753161309000172
0.848238271660373,0.763276161115729
0.846248636989708,0.722637824416586
0.901458865343064,0.796184302156181
0.881676890050731,0.787088403603061
0.899504782820132,0.82205787255976
0.710802919654991,0.772639917008074
0.72870933485945,0.756577560657577
0.745326281626333,0.763562952835739
0.46471893861294,0.900216765335244
0.490896644936636,0.932772927097751
0.471939014832828,0.939096900156967
0.49001180157939,0.902087945382751
0.497188154115518,0.911415861195314
0.445396009010929,0.800132626927495
0.442317127583144,0.82095652672335
0.457363104475689,0.831678444119889
0.473698283672554,0.825710457073243
0.242259445836576,0.853384195138341
0.252737343370379,0.866194887382898
0.252567132354491,0.830828597301044
0.270926433125105,0.830967135767446
0.271984887223522,0.865371129497651
0.280854660640855,0.853199724843566
0.278409557168709,0.932050492031416
0.269996993160782,0.959310347637268
0.328029223059468,0.931905942269542
0.307191144124532,0.942212598793775
0.289581655291544,0.92921465631806
0.261661695309311,1.00000000009704
0.305980901771709,0.962786263308954
0.290282365693606,0.970170476651656
0.227655846814802,1.00000000007144
0.261661695279523,1.00000000007144
0.441184884000015,0.965521019333817
0.588974657025789,1.00000000006487
0.586545031399651,0.975349213506383
0.570394498452221,0.969331417265566
0.553814706340272,0.98297233188697
0.553822235709403,1.00000000006487
0.588974657040124,1.00000000008058
0.618432371603246,1.00000000008058
0.734723033851866,0.877080978487559
0.735407387414859,0.896083836600037
0.718986896410471,0.906590060000494
0.69892223669459,0.888815988367719
0.710062462481002,0.870455824739508
0.762492260388591,0.737214968342977
0.762448679926584,0.751268458538642
0.304069394453444,0.258190751012326
0.318086690607652,0.270745229161674
0.316212014133565,0.285197097629549
0.280625896060065,0.265534735597532
0.28136131034835,0.288210511962715
0.294074933165344,0.295891544949735
0.0885582531363611,0.113345463608903
0.0646105998504264,0.110338382368227
0.0651354948774578,0.192152098967311
0.0339876342351898,0.386693735522626
0.0546089378649526,0.386396560628749
0.168507727589601,0.745729073884902
0.131422122991245,0.755470615411831
0.149295720211275,0.729372113927133
0.135378833560347,0.734714881175469
0.266218256280324,0.733957323031018
0.270362906149866,0.728392175737992
0.245843209818473,0.736812763143869
0.234158149070832,0.725237193967119
0.224552789592203,0.909021021744134
0.230931984270953,0.891885696348011
0.244305556841672,0.888201127087951
0.262491354503984,0.901926059119646
0.260887018733546,0.919971306566481
0.241881769722397,0.928658565943522
0.184111773583287,0.965097420668438
0.196488257328036,0.972739790866818
0.18397963226711,0.940622796782027
0.201674710364536,0.93355028895066
0.262171302737706,0.792473066637471
0.246180034942834,0.80043263003793
0.260431526064477,0.769401622730801
0.227030464453371,0.784733473266473
0.238748061638307,0.761226935180133
0.234049744849443,0.763372876803143
9.08544073308093e-14,0.672501117364834
0.0948296447238644,0.673633989391639
0.114622849937843,0.673709892621436
0.0904641393143454,0.702745075818546
0.0853612715239121,0.692742355467713
0.119138697227297,0.70347838619711
0.122766765467153,0.698951748184763
0.0619801583678695,0.629888324197915
0.0575249409678047,0.654702854058909
0.0628868018121895,0.660459730184695
0.0860210963487214,0.659694551996672
0.0211125210812014,0.570748958220298
0.0947388542549129,0.640681107571779
0.0874386108069558,0.628409056173664
0.0616292210224149,0.498640960743261
0.0884202076952366,0.494294715837129
0.0339270015072798,0.558854757308708
0.0710969296192123,0.559475002942408
0.0559990070550842,0.570729189818257
0.191184847071509,0.507891468052188
0.181007888423763,0.503414736737784
0.195368517335357,0.529147409409846
0.159968926181529,0.520271502346493
0.148598124748614,0.596769493013964
0.138647793617343,0.576502718330114
0.23727434341477,0.577522043873113
0.230613818341778,0.583049492242538
0.0557503727849882,0.940760133911795
0.0861558845426328,0.96527019103471
0.067176838027974,0.973172602574621
0.0561978414917553,0.96621500310888
8.02413691047832e-14,0.896218318022713
0.028224977517951,0.890912235503841
0.0399172735982241,0.902602988570315
0.15591472810787,0.849313074340135
0.193665476633542,0.842984233743842
0.187042367465109,0.860552146183234
0.168633992326244,0.86496378027436
0.178603054678019,0.779531202239411
0.145542322231167,0.76819205487205
0.162609486967188,0.762932245144609
0.136100762402871,0.913571368099068
0.118833842367338,0.943971494218175
0.134752420148428,0.935821206891538
0.115851420560359,0.905574982967127
0.132775167066504,1.00000000007746
0.164898040659104,1.00000000007843
0.164898040658159,1.00000000007746
8.88802920151477e-14,0.402353108762799
0.195118821072386,0.283040350336586
0.177582052569434,0.29843598920022
0.131908893689559,0.365866727441635
0.113491763711011,0.363099410831318
0.178575966418089,0.31015766964673
0.200340511512686,0.319867249842026
0.202871289453717,0.337424888778673
0.191224988253075,0.347939981053837
0.837631188495818,0.622365861499332
0.846641604653239,0.629428499973773
0.828657022916613,0.663567962548474
0.842818831310111,0.656475538424093
0.495454773086452,0.235290843382889
0.499638158811942,0.215354357519149
0.511966188361201,0.24859629831664
0.53439648710789,0.23471229932708
0.52713304706308,0.212025518642233
0.491688199560797,0.205124570502087
0.49831727739763,0.181244565944299
0.488864567799979,0.170884777514094
0.467004918106698,0.206502727549985
0.456870563566809,0.188827740320757
0.460185270315933,0.180051505307849
0.429683370245337,0.121144986475404
0.420665073231649,0.136212789410175
0.428827055783301,0.156897717857746
0.449967581754376,0.157437385396775
0.63540867868624,0.0560526738067415
0.68925901056127,8.93295853954257e-14
0.653583663388435,0.0248773026892359
0.618426690180649,9.12776798589476e-14
0.634398177209406,0.0355241539415933
0.61938602040181,0.0267655743774432
0.653352846985128,9.12742104119957e-14
1.00000000008402,-3.0396449246517e-12
1.00000000008402,0.0383000430052065
0.808584632228364,8.49563475124882e-14
0.768846810299631,8.01459593136045e-14
0.727035156761222,8.58254439739525e-14
0.72756795039243,0.0217948845750009
0.706197627512998,0.0554129596590326
0.705070597978594,0.0343060727463775
1.00000000008134,0.259882361095191
0.914371989642962,0.176083723467071
0.900311439580653,0.196709249331034
0.89805867141824,0.197342719924681
0.817156856486523,0.134889200331861
0.767453366295188,0.0202894558731276
0.780912546807973,0.0364555310028363
0.741104146688746,0.0327996416595619
0.762370369958116,0.255977131650294
0.748011369622616,0.232525030271408
0.756620394767636,0.21909022777422
0.791605898598363,0.355064024058952
0.794530222338165,0.375809166016377
0.834607380143302,0.32018785914059
0.798629276884769,0.320772002870809
0.810837532206957,0.309888972860072
0.803004287064823,0.345015472585103
1.00000000007621,0.428322003968981
0.971244117932799,0.427398632371966
0.96487872452395,0.415109522658248
0.347650923263906,0.352885455934564
0.367923954507401,0.322541190962086
0.383892095166735,0.336666454843002
0.373120494925368,0.361825433378477
0.379237067381385,0.358740920527405
0.337580475909152,0.302963243643058
0.332966156414894,0.302889240015788
0.355154981705918,0.324487740275281
0.344085783634868,0.34261455495024
0.28229876088841,0.328409742401941
0.296616522640012,0.31658867728047
0.315962415718262,0.323083491241344
0.320563336242299,0.337062311865731
0.472642702211167,0.409667990728472
0.451684314425877,0.412673880901198
0.468852881458258,0.37826621040209
0.479097057439114,0.391345032994308
0.437806759777653,0.392322239408033
0.442767989600319,0.382183132202764
0.367583617643964,0.439282628012434
0.354212289912289,0.455495562528233
0.357793321720962,0.421357698027227
0.340976279869021,0.418832287652124
0.333270859044209,0.449462009362288
0.328105221423621,0.438458381040734
0.396134264551578,0.914302714765438
0.385352830873576,0.903774560693281
0.358742321740424,0.930504109796762
0.361706555465947,0.909448170990923
0.339399813712729,0.863073432815316
0.358946558553206,0.87407328974442
0.351885006497171,0.899417872504722
0.651366820746044,0.0858100754293222
0.668006340930708,0.0950597899215905
0.651587243443565,0.154071405066804
0.66307229284492,0.124661460483924
0.662907954168531,0.124737617665215
0.72371612305212,0.243247246946656
0.727682721615636,0.235905826212632
0.717167489939825,0.214360343044782
0.697292356301164,0.213470049524568
0.500673404952249,0.388098427056391
0.540203041339885,0.390964169371939
0.533848334001889,0.367785158737222
0.525649989316344,0.404746979924819
0.51413297441955,0.404566007353171
0.520856502633727,0.361568264082663
0.507821850002514,0.36670997842399
0.506784610999839,0.516253788443143
0.482409551725555,0.541278083847055
0.484181979725537,0.527970375865161
0.487079459505544,0.578047853857293
0.497793238100995,0.595600437636705
0.500008924152064,0.55779322148325
0.505233963254813,0.557184685041191
0.518644433578694,0.59678123824411
0.58353494862307,0.560547664131746
0.57974472644456,0.594581457007391
0.587403136265535,0.587401834872149
0.706246795236295,0.565437153139734
0.704236642188403,0.54426634413768
0.714876541664087,0.533844192865465
0.735032306601836,0.538954808374759
0.741184667767769,0.558946114871206
0.734706714553748,0.567901913201359
0.776557042136058,0.577429138875431
0.81859567538647,0.585983067247766
0.815128814581979,0.568489065655514
0.799755508021709,0.561489616691766
0.725018042907403,0.599494337326551
0.727550608067696,0.620040680344653
0.703636474943806,0.593080026137098
0.694379997933821,0.601454747326414
0.710477413600767,0.631208818283848
0.695617633043694,0.622103840698174
0.744517223830649,0.627444272202497
0.746795264395083,0.646683667914337
0.704607517764075,0.706353365211514
0.7006738761232,0.711664840600009
0.740301810560357,0.722233853203548
0.727859364551822,0.705984205354249
0.724214365070246,0.74070919636481
0.705780995924835,0.734894756422313
0.631556515323123,0.734054966329486
0.591600056420695,0.739657490612768
0.599105008360688,0.719188873319515
0.609139122032354,0.715621557405915
0.610702031637968,0.80144537606022
0.573418602703416,0.792142291542423
0.582213234923848,0.775976522273169
0.600552871484671,0.836769269057472
0.582852928472794,0.853171797601365
0.587224994991284,0.813887256284663
0.591151924558918,0.81493262858227
0.564052454637506,0.828409880262468
0.56622030234583,0.845488858269373
0.611083106609587,0.891979160273852
0.593184403472174,0.907487436609809
0.583673910600294,0.904332449798302
0.605535583618179,0.87395455259991
0.586897786022216,0.868663908816154
0.57442122784518,0.882457470816889
0.659550783299254,0.914777440303146
0.657730218195018,0.91684767714006
0.630922801056131,0.914807726191351
0.625246714740082,0.896626307434125
0.652201867375119,0.852119571782482
0.637899079656252,0.865150828556465
0.673425981135206,0.861774169498515
0.67357254342661,0.878914678066122
0.65673103950226,0.888983897490138
0.641712825417139,0.882659823325695
0.546531529259313,0.862264429873521
0.559468167800209,0.881434562354477
0.547613229906787,0.898982819729886
0.527588953942536,0.896222087863093
0.52183950348415,0.879907365963669
0.208117319561209,0.137839588020552
0.241052799056162,0.0371545878153847
0.247898100086218,0.0275471771288625
0.27722311362649,0.0278730369573587
0.181410225659635,0.0276456166718486
0.180345464191201,8.58410564852363e-14
0.211362045166636,0.0318112178297959
0.215674598394123,8.58445259321883e-14
0.506465845795176,0.0347710016707095
0.453870788942707,0.0256170749518333
0.469869009744075,0.0335252647370816
0.43593251489038,0.0499550089922271
0.437631901355294,0.0352070695396164
0.447734778117638,0.0637495781373717
0.304831095309941,0.0974994804745036
0.325583172761386,0.102543218802013
0.329693995285325,0.162673940412862
0.354724093735528,0.128653707899551
0.360873996651307,0.151862151210545
0.354134430577993,0.161875858922548
0.320904399289617,0.138144956011622
0.331825793001303,0.126078161817204
0.3993262971397,0.034955273852735
0.418833792929367,0.0219941646475705
0.418784191910091,8.89757018063264e-14
0.348856305974675,0.0269292752885284
0.349899411386866,9.04068486740073e-14
0.349899411389461,-2.77843720253301e-12
0.367890411204476,0.0373825933529961
0.384379458990439,0.028114758043678
0.383049113808334,8.89704976358985e-14
0.383049113805661,-2.77843720253301e-12
0.848639635127486,0.784889271723691
0.869287746391759,0.793738209906964
0.696899109551529,0.801660308079658
0.71322442870983,0.787522521877102
0.466445037324841,0.936351067395316
0.457922804803837,0.912979599612748
0.431345668140504,0.916142358649875
0.428401614786019,0.936953765923272
0.441286194042086,0.94783227864689
0.463468932260742,0.793864446015775
0.466018744770105,0.774194025524836
0.494110179351963,0.799015602495839
0.477209879022476,0.804384904277595
0.483790974461803,0.766542857033142
0.497458317669991,0.775229096179387
0.321877287512329,1.00000000008165
0.322002467794748,0.972203278182307
0.34052193651571,0.963569262415053
0.355061556935028,0.971504945050677
0.32187728751159,1.0000000000824
0.287583080852741,1.00000000009704
0.287583080868978,1.0000000000824
0.387782198263,1.00000000008176
0.355080996073543,1.00000000008176
0.387782198267622,1.00000000007687
0.422015906695474,0.97526604343688
0.421745337546803,1.000000000075
0.421745337545142,1.00000000007687
0.785172760162206,0.724566138208454
0.779690374351795,0.703086064450162
0.795693203393744,0.689675741371762
0.814087265890646,0.697562478478534
0.782080056655234,0.778629939968023
0.781515848659731,0.762955498333338
-2.65202790283858e-12,0.241272063637189
-2.65202790283858e-12,0.210298799622573
0.0940813199065016,0.131829142323789
0.103946001806961,0.172574666221613
0.178868921050661,0.125353882188835
0.159562605448042,0.114751765746574
9.19282011624389e-14,0.210298799619943
0.0268036239539178,0.176957730340729
9.1924731715487e-14,0.177369996996982
0.0355955789285286,0.16273990075638
0.0542210837146258,0.127506703399747
0.0210699259598249,0.141918277237606
0.0334907451799699,0.124638149568357
0.116043202430489,0.27162948133229
0.104625061846751,0.176371758826018
0.0899083410491588,0.197690613560231
0.137237490351196,0.382616816172247
0.154842676777022,0.401613509812912
0.15236351868284,0.38903127987477
0.138503673685058,0.417246168133439
0.108603848730732,0.424512020175041
0.0936392955790717,0.423631873286536
0.121232144939472,0.41166136859791
0.118863654296116,0.397710705570085
0.0838417741227218,0.403634582763733
0.0941274777377001,0.387327595589019
0.101120066659634,0.386170943380981
0.0544585457498541,0.261830184432968
0.217133331392044,0.728517158227591
0.18103270180327,0.740986624074019
0.201079305746613,0.755348185491326
0.211032904625296,0.751049812285638
0.268491605859233,0.694835223799117
0.262545210083846,0.702519942689762
0.264023148116155,0.675112137966597
0.240771526926517,0.704261108300141
0.218146128560256,0.947333144326775
0.238830877813233,0.938042879380723
0.228574740172695,0.975732291861127
0.215794752827499,0.965113288119196
0.256840826008365,0.963912254825643
0.25564332369912,0.965959531056663
8.69998517671888e-14,0.706293573870078
0.0240297033168738,0.6051427006181
0.0308836286949467,0.593570456384249
0.0338788533453111,0.622905403591381
0.0557050414467441,0.622559114076106
0.0619271684194249,0.597176159049443
0.0547850192463089,0.589908296866553
0.115182174955069,0.642416904338424
0.122990804644582,0.663560691174035
0.139788925477662,0.664136427653288
0.0923720883239763,0.614004172774507
0.0901483791873046,0.580255968239395
0.0801894343852653,0.596171384884637
0.112418128502925,0.583107621178342
0.115917864922173,0.607345688432097
0.113380698043992,0.490989241053535
0.0896059413436795,0.495154642405592
0.122726654640167,0.520073961632963
0.126468881273768,0.51216915240806
0.0941939048529253,0.525957699690178
0.0921275180992895,0.524387167898877
0.0656168762265822,0.529041574074395
0.0623314720317041,0.53673488117111
0.0562732893458803,0.511224530139706
0.032774737466844,0.513381386215297
0.0265487328290403,0.534604770765206
0.0344243167847393,0.543939857038797
0.147468112052613,0.544293308597859
0.160867894215904,0.530795379703119
0.152126259919434,0.561030001154503
0.181845403104159,0.540412547424937
0.172809538610297,0.587287274324519
0.202462339117066,0.565302370751801
0.206850937632639,0.577688084738902
0.18355126154876,0.55891654794552
0.172512129224807,0.567618791303096
0.169218524695452,0.677716446608087
0.152746914646802,0.644125726087413
0.175201097543094,0.655444043133155
0.184774565151802,0.651139422803858
0.185667061980355,0.597520688998616
0.195793485923752,0.595750905222429
0.177279230437423,0.619783612499455
0.18971459511161,0.633273551383455
0.272317977102747,0.563830631548657
0.256344246882371,0.580976868306716
0.288455040805237,0.595706486083405
0.292033068271603,0.580014670529743
0.229862536037299,0.604985717066951
0.212652837243601,0.612075211672932
0.208693935501247,0.627814375731443
0.0667044945006056,0.933118144027761
0.102149727140468,0.914120665053772
0.0870916918767579,0.944761445123561
0.10318671387862,0.935600817122239
-3.10021106009195e-12,0.896218318026546
-3.1002145295389e-12,0.91806218532351
9.27036225562006e-14,0.918062185327572
0.0249632661579706,0.948096394543985
0.0348303829150113,0.935833895222722
0.0300823965420491,0.921309576750462
9.27036225562006e-14,0.946331525372334
0.140890820257535,0.786578639865202
0.120699838727852,0.791944523104446
0.116900190934086,0.810389584949653
0.129170122540482,0.822557921974
0.0239459548089559,0.338598356352745
0.0251024955169006,0.370438724282681
0.0336956882786704,0.354572816729536
0.033200926596556,0.449212534561708
0.0250670310880367,0.434485995129911
0.0233775094750817,0.467231231231877
8.8633961281559e-14,0.43412048821027
8.58462606556643e-14,0.467032615999053
0.159526935703722,0.285501222731388
0.144894780830979,0.288974521133846
0.131383198933281,0.271123952786908
0.138933584667428,0.301741430109131
0.166419153373741,0.322559364114689
0.146549265357243,0.320120358175488
0.135972848504472,0.334287886502069
0.142818732240711,0.352710869011004
0.162126955599247,0.355623935778711
0.172475433590773,0.345207303962711
0.504265083796788,0.141179121598843
0.489299299657411,0.15533317838168
0.46229835162626,0.141236014892334
0.511989325639211,0.141693865477099
0.530815987381273,0.161008357963017
0.55167541448637,0.1408197437348
0.518843684696056,0.179942197853544
0.531012724798739,0.164024971861952
0.530848486614029,0.205226436096131
0.599227695678532,0.0370644749756449
0.585864044265163,0.0300211608260791
0.943859623202056,0.448591027129559
0.937623882508089,0.475197184069349
0.927088280592705,0.477933663137227
0.864472773364425,0.485911483551621
0.848466947472739,0.482859307615398
0.941027866263006,0.410147376274171
0.966080995594218,0.0342774089563539
0.9062618747636,0.15663824855028
0.808584632226263,-2.74184494553076e-12
0.768846810301647,-2.74184494553076e-12
1.00000000007651,0.328771260270913
1.00000000007679,0.328771260271166
1.00000000008134,0.29438278826794
1.00000000007651,0.29438278827241
0.969197428516734,0.22555597452325
0.962047284567858,0.210164937128511
0.941900995240785,0.205370781306135
0.927897169779359,0.215841860371931
0.87533834914721,0.18421015664095
0.742121212953891,0.149633425867802
0.713410254498924,0.0608131565763793
0.742218970536186,0.0536552132044894
0.721925799114707,0.141964850931034
0.683054799729883,0.130511093661987
0.810377078828723,0.292958937562973
0.794676503676833,0.281135872180387
0.831689979812984,0.261511756943783
0.832879855853182,0.279300456409178
0.780597578431344,0.249375078793249
0.811175217134836,0.2522618425008
0.796888747905642,0.25932618652401
0.782976541225743,0.223554458104302
0.972765036137712,0.260777777421256
0.960939837239243,0.242631942804493
0.31506114152635,0.369990055125297
0.30824511507845,0.353577812305008
0.304512006000186,0.385343214300338
0.289593715709546,0.350336311426918
0.275862778266188,0.36475092137924
0.282700045576386,0.383381175073557
0.408050701182287,0.943997921140527
0.394845633218168,0.933469798033581
0.374171294358527,0.94197583127925
0.406480277940187,0.964989057390421
0.37271313454612,0.963365118610209
0.388561344834059,0.9732578689813
0.324136824002132,0.90854276708704
0.330784346259979,0.900555633426478
0.29022082177237,0.891953356567047
0.298760847263867,0.906484952819535
0.311168970203434,0.871487067400486
0.322235761781315,0.874456641087768
0.610067019465997,0.242473284746497
0.630900181535513,0.2363716352616
0.608655841126971,0.267191794850925
0.556368907760665,0.178614629294794
0.554748715612336,0.198727799595799
0.656803889650672,0.219047464554173
0.635846960421213,0.224609784809948
0.644041476703071,0.256871576721761
0.63324480941028,0.290644727297905
0.628420547668501,0.274583263486795
0.722559876684523,0.282672249528594
0.632927991051953,0.0962148749949694
0.637843485223985,0.118163437689595
0.661520941195473,0.166203598604741
0.651106743991744,0.187461724595186
0.662332731199835,0.204137503856179
0.687358410754901,0.199100239378611
0.530826802080769,0.119194805212856
0.545433425539315,0.12379426635958
0.671472359356771,0.237699428644283
0.686788030980813,0.236483956684222
0.659180315470208,0.25815768565041
0.697725748368177,0.265323485803622
0.700163120339881,0.250990465224792
0.514522308819801,0.51929621576897
0.520896269522892,0.533918290134037
0.536086102458522,0.501403576089385
0.550352465117073,0.50628987359124
0.540627781661323,0.539981525058238
0.552922553440072,0.530182442772571
0.573316858011344,0.536753133935286
0.577063456078358,0.55654652007155
0.546643853235335,0.599171392924297
0.556688828248799,0.58915689282352
0.521135348640612,0.594823628302112
0.523572991680951,0.57118224873672
0.543343515559717,0.562497585244082
0.553188501832924,0.568159577794125
0.769095085244477,0.662653052122505
0.767416731462596,0.657023014008036
0.792779477267882,0.673380957192225
0.810924154839678,0.655806564392527
0.760431515134009,0.615506479069916
0.756070213220417,0.594222936284255
0.776434399817709,0.578334741330547
0.62899596280633,0.770943852066651
0.620642950093449,0.751277234022992
0.599386030623743,0.75083450245787
0.590470907319194,0.773517952110788
0.609427845414785,0.785500361613031
0.258703848681264,0.0996844994150469
0.231036749305166,0.112420382437546
0.229278520672612,0.132017828150004
0.238797724380517,0.0722918364281799
0.248368074950213,0.0573815238242561
0.258884229487506,0.0983286802760957
0.296920841688714,0.0406398773256449
0.285131007357154,0.0392044590194617
0.271311476114937,0.0593814253234226
0.310415921189631,0.0651549206141266
0.298476359216451,0.0829310665563047
0.279459360954261,0.0787894385672615
0.243284974946676,-3.14604245432726e-12
0.215674598397491,-3.14604245432726e-12
0.538863576115404,0.0537292591089063
0.564832728257022,0.0585615898943003
0.57225548659108,0.0350715468556389
0.836891005896578,0.792947450530378
0.803480450705589,0.807331341876531
0.813551005514929,0.786325625822846
0.807733027923836,0.790012657816363
0.699300891159637,0.818768195823651
0.684265363267419,0.831080094642586
0.686901339690392,0.851179171437406
0.706326512055502,0.857956002378009
0.748170057161584,0.782236454004134
0.732058819720936,0.796352286793019
0.768568081660447,0.79093004982044
0.797183118317507,0.730672668009157
0.798882671981639,0.750901935896641
0.832559712504143,0.729866599897369
0.814534303432551,0.720939705166479
0.830855505920804,0.753798339354485
0.8169427533503,0.760419035458735
0.0846100683251774,0.161618448055495
0.0820807851759045,0.144511951502804
0.0592348963726438,0.138453737030592
0.0651391477197961,0.174915722166748
0.0479396352038375,0.160687678708784
0.118390430595962,0.155219351489898
0.113019310883789,0.136205494306603
0.127400227536188,0.122261344933408
0.143269942076036,0.126360755926534
0.218647803277955,0.17631222479397
0.202100216924621,0.158011521587906
0.192400313315903,0.196212575592582
0.230756335038466,0.201445764791988
0.217961975504222,0.180187919143845
0.196481937067192,0.217350288527948
0.216643775549435,0.252078327083683
0.230223058437799,0.236537928623227
0.221248331585774,0.218883459816541
0.0966473874614071,0.213974243117386
0.105074912428913,0.285896071578531
0.0854237308208111,0.282178851497452
0.111485724539342,0.304503321096094
0.0353402010923202,0.22892010964232
0.0261490489538809,0.210017772833869
0.0349110209252249,0.195632210910673
0.060420570555239,0.196739873481676
0.061642726929049,0.22626308260103
0.0643572073873326,0.22858883520363
0.09232474349043,0.2239997511095
0.0800237141566541,0.260642237245862
0.0658393965448618,0.25496053640513
0.10258641962102,0.247072146818341
0.102982563796309,0.245780219323196
0.020956354677377,0.27439482409624
8.57768717166252e-14,0.241272063639865
0.0282986939148045,0.242538407060125
0.0334922446831018,0.255202980318429
8.57803411635771e-14,0.274272457321732
9.07451197518228e-14,0.307239246780193
0.0520475154784519,0.353662823888128
0.078090676669884,0.369829641990826
0.0635061539510071,0.371026350040387
0.187117953530558,0.720977923237843
0.204605551357717,0.717032111639199
0.174215144525205,0.708139781414682
0.17944234029974,0.688475253739105
9.02351110498856e-14,0.740296003974654
9.02333763264096e-14,0.77375086664821
0.122415690981383,0.611575158328364
0.125516937502995,0.630084060675127
0.147387174713422,0.60048767843804
0.159886180091687,0.621886020139684
0.150932288426351,0.637439466420536
0.204324901416895,0.664919390160848
0.230901705268465,0.692735553544359
0.209898297125825,0.696369105080603
0.199020897302262,0.68490396225733
0.24308596727682,0.613778741939809
0.265956148431425,0.604873342954749
0.264807465998474,0.604418907119827
0.276341117348536,0.630159913596067
0.271144287422805,0.638954580462448
0.0679588890941316,0.920087294743448
0.0620499596149744,0.883643877965879
0.0477898530252201,0.901639979573691
0.0826705480124302,0.888842723447359
0.0864258371602125,0.907150328420894
0.153922531276554,0.800415598320925
0.173580393139804,0.795119748062041
0.161049051008707,0.831986897217412
0.148962875221397,0.818244784945986
0.186984851257331,0.811176319357944
0.181310822304069,0.827745196012315
9.07433850283468e-14,0.338107775718375
8.88820267386237e-14,0.370714628519069
0.438736143702386,0.118828620332707
0.461751743961179,0.134852626652224
0.450003142593253,0.0959786076409123
0.621249285071392,0.091544449108432
0.617546933049957,0.0664117005313887
0.602268392251926,0.060314207154061
0.587093481032295,-2.777030341794e-12
0.58709348102939,9.07884878387222e-14
0.888816033975716,0.475639611599499
0.880516766093529,0.474165051515192
0.906925472817762,0.464901616468797
0.840950688577109,0.465255888829974
0.81612338009801,0.463070212910465
0.812207518156368,0.442723540187208
0.89753479035735,0.435712533846743
0.908656426424947,0.445556354620985
0.931708578023428,0.438034032600723
0.933914746717875,0.414991447732138
0.956594146035679,0.042361970825803
0.832542382962608,0.123015218997374
0.938821198345444,0.140140696698731
0.932040937447669,0.136527387093182
0.970582188646617,0.112003711691139
0.964031937644175,0.133609547950583
0.976080061915272,0.394299243894878
1.00000000008391,0.361881798884279
1.00000000007679,0.361881798876908
1.00000000008391,0.393241655061749
1.00000000007621,0.393241655068829
0.818687596030806,0.154324901684496
0.838495105524362,0.164234991036976
0.745723555705843,0.165136117508254
0.752071555998833,0.204074925912715
0.725103454638988,0.18285605141045
0.729452467223432,0.1974887644531
0.781981740544672,0.15670692949166
0.802028637209407,0.166508449391109
0.766630059881356,0.186657901683655
0.76396508555817,0.174049478837009
0.715744635641904,0.0844311069377108
0.719337687209329,0.123273649081546
0.696262840849487,0.0961619799974019
0.699781796349946,0.115486677297454
0.804691541923745,0.0730259820529617
0.811246303521013,0.093227326527199
0.829708000095654,0.0996945568794021
0.796513433590807,0.12581825427632
0.793376730846994,0.110489638071404
0.779337480310951,0.142340684988047
0.758557069116628,0.132850893011255
0.746185853964622,0.057251283712501
0.771947602427054,0.0550743461144817
0.781744944654535,0.0726159948579915
0.834184564835534,0.342710284317415
0.824345914715283,0.350001338216104
0.879122467945232,0.402160569274412
0.900759439331738,0.410682301681361
0.909217187980232,0.405913852688513
0.912597859951563,0.380006538967287
0.97313634321259,0.295143468405166
0.962885040944855,0.281132030769429
0.944971758579229,0.281569093211046
0.921952879406757,0.306850380499
0.93247744692246,0.306683562700384
0.56530371983351,0.207675081080189
0.597423428712386,0.233634953418425
0.57945556564381,0.239758472169935
0.564570684749602,0.23030395526073
0.629001664355435,0.1884008528651
0.621282310528498,0.203766702142004
0.600532613576855,0.207978125843989
0.59064877056594,0.200068393056607
0.733041729881272,0.353217783738131
0.715979140312879,0.352260092648221
0.709796631788585,0.301206681265526
0.686502878544719,0.330970001177128
0.707709852883231,0.331944667311154
0.717180727615701,0.318460803715802
0.764448348516906,0.336423474521052
0.77868500725424,0.317268323386384
0.746472321223792,0.333179787783051
0.738772805822967,0.319684519468639
0.674998747689483,0.166025078054638
0.708695263173682,0.153296577139881
0.689404725600702,0.148389367987463
0.712635108239596,0.176582489890787
0.690881372862917,0.186615846749483
0.5279443234284,0.0675733717045694
0.537305896850156,0.0863402949303392
0.523624655923134,0.104713520168693
0.683361685027892,0.276254447221246
0.667956855165491,0.272596440543816
0.679842081120504,0.310040409269377
0.689462048397859,0.298839417901857
0.65645647200483,0.307478089464223
0.650979603695165,0.296779021146734
0.782644268602948,0.635408626311206
0.777381167864264,0.621031633359465
0.817510722189721,0.624733074497622
0.806512698868423,0.641539554910561
0.802459477800171,0.602039408389526
0.79495408238935,0.60175444335009
0.237712799171922,0.139449226854383
0.257756562498557,0.173800443083739
0.236919580553975,0.165151532871933
0.291638245981967,0.117577174142424
0.270372837241695,0.117069236894847
0.261936656909984,0.136333680302388
0.302262661861717,0.136729681191715
0.288069674011981,0.156043165059291
0.273864774361933,0.154751457394865
0.55363822900026,0.0227825874954809
0.5208111805907,0.028220235385553
0.534725930094881,0.0349312359462776
0.553698771495355,9.07867531152462e-14
0.520911688373725,9.02507235611694e-14
0.837675337712419,0.820869661012715
0.819368201703418,0.824405399061236
0.831848876188719,0.859516670986013
0.812607596147459,0.852776944932825
0.809378046956264,0.843707836894785
0.734667727505889,0.811556624597663
0.720938128520421,0.841629487707053
0.71779934695116,0.826737933919109
0.742324891727521,0.849534437461079
0.176063410571448,0.1870540666964
0.142996456503236,0.160141043440614
0.14998537499191,0.153129944877082
0.170565588829944,0.152849000377494
0.180029760338922,0.162258786790543
0.189384538295147,0.226372388275438
0.168061210704558,0.261259561919136
0.187977177238527,0.262183926451773
0.19795753131161,0.250487343222102
0.0527552323772687,0.286136284797419
0.0327836214752373,0.290972822360378
0.026898484415672,0.306340736575024
0.0347788140212658,0.31949067174624
0.21687994774143,0.659868238125062
0.221531052498076,0.640764578940434
0.247654098516075,0.667977309702834
0.235825272463458,0.673171531958566
0.250238774337725,0.642201833581218
0.241882266585932,0.635442252597421
0.603548222130646,0.100864038639824
0.850855615966908,0.447701010225284
0.870636431977454,0.441401859817227
0.868925211321428,0.44379266390254
0.865348084603915,0.412704558787329
0.831802156247368,0.428559345553611
0.930749960580311,0.348929500322693
0.962789222721697,0.376648686414517
0.968336416305092,0.360429509535269
0.942585638473803,0.383204004627242
0.927724646883928,0.373505904693463
0.960657376734347,0.0995850143915226
0.970317501839015,0.0743363463299751
0.955116924378113,0.0564522120671296
0.854009087606489,0.13099220296899
0.854686481936009,0.153629194925022
0.892863229913969,0.151683672468916
0.875071489623848,0.163623637529379
0.888185908706894,0.128255621799808
0.867334009928451,0.121220164905616
0.930332246287071,-3.07734393523162e-12
0.965858103247547,-3.07734393523162e-12
0.890512236370405,-2.75521966353054e-12
0.930332246286779,-2.75521619408359e-12
0.911395881780336,0.0393979572556692
0.928952860177518,0.0275679535919121
0.838690675322793,0.184909347447101
0.857409459688886,0.213816278646869
0.857199893417607,0.195520315599107
0.839497701749575,0.225281195685576
0.810795519462443,0.0635831232248783
0.833094847078204,0.0579352949788565
0.835190467063906,0.0337725613887616
0.809716816781405,0.0226728580326373
0.797708255775386,0.0354955032980106
0.845409069324584,0.0674180094921843
0.846062878468794,0.0880962976576525
0.865713304832272,0.0979524716332416
0.870341008230893,0.0560941483091745
0.77234256665409,0.101120175634457
0.769618469578076,0.0909293678974025
0.755878524345277,0.120266030621083
0.746884350474394,0.0821832295893208
0.73415402516674,0.11059125371986
0.732511970403668,0.0926015837156637
0.811927220907921,0.384536177240367
0.825624044470316,0.375998099809673
0.811171181487038,0.403874394861494
0.84418503957988,0.382537039643828
0.832927991641518,0.417256717609159
0.846182611449757,0.407539124380998
0.893713176986957,0.369896715899614
0.857529541629186,0.35087897138124
0.857776568384834,0.373479429127544
0.877410554183379,0.381850691237857
0.975350172425943,0.328730599005312
0.965353068067739,0.315969911616807
0.94376664697815,0.318036150461585
0.938418840123499,0.344546046438033
0.96493432260864,0.353367317105041
0.905654836165543,0.28764789276181
0.884844310057812,0.29502124731913
0.869449889760021,0.280529403560016
0.872350728555718,0.263500777830981
0.903442300371365,0.239259234185649
0.900314456632427,0.258316456782865
0.910544667256056,0.270543378044687
0.932561637292403,0.266989687012183
0.925630204261782,0.23020892924927
0.939892497802751,0.245697404335358
0.570735686382881,0.168615620007411
0.590396020882216,0.175941134503849
0.567774438563232,0.146472703369819
0.582936947758866,0.135363365436507
0.747124874829417,0.301833510250155
0.758402171478773,0.26403926333509
0.772269969829906,0.289631727941848
0.768924623488318,0.297023320562796
0.736013284997846,0.269915824656499
0.729342588320146,0.280817775340033
0.506862300473089,0.101428280822493
0.49221441943243,0.118969916233013
0.477719591319522,0.117289475502503
0.468197929246893,0.0966059706881466
0.501916553348164,0.0533292633615434
0.510843967269504,0.0665010322546687
0.4992005431204,0.085793876882097
0.478526698780736,0.083520621972959
0.470883009254625,0.0603442746732794
0.473394705750148,0.0564796727460586
0.844327687546778,0.825228403476123
0.880002590003493,0.828041794736279
0.867063055672774,0.818540715420209
0.846277929797944,0.849776643320866
0.876439022036683,0.85372250430384
0.866816079709641,0.858695660059908
0.754626039666317,0.838729116156341
0.752089901627989,0.819941587573195
0.774924207070698,0.845193702063123
0.785400817040137,0.83643642850312
0.784914544018725,0.815826433773117
0.770244462316588,0.806887960303291
0.143890911933386,0.181600382358294
0.162751200114598,0.192693017847004
0.126817482882484,0.191736247488788
0.124593218935013,0.20992457108161
0.0690800230687128,0.298188001593555
0.0683787974446445,0.298214537991788
0.0610043337700502,0.3371894940891
0.0512784150325094,0.321392191303922
0.591974304587003,0.0971744373924644
0.554665977064058,0.0885551432629406
0.564437038055006,0.106282577873555
0.57363774474345,0.108460460699583
0.569254218256834,0.0667588846049692
0.58591691749696,0.0713331467203878
0.94166963608036,0.0996689575491296
0.927211487523397,0.123889094082325
0.90371940121248,0.114870044594141
0.889866848986812,0.0238448443358965
0.89051223636816,9.11840047912449e-14
0.870024779286446,0.0365594266374342
0.849703887762858,0.0241406880139581
0.850337744622724,9.11857395147209e-14
0.821832384256106,0.194970299600618
0.78878088788676,0.196332295162332
0.803167615230716,0.186211889338383
0.788541423991799,0.219278329456858
0.812737723784661,0.226029533394903
0.822677154358989,0.219675951581518
0.884249426926527,0.0666800039081338
0.885410647887924,0.0856056666119177
0.901126201564518,0.0953040454148091
0.910257231555628,0.0531388993384404
0.927264453639913,0.0715684379261308
0.926242000206294,0.0807720009162505
0.892589182503096,0.353049661639106
0.905782292226236,0.325999250627362
0.907761794707606,0.338881097331636
0.868826035367441,0.342566442124143
0.870154233718707,0.321693697598089
0.881993544243224,0.31394347088104
0.609258533107553,0.129475370094264
0.596773039683357,0.137898509153939
0.623163605502068,0.131840881596427
0.633145544718899,0.152860571298791
0.619459715005461,0.170113421571535
0.602553800710395,0.167460544609749
0.168369354366669,0.227379630845194
0.158019215046208,0.215418721889976
0.142039097912357,0.25140018515948
0.159339400393154,0.250755278538632
0.129558386663806,0.235996549825678
0.132690028917042,0.219933843873795
0.106931406730934,0.31348870872413
0.087657723112903,0.317480227526441
0.1166792668809,0.332692322836073
0.105334268344793,0.350040066808924
0.0894060742032,0.349041409173629
0.0800628247237249,0.336607032990837
