96,94,63,62,173,174
105,99,34,33,107
171,176,141,140
130,158,160,46,47,45
3,9,30,31,11
37,35,131,130,45,116,117
172,174,173,175,176,171
2,4,10,48
138,146,144,169,168
34,110,109,120,122,33
104,105,107,106,103,102
178,127,72,71,28,143,177
132,159,161,160,158
42,13,69,75,74,41
92,93,91,94,96,95
201,202,199,200,170
97,95,96,174,172
186,190,189,183,184,185
51,123,125,113,164,165
107,33,122,123,51,18,106
155,156,157,29
160,161,49,9,3,46
194,179,180,148,147,193
126,129,128,127,178,182
184,183,78,24,82
143,28,79,80,66,142
15,14,12,13,42,43
103,106,18,55,54,50
181,182,178,177,180,179
23,22,25,21,58
180,177,143,142,149,148
66,80,81,19,56,67
77,76,20,192,191
70,32,5,20,76
94,91,84,83,61,63
88,89,90,156,155
196,193,147,146,138,139
7,98,100,1
199,139,138,168,200
159,2,48,49,161
134,163,167,135,136
125,124,115,119,112,113
109,108,35,37,121,120
151,188,190,186,150
69,70,76,77,73,75
198,195,194,193,196,197
86,53,27,87,153,152
189,187,26,78,183
128,41,74,72,127
68,67,56,59,57
24,78,26,25,22
39,38,44,129,126,40
71,150,186,185,79,28
112,119,118,38,39,6
81,82,24,22,23,19
121,37,117,115,124
56,19,23,58,59
49,48,10,8,30,9
133,132,158,130,131
152,153,195,198,154
173,62,60,64,175
64,60,201,170,65
17,50,54,89,88
83,154,198,197,137,61
167,166,52,53,86,85,135
162,165,164,166,167,163
79,185,184,82,81,80
147,148,149,145,144,146
36,133,131,35,108
74,75,73,151,150,71,72
98,101,99,105,104,100
116,45,47,14,15,114
122,120,121,124,125,123
62,63,61,137,202,201,60
144,145,68,57,169
73,77,191,188,151
93,136,135,85,84,91
149,142,66,67,68,145
188,191,192,187,189,190
156,90,134,136,93,92,157
18,51,165,162,55
153,87,181,179,194,195
30,8,5,32,31
115,117,116,114,118,119
89,54,55,162,163,134,90
118,114,15,43,44,38
44,43,42,41,128,129
137,197,196,139,199,202
1,100,104,102,16
47,46,3,11,12,14
27,40,126,182,181,87
164,113,112,6,52,166
16,102,103,50,17
85,86,152,154,83,84
176,175,64,65,141
101,111,110,34,99
12,11,31,32,70,69,13
111,36,108,109,110
29,157,92,95,97
52,6,39,40,27,53
