0.978590839764289,0.953914357300258
1.00000000007258,0.955373106994186
1.00000000008895,1.00000000010959
1.00000000007258,0.905750742658446
0.883559948058715,1.00000000008566
1.00000000009676,0.0657940695371538
-3.01745781139395e-12,0.191134467361356
0.0721391478589894,0.301034672483637
-2.91008536712489e-12,0.299275142968497
0.0592179614294628,0.320268846835663
-2.77609185639349e-12,0.419913745930067
0.0262056834478312,0.459273280165081
-2.91538321262053e-12,0.459927103367669
0.0576744130271887,0.359505404630947
0.0697093638414646,0.33973223290849
0.0649206104559688,-3.18019222067534e-12
0.963280168569404,0.925321773349846
0.983065917774338,0.905893790559029
0.963122800390997,0.881399012187962
0.942117996249353,0.885418281861842
0.974865835131165,0.859567514342426
0.963130335159848,0.844534660078021
1.00000000008037,0.858919495137895
0.845158998386824,0.970321412483625
0.806891062886826,1.00000000008189
0.961318217106191,0.968796141741002
0.937343744794019,0.960845956456734
0.923089031274316,0.971801276453079
0.923160874121992,1.00000000008566
0.84548866094788,1.00000000008625
0.898668413616611,0.591343217402805
0.908901128717344,0.56265910266478
0.898380651084546,0.552043046924998
0.902361828831257,0.526513825537737
0.469644925924144,0.680959807804894
0.476224073936375,0.676449753762168
0.501080168372095,0.680830989471368
0.597958830721889,0.618396939917599
0.966955876637326,-2.78794348718137e-12
0.969061522266049,0.032099924936784
0.935933668339519,-3.02753655478938e-12
1.00000000007911,-2.78794348718137e-12
1.00000000007911,0.0353230668415501
0.810104713003064,0.0948983911798133
0.348864265211264,0.22920452474947
0.339246168510743,0.252296600943281
0.693000832003232,1.00000000008987
0.729446905839862,1.00000000009456
0.320880675843893,1.00000000009297
0.592780995002049,0.795227083259566
0.604714038572885,0.815418103412232
-2.77609532584044e-12,0.380056841096759
-3.017454341947e-12,0.225664143653585
-3.00663313690386e-12,0.261578875887808
0.0630914620725426,0.282349348889253
0.0306185757292524,0.26205892547286
0.0396609378955774,0.280326059188761
0.200820114714221,1.00000000008858
0.279679137119004,1.00000000009749
0.280618255942833,0.96761117239504
0.080913618324216,1.00000000009631
0.0297773489790593,0.498199700477599
0.0407093807696002,0.482229952711036
0.0387040481705441,0.520849036145381
0.233910436432667,0.71399995387879
0.338464923368098,0.577303487033812
0.0393503711523424,0.400568250234563
0.0270939975335115,0.420020688996856
0.0384606211778713,0.440070935574591
0.0928129103111569,0.340555396085499
0.110420874835074,0.128554783291857
0.123459109088847,0.133866866991465
0.0597150006253661,0.0303936100100433
0.937029185768695,0.893972707708053
0.935469383298199,0.936848151361807
0.950184616544268,0.924269576070487
0.927915737351578,0.857292723825397
0.934528681750112,0.845263631651101
0.926277843977611,0.822354119038318
0.822450427337473,0.890023308808869
0.82447674313204,0.935752468629775
0.825871378016299,0.960665478683061
0.806274507088037,0.97214456266308
0.788470602043868,0.961856437140978
0.804053343706826,0.927289454719618
0.787403492996328,0.939841201665929
0.80084997786838,0.904204406860655
0.781533449638654,0.895125132453904
0.965031873378741,1.00000000010959
0.927913286121471,0.562112900984751
1.00000000008032,0.519619736277301
0.889386641802805,0.679651960304906
0.94186037172046,0.581684065664096
0.962178831899518,0.542455416580267
0.940897181325064,0.540839432341121
0.977705120139638,0.477295291586754
0.960999830847439,0.500317935331783
0.975848994970562,0.519583574957412
0.894205018825115,0.483734005074766
1.00000000010079,0.772690103854291
0.971927392614947,0.816264394235202
0.957753402201968,0.803543801730727
0.955630666083201,0.786991884903076
1.00000000010079,0.813662406494548
0.67705553158766,0.604234054811084
0.635852467423506,0.616037138043917
0.614249196796192,0.626619517264266
0.616380811574033,0.77145913753419
0.602534538466338,0.750120193822723
0.615965446269216,0.72891834608699
0.697677810561183,0.577874634425492
0.690090097748854,0.600177315944653
0.587313326783244,0.475953534268265
0.607461957802529,0.475687682518846
0.589774752519465,0.435567623456192
0.573794718094971,0.452714931898424
0.618330090855291,0.497566738581124
0.608321462747749,0.51412028151746
0.616653694199821,0.530635368348998
0.818410402500406,0.478385283826265
0.849702429047283,0.203946385298911
0.826364758268886,0.364573890014618
0.685977277621568,0.296536842234161
0.705919732730962,0.31021332806059
0.584260113240832,0.413736867492004
0.506258205603379,0.319422333800497
0.497512100430099,0.303435565971041
0.529805932837869,0.32114186652462
0.540143187340128,0.305756897414268
0.51591259339608,0.576621110338812
0.51381899721363,0.652579522203722
0.595579081640717,0.704509468961539
0.586443500097397,0.704750658123318
0.443215292562499,0.673933400243657
0.476337225522413,0.644660305345787
0.503150951685104,0.638592748335025
0.507834043251267,0.619966155472173
0.502741240970432,0.714511956647309
0.507727591839743,0.690175394584524
0.601138404408014,0.592199942871816
0.580311905590617,0.577976666093635
0.606956910635808,0.550605450073444
0.589376573619005,0.553448083935607
0.638544877649721,0.599282212913575
0.658346129794463,0.590964199726369
0.623321020861975,0.568676288035342
0.620848564201635,0.583329270034255
0.522968229707601,0.552633569034225
0.547360004256574,0.550481943769424
0.543948756337208,0.476245533279196
0.524882402989502,0.437965579873753
0.545862773546478,0.434392157071534
0.559866949944815,0.451965408007416
0.960300014579372,0.040075277812014
0.964058227445249,0.0688194375492788
0.963205232608265,0.0700094606972965
0.935221869021787,0.0340375343569199
0.925405367126135,0.0403894258927915
0.935633688575856,0.0759086784474994
0.922946512770354,0.0645650105104337
0.902440824746481,-3.02754349368328e-12
0.841289235622104,0.110035225496736
0.817701607147864,0.108601035044374
0.808588153440563,0.128125014022174
0.851821856171296,0.130259772422251
0.410172390391505,0.106683895972376
0.360262367735201,0.187379505873347
0.443377018299715,0.108269128502345
0.428465352976409,0.0991126251216775
0.338861707665678,0.193333634966854
0.333754329470246,0.214295786938998
0.353199313647248,0.268681139096051
0.384823486806946,0.296128301235443
0.407528642470073,0.305571940181352
0.356568173588314,0.0293800988935596
0.75993622907155,0.928047787464415
0.757832258142516,0.923239570101019
0.767677356514785,0.973297916530956
0.747798126893488,0.958826885140156
0.729741779770792,0.963129792484238
0.766168883947644,1.00000000009313
0.623271498323693,0.85836525669589
0.636557341716892,0.894258187686668
0.639363370396219,0.87650611919453
0.489797136621173,1.00000000008785
0.489050365294804,0.923654960998348
0.360831220054045,1.00000000008635
0.40373609937143,1.00000000008635
0.534375564574423,0.792039601188621
0.580454547222481,0.792211693790389
0.556523278349611,0.81374523035123
0.556333373905301,0.8190405911396
0.529647451620584,0.837790687995688
-2.75849482145318e-12,0.338987273731704
0.0386245843593706,0.319249577778338
0.0276513560001513,0.299918831107789
0.0245943799554081,0.379646869053999
0.0378489051660984,0.358888723129324
0.0256708054727032,0.339355321218421
0.031716989876604,0.225721758606153
0.0400403812212698,0.244687053433733
0.318202621874246,0.677292786582565
0.361916956531139,0.967035644997946
0.144104282148411,0.79902083763612
0.18245943707164,0.958810982276937
0.199992260912917,0.969165763401875
0.180893716094454,0.936505049351319
0.19979350611977,0.921074053503932
0.240829586063167,1.00000000009407
0.151616973652794,0.923396539789449
0.128610853644706,0.878187482052098
0.115312549105387,0.894304450508046
0.0832065160468197,0.885561522537575
0.147729735173303,0.925279148788643
0.118787995085458,0.915591189166929
0.158530422298194,1.00000000008858
0.159425097475031,0.971349702377289
0.139907734347447,0.957672545330228
0.119206231034278,0.964135493093868
0.0552913482356535,0.480934035081793
0.0743680002980589,0.500622201235713
0.0729472462548164,0.512891774176003
0.0590078659946258,0.524169533177345
-2.8177495059456e-12,0.535534870826636
-2.91538321262053e-12,0.49773598101685
0.0245636504278,0.574330145514518
0.0370045908603768,0.563163445523028
8.21322176935979e-14,0.5731142720037
0.0250488714151994,0.53628490258425
0.0849887181617384,0.627974709305311
0.102410625785984,0.662307083352134
0.0976105571249395,0.660689304021662
0.257457136372564,0.698846042315895
0.303104959072235,0.683144279250809
0.369189109720001,0.606397951734669
0.456779781189643,0.447464727654592
0.484118715909121,0.445567128587353
0.445922947705284,0.356713191545639
0.473993403378099,0.343289894948841
0.47209312124442,0.346564794936894
0.49615004176668,0.339109462860256
0.514480719158028,0.360422473891536
0.4538573613805,0.451082080954431
0.423454313459935,0.451575058886758
0.473492275041312,0.52621469174522
0.519777080445712,0.514379824896013
0.491094722063556,0.540873355113467
0.51053970433749,0.538199608338467
0.373767459714766,0.0393714230515776
0.022286234054792,0.0390389161924859
0.0325663381263938,0.0271591846918044
8.79990524893515e-14,-3.20677512322121e-12
0.0278921149231155,-3.20677512322121e-12
0.175701101162436,0.202634335870593
0.199107680134163,0.199390289135428
0.0663517770631901,0.164937857250513
0.0942748058188757,0.138021757690103
0.0910332763623572,0.157416041652126
9.1926466438963e-14,0.116901087249033
0.105430352261704,0.171531350501464
0.13231654126692,0.206018984438013
0.107191614062933,0.103307459334074
0.0884256838615288,0.0980347784233509
0.0637671443543405,0.0360930253998271
0.0843878816424026,0.0390220805188057
0.0907862798957794,0.065259154924129
0.0819160623595344,0.07485978773252
0.0207935299869343,0.0781542921376801
0.0334286134867925,0.0607419967481406
0.0526211296361839,0.0615489517711501
0.0611779660366636,0.0733629209149232
0.860570346129157,0.863587339579684
0.901810690296214,0.862803480166836
0.888056131834768,0.850583563084118
0.862330583643743,0.96009799336787
0.898344230379665,0.961072621794331
0.883981011143592,0.970085703940629
1.000000000089,0.729416728528421
0.970587148734279,0.771102513098631
0.898074289081172,0.631588181336819
0.943002694965839,0.622554819165415
0.90902760111438,0.60360310978909
0.92970091933044,0.603254525415118
0.962223213975779,0.621298914101361
0.961011802729511,0.581073422134163
0.973365479178235,0.560412998829119
0.974710818314661,0.601697730393426
1.00000000008032,0.560787607481403
1.00000000008318,0.60112710306222
0.908082195500785,0.303850612008563
0.916783126984018,0.297470562063339
1.00000000007727,0.477579588588284
0.951768967779068,0.499978385027488
0.911864497459204,0.489062909160882
0.931738795560547,0.476621952555736
0.916589298754495,0.518791783508472
0.931031050947098,0.522659671597524
0.890231982229372,0.460540956552468
0.668955637542923,0.629379132234453
0.65394959433863,0.632580460031092
0.613343161872994,0.685125883271887
0.644019125538254,0.655389559781036
0.654264893659088,0.670841831947426
0.618351500825741,0.65427800036074
0.609201742613229,0.663961186800215
0.630196797696198,0.726834252467819
0.642060204768406,0.695350143241768
0.645673674681729,0.693763217740254
0.755114199707684,0.562043450535264
0.739086566000787,0.547461090971956
0.713553491994981,0.572542549283199
0.719342353285642,0.553619448480852
0.770510281851724,0.557845108435674
0.791324454285861,0.578625391669073
0.799488469658631,0.514455231247054
0.786577204022547,0.534164708172068
0.781180740086186,0.535586995092821
0.609773132544315,0.440925839429414
0.617864063889359,0.460590541118667
0.639016956621084,0.461190575662008
0.63097219579291,0.417787459786484
0.651343883023891,0.440254126106759
0.643356103660721,0.532746097646109
0.646659644765219,0.557350995956222
0.676786770392417,0.560220831463585
0.661583200184384,0.565985737932131
0.812917761205675,0.370403181186105
0.858934595896944,0.486734398224257
0.881499318148796,0.49372288584367
0.881975338798741,0.51593736802855
0.842223578545411,0.371901242061076
0.860228294936171,0.360131077183743
0.882152387823279,0.371453112052745
0.800359577821379,0.238773834606621
0.843532713912541,0.238649668945045
0.81911118042643,0.21906418116676
0.835442754801745,0.221551834315792
0.859891061211318,0.337929201338515
0.872523335911729,0.329035423721431
0.782258804018666,0.273363493079182
0.763792427779162,0.294614920725685
0.761012789466888,0.29428057183061
0.719443397906413,0.305661825611172
0.73511171460412,0.314545077781169
0.779479610620373,0.128475213080196
0.552468361108294,0.414689534773904
0.573901698943977,0.407987733650914
0.535540631066941,0.396787465321263
0.57261145589029,0.377339506481092
0.569598332522493,0.334312649602459
0.565715095916119,0.305006315697885
0.520175437805506,0.278561498666204
0.527440084087372,0.280438275277339
0.552004028882574,0.265278521553759
0.584431043188667,0.624048692254506
0.570514709737507,0.688130146204116
0.5402706143116,0.688419860920342
0.544363998463723,0.692118224356596
0.538431050599626,0.654734728313767
0.544555189716119,0.649599172748178
0.578866392213918,0.658147388377541
0.399450809674946,0.671121630147784
0.388536824095904,0.642325476425206
0.401220539841124,0.656145507593794
0.391815951407801,0.620847784931893
0.409109047176419,0.610931597896568
0.466581074254415,0.63749260004187
0.425806268504402,0.618628137230414
0.437536663962249,0.648213695939091
0.431286810622847,0.644512276309957
0.449096648948605,0.602272188188422
0.465616241355103,0.611719235020223
0.486772359766141,0.601599297547713
0.482379356205606,0.570643503119677
0.490978749858395,0.580883067745076
0.57378174805894,0.5365749657662
0.556445426455075,0.537738686571474
0.543784848819212,0.515029686928765
0.586409902070519,0.513546625877279
0.574561492711306,0.49519231014893
0.556537826643434,0.494857653946549
0.879339674532078,0.125000649204539
0.891044663422139,0.137314996625572
0.650397328968717,0.0583431119671896
0.647394704524696,0.039467266699413
0.793409976403975,0.0250265986673959
0.85580904179694,0.162946395493878
0.846181534342239,0.143527192146004
0.838347722025774,0.182224446482869
0.817607087963202,0.146209420201332
0.469508067998093,0.0977433637947388
0.504946718227814,0.0705888327156791
0.635511901321788,0.0741735173290771
0.629431714676299,0.0288067712071568
0.404922534878657,0.12507596911279
0.417294998517546,0.142114311720576
0.398187129414631,0.166119368003966
0.363726632806983,0.227035574975628
0.375336794556542,0.19870324507706
0.313026010552241,0.219483393369709
0.482558189026707,0.299146005251712
0.47515451378839,0.280058500284626
0.463117915920117,0.317274818116907
0.448993168172952,0.313971153139753
0.348009913018503,0.0932762508164175
0.352629617338911,0.0717127788907232
0.37159897291065,0.0650577621945946
0.389315602860264,0.0895989213057476
0.388734012024079,0.0767184188084014
0.336878121581947,0.0593629070898883
0.337355393415035,0.0384540303938838
0.117963888261549,0.0943682893477433
0.116514096767206,0.0667740974287275
0.741352036497245,0.914945799510925
0.721126011978057,0.957973259282218
0.692250892240801,0.969006266555979
0.677676341184676,0.958479080792671
0.715244887895128,0.929869970696146
0.611335548041184,0.859242706003419
0.566402900542607,0.860852360162268
0.591769046793647,0.836579454129502
0.575505650595912,0.839192496107396
0.614611058223198,0.904371321842653
0.590143185947216,0.884935710979323
0.592214218746955,0.884782838917334
0.776347854543869,0.881208020618696
0.740447410754641,0.754952847669821
0.755984364080231,0.771077672724703
0.743076674949918,0.801910503390615
0.73835290478687,0.803255863479906
0.634335881676257,0.939978264287717
0.611723768031807,0.924055176415928
0.445560863563007,1.00000000008277
0.489095705798365,0.971023630992239
0.54353347420812,0.767476419035104
0.570348620576071,0.730156231009527
0.58533999459424,0.749886458475185
0.570614453336676,0.7719089192439
0.466618241964897,0.711936070496166
0.477492082346076,0.720918369395571
0.436170351797018,0.74692886583441
0.461716735262972,0.784439923981693
0.501242511252363,0.75983858231207
0.4755460180251,0.747838379914409
0.461995928254643,0.756315636584822
0.421264263224391,0.77625417833001
0.437565278390468,0.791850916993685
0.548022715421972,0.866601936174706
0.529649255774528,0.852212856184354
9.19299358859149e-14,0.0789980309746384
8.80025219363034e-14,0.0385019070577759
0.0399831404898801,0.210568350039035
0.0626229023455128,0.172107394886516
0.0986923547807421,0.193614759801722
0.110151238582633,0.208192416706885
0.0736615870179503,0.196241109478365
0.0663660523058167,0.209142048687312
0.325457550619291,0.654165763594335
0.351402385228602,0.618108287484412
0.358588797216949,0.648179018251365
0.356075623308294,0.652004796127458
0.40258742469371,0.971367626561158
0.372297572398227,0.960932561368661
0.285834015949671,0.9189675075542
0.286742398404722,0.89958726519509
0.320695718011197,0.970229873037809
0.340871101558111,0.958325023691322
0.300190667177382,0.958129287494514
0.302232508387727,0.932524009783325
0.337120785857238,0.926652548608076
0.331976952793149,0.922996269201736
0.194513253019602,0.895623694310973
0.199091781458898,0.888780002448844
0.152478761692789,0.881024670994429
0.161498127683584,0.89583727584905
0.230800372594352,0.786839851435245
0.235664702440762,0.738526116405693
0.230261737165461,0.808468857232395
0.250035517162676,0.822686263329453
0.186468536996414,0.80877932636442
0.205377040026462,0.822522200872275
0.205905555622661,0.841771067391261
0.165281970480814,0.817198642449213
0.18808640575153,0.856681918089019
0.159269597285895,0.840046935048108
0.16785139071792,0.853548363089021
0.0989664471114136,0.787138907513449
0.107264419257563,0.772216534883644
0.062756104669745,0.809682377907591
0.0728298770187385,0.78852215605865
0.0416701931610228,0.767243211838914
0.0607325945753816,0.768661712464713
0.145166272467962,0.781989360989213
0.126344126109969,0.767561101758881
0.240291633805521,0.91768211794788
0.220513396298545,0.929677695502694
0.261536412437504,0.931430698810509
0.261041387919526,0.95636145862672
0.240263218690643,0.966963448791674
0.222318837836826,0.957513871112336
0.267067780305787,0.884860229401146
0.241534446484764,0.895947366971198
0.226572180595657,0.88301493508954
0.268937138409768,0.860662783569551
0.247356218787627,0.847326605151845
0.230961360527974,0.855374207325863
0.0405108562518718,0.969911586918702
-3.16328560567847e-12,1.00000000010646
0.0267906416854443,0.955954025395589
0.0374543989509915,1.00000000008552
-2.8428787102186e-12,0.957093535340099
0.080064422166186,0.829447030677121
0.0778878984941013,0.848460673533914
0.0847803939986485,0.856645109166057
0.11665501836455,0.815833477061978
0.110724811245037,0.813352832775016
0.12631647470001,0.841322265315527
0.119693359724958,0.854076700878674
-2.8428717713247e-12,0.911684783177545
0.0745867042045144,0.893189966320071
0.0445702486486007,0.887708899332794
0.0395644313328027,0.927224216953254
0.0314055715599963,0.913857510446548
0.108205963736136,0.957436778490664
0.0792023147531022,0.96808875507296
0.0696795355286301,0.961361255744815
0.104136489960719,0.929203699794998
0.076614414732615,0.922792317780996
0.0668471746111894,0.931502034031032
0.118985895735501,1.00000000009631
0.101779839635789,0.588811857129943
0.125412914095747,0.57245308918327
0.108823985560985,0.614703452799515
0.032494764793404,0.606192952991683
8.2128748246646e-14,0.612332281473561
0.083779026672198,0.556423891134208
0.0881905072666296,0.583531115229761
0.0643941916407628,0.596775162538651
0.0489964316190016,0.56399137315557
0.0644660123365944,0.551806160743989
0.0780469236330888,0.745675082692589
0.0886417829271921,0.746060573286417
0.317434316919408,0.723410100998284
0.300365387992604,0.711385331318464
0.277967913141972,0.719545485445581
0.369327576443807,0.578371771288868
0.371399378963957,0.581423856722455
0.406914468570207,0.584783443514346
0.498192133264347,0.380351712571393
0.483076427247804,0.38007193563091
0.491683055816788,0.422618165210149
0.513280247080985,0.403499448293165
0.507246308323707,0.417644984766528
0.447350300342979,0.380809734337559
0.453020969854891,0.420698377116052
0.472041006343336,0.389543525712966
0.471815055528936,0.408807317077948
0.418481764459834,0.457537373614202
0.362909579152674,0.504250284851604
0.376907161671536,0.477929257568278
0.125183085041315,0.561627984813374
0.138234090691772,0.547335971718119
0.0991460222128394,0.529416184771914
0.0976746568352314,0.545819538359456
0.226136359684398,0.667139843479898
0.215831545810967,0.641395963588111
0.115345265172972,0.517584152032579
0.133267430932673,0.524600580890897
0.135779437981968,0.349421590667402
0.191347254148305,0.271562297878596
0.457902700926457,0.47791105186825
0.472719343316427,0.521198669985366
0.511845269771084,0.50194229108297
0.495072955878198,0.460463824287205
0.482534196836401,0.482644197008056
0.489640842090493,0.497989253980803
0.514815958453038,0.460404132408723
0.525915373708964,0.475008459849611
0.357037839488576,-2.8550460606791e-12
0.23474214662559,0.211744198825702
0.206695583773312,0.231779963810544
0.21184013797027,0.216978312074805
0.177211534464665,0.251667180270153
0.180866413273293,0.238507373485097
0.168972049821737,0.221454716887638
0.144522012796367,0.224517928929951
0.128730845872577,0.321275552465824
0.133242458538219,0.315727602214114
0.103340470756855,0.322018373157692
0.0926581283182141,0.303110559868247
0.0252005896160213,0.153720634935127
0.0302066026032762,0.189434444634652
0.0370822521994582,0.176789248878239
-2.71976191568157e-12,0.153573063267029
0.0698290414647063,0.113656475789606
0.0700164760210461,0.122945415859814
0.0270591562200336,0.1163436160531
0.0546946412221679,0.138258272802191
0.0377088447545842,0.13708684492402
0.0371030124469416,0.0998779961404639
0.0498837658278951,0.0976663478589557
0.131204260811851,0.160337810857102
0.128044623622094,0.16624538839287
0.140356938968667,0.19014679309706
0.164780676396682,0.18740751347453
0.913274236706018,0.900470186692477
0.898296715333927,0.889112036095456
0.909753985194738,0.928247329031271
0.900040034198417,0.934172103438942
0.835890731554791,0.793026721787471
0.931784611651628,0.777761375926845
0.92558765969024,0.750367072206821
0.947922185605785,0.663903463709339
0.932980683431662,0.641050531728208
0.911651473196406,0.643902162960902
0.905641478673431,0.672759030805417
0.928448975229324,0.683430838321556
0.928138509007279,0.746106714112395
0.958960071984253,0.708095278344909
0.919288570685955,0.717698185568965
0.932514693674494,0.702752449476959
0.959512568911939,0.742097267814371
0.967516693544945,0.729575155856161
1.00000000009,0.688241531493502
0.973837294173035,0.687299795929961
0.960129871800574,0.665025865016837
0.977469345907326,0.644100360736968
1.00000000008224,0.644485294065486
0.932677825321309,0.472086491210414
0.96051570854277,0.454318310713335
0.960641524181714,0.453439736692102
0.932080777064895,0.338064206737041
0.895925273437208,0.361662214491459
0.893948966957138,0.336913716877909
0.907779070989211,0.326949000562819
0.961880504589601,0.364888395352286
1.00000000007306,0.344707487275847
0.975531155599783,0.344369521285526
0.96612932455165,0.408685010283418
0.984680218959729,0.432874439271248
0.98513745729031,0.387229162334859
0.827080135990514,0.440813455459457
0.833480809633298,0.463276449511682
0.854554857139625,0.46768940421193
0.865339948508829,0.456299765070875
0.773546545698279,0.770460860679072
0.815710128681227,0.782934578667551
0.741179311283764,0.7443894698064
0.734382574601209,0.699007569736618
0.678989062053145,0.667328974487453
0.692553312724866,0.681631277975128
0.685049176267516,0.643244254112188
0.690838511611142,0.696708929193298
0.672338285367964,0.709528391322524
0.715568256588582,0.723363002235948
0.71577564925304,0.715596865795245
0.748733109629222,0.583381254955844
0.731616363052149,0.588720660971074
0.810270880628246,0.552154748772634
0.805833305102212,0.571363487124086
0.809378325312779,0.478049185367538
0.792383719875194,0.497138332233305
0.743680788243853,0.526928581908864
0.760269644626585,0.520557905304349
0.883506576510713,0.633216008184609
0.87024366114439,0.656676122995963
0.875832780511102,0.59118180220175
0.864254148723247,0.613726395753386
0.852537421259838,0.615739761529019
0.831018880088978,0.597481270209618
0.831209712630075,0.586895544989907
0.666304994797368,0.438958886024835
0.65260501128003,0.522267091998888
0.640332150839837,0.496793875558817
0.651294178990489,0.480583962821386
0.809599564207117,0.401313551044581
0.805947067915355,0.394844570348653
0.697119729241808,0.338282144421003
0.739417215018548,0.331976549492889
0.83403775168233,0.503701107027629
0.843649130251002,0.50348824377073
0.821928549401701,0.516868351333733
0.828257441339938,0.542756304897711
0.862221232112948,0.527539942342027
0.88499771028406,0.296326213858589
0.872108470130489,0.305722030714323
0.636037237963393,0.315662127460909
0.637189360414028,0.336311432441776
0.656817297836508,0.344309278918256
0.672594418751062,0.330853985299709
0.666948279862049,0.304689787117235
0.663203371273775,0.303185009052047
0.623295303977154,0.346256000982143
0.598626612081822,0.337798903563343
0.593336679655894,0.340737587476421
0.589449047885951,0.370467174811105
0.775025040652451,0.309312211380508
0.772952701696217,0.144935684706324
0.752001659586322,0.150450504635538
0.778473667616372,0.218358523127619
0.797504780644926,0.23881658981108
0.778871596784993,0.258627569315187
0.540427305742923,0.37975390470613
0.560853414759879,0.37157031207247
0.520827749957555,0.360025454929454
0.53757870726968,0.339269794878692
0.55741695754993,0.343622712415188
0.540879709961389,0.20555108597885
0.539099329854884,0.234985653494451
0.547540873871334,0.24087930078981
0.623502694040674,0.306009131909346
0.604362868183414,0.310049758270803
0.444108145261116,0.133940748033806
0.431745203688861,0.1440701513891
0.470962545825094,0.141472792000936
0.473663202840999,0.158240821773004
0.513904969825017,0.141807641484235
0.565171602203954,0.614624150631972
0.545768073507358,0.624215096354287
0.564321116081416,0.583213231037351
0.557798608045221,0.58015181942139
0.529479971536644,0.59020548944664
0.526773022649088,0.611441276647002
0.362028650780126,0.678814420556449
0.375157945547689,0.684711715039185
0.340364084870391,0.692544355757384
0.339707389020881,0.711385788655007
0.359830855821839,0.725381114656972
0.381156467401484,0.711813511623392
1.0000000000818,0.176226994946265
0.864577575679584,-2.70642189215131e-12
0.865792002849238,0.0265058721504375
0.900810368555767,0.0299587015273647
0.888308355315915,0.0374433922236923
0.848744676121784,0.0393335407902199
0.82870475790826,0.0331985017796745
0.821537060809447,0.037261339210245
0.819171788867982,0.0723097481502432
0.813772705974309,0.062357064000511
0.897017670614888,0.0728523529488094
0.885543081282574,0.0609847758263644
0.894232180722623,0.0930176276633721
0.882231835995227,0.101135303583356
0.854772574969568,0.0896312062219462
0.851069222287336,0.074985918396229
0.855992082000558,0.066761936934739
0.86767795631586,0.165760009519834
0.890173500871569,0.149957602010867
0.883041840457923,0.269571844676762
0.872523199596363,0.264119968678753
0.866560208350209,0.242137182534853
0.67101109290809,0.0230455299620345
0.8111498927046,0.160541613432673
0.821975219170237,0.180547698143233
0.808944975505592,0.198226790001954
0.786834897010276,0.163909011102015
0.788180498360153,0.197297365345019
0.77918511040361,0.183536746308282
0.481994651624026,0.128600556536985
0.500596999554412,0.128023561951943
0.51163938778479,0.100985524905262
0.502568194156089,0.0898832027575668
0.533639787439839,0.102740227871827
0.538879527494838,0.131405543529334
0.545749807811351,-2.67919714191933e-12
0.60831208195235,0.109544150703915
0.619021109968712,0.15085415139777
0.588397642346081,-2.84517201465384e-12
0.608023629805026,0.0403412340910159
0.362510509399245,0.159025420801476
0.375673799750794,0.153826137074863
0.381468452377904,0.129907045324769
0.363822880841352,0.111248773844998
0.36165686641085,0.11101983617381
0.400416688236935,0.173998857845693
0.384103965476683,0.197539234378313
0.379340834403889,0.240451189759595
0.384692907117882,0.273886941806464
0.374794288549577,0.264909990512126
0.319951138692424,0.254531275916081
0.306608061151087,0.238890489615691
0.370611441118308,0.306969248560438
0.333607417359038,0.330344517847536
0.345237428083184,0.288994548818657
0.353448943995333,0.302548309425619
0.276675014534413,0.208840816454949
0.297671630388879,0.202463638712964
0.285792246984928,0.168095441532913
0.323576017104848,0.178303152425928
0.302489014635326,0.186056126256702
0.241137976392287,0.194772552651106
0.261008442941311,0.190209689591537
0.268537592328723,0.171624981940078
0.319861813168772,0.0967135292234182
0.312079309353251,0.0708625659622307
0.118914450599698,0.0645157130091143
0.0919533310593185,-3.18019915956924e-12
0.676931511453042,0.939302449640426
0.656863259547405,0.924690582243732
0.65669605939706,0.910807955895658
0.701952682418721,0.923319632735009
0.679794118335663,0.893965674478637
0.696189798555322,0.900422626529704
0.512421832313591,0.93471171938847
0.511859472445834,0.959670716275244
0.759967422414722,0.87418295506319
0.752482714253564,0.849859166638137
0.717976373278853,0.882497560592034
0.735942413846187,0.891375109866004
0.623916018242771,0.816365714620286
0.63606494636708,0.837080502161601
0.626984151202266,0.773642201594822
0.638715972799419,0.797145761009151
0.656936880887703,0.79925642667296
0.671706778332074,0.865854168280524
0.670276241319157,0.865208761776135
0.694171250059169,0.82247661010372
0.657690800843261,0.836719317765238
0.66709698881496,0.823342941362866
0.697261154737586,0.79540077296547
0.715589651891444,0.768201274635846
0.713614192005086,0.786335052910391
0.673283973232824,0.782098970216508
0.653014909700654,0.971324472302014
0.633992997115664,0.958303170640685
0.612399710739039,0.970972151831866
0.612470969241056,1.00000000008918
0.472830834689369,0.935460206693278
0.475143217478455,0.961748850416493
0.44706722330946,0.972914098448454
0.464692952666678,0.889005055262802
0.488266961052803,0.901533583224762
0.486348616411474,0.854786453759447
0.468615458778661,0.863612899273984
0.507229080702789,0.888326644915161
0.506181200852596,0.866845980297219
0.512956640587982,0.752580827307344
0.541093304626803,0.762973449739172
0.515393186638205,0.726250119721173
0.54224983861117,0.719660644234268
0.553558672424238,0.73042606103482
0.443387845638067,0.716079332365212
0.432655362122819,0.739505111449239
0.424906033287358,0.692468375033255
0.420839166758849,0.692372684690447
0.404333491176454,0.733217170874448
0.397446513295072,0.717611072004066
0.474261697730235,0.793397760858388
0.510248542225305,0.821755844177657
0.514969306239743,0.797829004652832
0.498641916514782,0.784409371696112
0.488396213761928,0.829797178868931
0.473823799613051,0.81873749756667
0.447360174515562,0.828711150071006
0.433156081472352,0.814865815108228
0.4454160394265,0.848589700601076
0.427511463222776,0.859838192586333
0.326928518518941,0.596776596629226
0.334566899305542,0.612893531075987
0.300344244433938,0.635470613614361
0.314373445303864,0.637858976823611
0.368984104679566,0.920758953662437
0.378467968555587,0.929848021557381
0.0274766431338766,0.791416522694844
0.0424630334615437,0.81254402303121
-3.044533375407e-12,0.791662646879228
0.168462853790276,0.769052637459544
0.189160960527598,0.78510886835723
0.212517005983206,0.751131120174848
0.212129488822882,0.774067230304184
0.147024764424809,0.676240355696866
0.16476285721873,0.580562219192492
0.141141614478947,0.586209132787763
0.0351511785927554,0.607652211345143
0.0775029533183717,0.626007405861885
0.0627274712275652,0.725076096017608
0.0761718052555136,0.701928037919246
0.113110516635739,0.692888215032513
0.102553926156808,0.70494249448939
0.132703358312578,0.693090821095529
0.107283479622759,0.727684426536114
0.13336649070279,0.737405092971508
0.253799022400024,0.7491612616242
0.273621078931653,0.740213559759143
0.252602655482411,0.775558920896499
0.373369990800044,0.556642779126007
0.367503613557775,0.514850831747589
0.354993135523379,0.538091763143516
0.414693496678186,0.575733869014935
0.450044561497947,0.548263553678527
0.445642499710365,0.583328280446669
0.456917251091432,0.568604813014515
0.432983428962438,0.391951744545241
0.419449509580475,0.425597661293627
0.43581035056106,0.41336538386059
0.420880220029275,0.479600552286466
0.446389755220354,0.505283912736944
0.445389727914995,0.489950722239384
0.404804852409613,0.493434170545355
0.258145405801556,0.693768505853998
0.241545240533804,0.668762433620215
0.260098153925989,0.647151490701936
0.286789543129894,0.674325471930237
0.281613877443744,0.654234281742295
0.10195697347789,0.3580163106289
0.126530498495478,0.360259128015672
0.165730788583319,0.291928255099682
0.185991714663458,0.286609891007122
0.15890278243678,0.312920609574905
0.391705842604821,0.0313759377135232
0.39201158801521,-3.0061821088001e-12
0.427327698358124,-3.00617863935315e-12
0.463202269232388,0.0710031790606445
0.485076537603869,0.0562350097800247
0.136656031631744,0.244308662081868
0.127206463674575,0.285980358920368
0.147459314733309,0.273927047639309
0.149626986636929,0.261346634833881
0.108736486691236,0.27976767516278
0.861691295509773,0.887548026084963
0.876824519671603,0.896753788643029
0.83936087607236,0.898862652129717
0.84108025094141,0.92504944801386
0.862125854949743,0.933672992466443
0.876314338319033,0.925117152529237
0.766306521629682,0.813684745619931
0.768887855319147,0.83518800215437
0.789938800223872,0.79696700167141
0.793591827783519,0.797643060770275
0.915961744976185,0.816637047770477
0.911368174024014,0.794325198272961
0.888008633657458,0.831755541316724
0.8727129491372,0.819112400329704
0.778059791104519,0.692395940970408
0.787025904007788,0.69290392056953
0.759248044501666,0.712479132243083
0.761149420455832,0.726987602267939
0.859070355117151,0.699186712167994
0.85706244394766,0.719522967382833
0.885841450128853,0.688941603657881
0.899151941887012,0.71500493605203
0.879490546170465,0.736013928791384
0.854388903647881,0.783251556179996
0.854600661180321,0.762738434299478
0.873364490772322,0.794751961484891
0.892854888207256,0.785026082214017
0.892871239192078,0.757166673186643
0.880381646911621,0.746597814972879
0.901180541458797,0.44820637480772
0.915752708540544,0.448175780611416
0.933185976892386,0.350515541310827
0.955915294039558,0.366091272348279
0.914177411785446,0.367299236386646
0.93871529734128,0.21326008631451
0.972689900755037,0.216643197309164
0.967404738698594,0.211715390112616
0.940152426018777,0.303339972917293
0.947019254208126,0.322537503008257
0.964365712529893,0.325435942228698
1.00000000007306,0.303034048991484
1.00000000007727,0.433732358894964
1.00000000007583,0.3864805022271
0.836253531531551,0.430068385699972
0.830206870030181,0.406481295260157
0.84564435547375,0.393520574969346
0.861138016922064,0.432231023257227
0.76522271653638,0.598007840352129
0.76160501198019,0.618450497790221
0.787365300429759,0.589682552466568
0.760310846959607,0.6680086414974
0.760991327248509,0.663242004535194
0.733970647727702,0.685039357031175
0.717291849745504,0.671037130229478
0.794076138490968,0.457974087726279
0.803175908688269,0.439003975289624
0.796336570611745,0.42664254716484
0.772008154341995,0.492101275624219
0.764945367983242,0.49659194138503
0.766721936025756,0.457474106085402
0.772490956739731,0.46170859946386
0.740464180004935,0.464431015935303
0.852594026049465,0.658060013804278
0.840285436377987,0.683542338645958
0.832748799671355,0.685004566701577
0.838906586419254,0.640901503680622
0.807391783937684,0.668822813929151
0.866001945347718,0.575376942655064
0.844913763325279,0.573793333494237
0.876379738258275,0.555070957095459
0.860473374638503,0.534114312334706
0.837001774922478,0.545938426420997
0.727647810685468,0.445210772995947
0.709498659733543,0.445571498583054
0.666903416676726,0.521793483875738
0.703097129529677,0.536361039194863
0.683671001812517,0.54163808990616
0.739422849844341,0.428008136362779
0.733263844324712,0.41023798658987
0.763740800887001,0.432413755128215
0.773338644535365,0.422616300123463
0.678116115383569,0.420580156679535
0.712484861300438,0.406564934619669
0.699133147358509,0.422537964528719
0.723713536884845,0.369575925282637
0.704937314863238,0.386118436605754
0.698755041229915,0.341266627708149
0.717017449242095,0.348430546540395
0.625008403866215,0.37158194516703
0.609033167212822,0.399958625578843
0.609669183071688,0.38144600184753
0.802167025296428,0.308183826790248
0.80803297011646,0.330620419079715
0.826577721219661,0.336412965173934
0.83744114375509,0.32971382565717
0.735016627155838,0.137779649554441
0.634526709128508,0.132739832418901
0.629161617962305,0.116240656722866
0.645758819120252,0.097877609716054
0.665343246090385,0.101281418368253
0.562304164334067,0.199160455487419
0.747163967919736,0.178215435898967
0.752335599501857,0.184333589436626
0.62556374568938,0.1707434142466
0.604525612566584,0.188932292558114
0.567975470791958,0.302507654123012
0.592754611806546,0.299730663166056
0.563156430571854,0.27094491522462
0.493477856490236,0.16915310487271
0.511981600181734,0.159824159037185
0.529104021524709,0.172733743876721
0.527907919785006,0.196224102145957
0.505059967278936,0.20429130175306
0.491736447223833,0.192788377431112
0.519288851227771,0.239262082551981
0.502405546596039,0.223878522757686
0.488164808560528,0.262546422788982
0.509949010629457,0.263700693292354
0.918622919736114,0.12608750925924
0.930966705715958,0.103442968163475
0.922376280443359,0.108933670327551
1.00000000007351,0.258458495568889
1.00000000007351,0.215538080809943
0.867052403178909,0.204933667109207
0.878916917906781,0.190293094695612
0.877958767241388,0.227946231373016
0.898165344110472,0.228421740181954
0.930405404460234,0.201975380869334
0.907761651444208,0.20158415444087
0.898954988029379,0.190497398143531
0.907832325921393,0.167083990337356
0.755517810453866,-2.68474478759551e-12
0.71434923070041,-2.72562875047733e-12
0.792834257246668,-2.82103160276215e-12
0.830535035638327,-2.67317765145769e-12
0.551565142753612,0.137898440851915
0.582971138985309,0.16748531186466
0.57084702019897,0.127090725945143
0.55337517222985,0.162760088099007
0.565932783062101,0.171573818024671
0.589638358555318,0.134409905389116
0.594198894223465,0.144842082972739
0.629086147660091,-2.84517201465384e-12
0.67088749775748,-2.76445533131664e-12
0.525097461911767,0.0599837425260502
0.524531141797375,0.0378563807973727
0.475908615490493,0.238280599863932
0.477059225546198,0.234893804993248
0.249138492175284,0.230577468642998
0.271117547017658,0.224875142109191
0.285551541542133,0.242930844057298
0.354347382618227,0.344593128330689
0.375780694684908,0.33131329456213
0.389954142493393,0.454713987866828
0.376542113472894,0.476476528110192
0.302375383703444,0.404326041279124
0.326264644638376,0.4116943638426
0.29962121596024,0.384376873863789
0.318868702699124,0.368760417664693
0.310771689238688,0.277342098291193
0.319809012165706,0.289395302485567
0.295387694007611,0.146802519290028
0.313973608068303,0.106869037003408
0.343799344588364,0.129253034094781
0.321742721274391,0.124808350468436
0.309263212093986,0.145048224352054
0.349111329333998,0.152449259851447
0.326484349760027,0.163564276786814
0.206322337227879,0.180778729263215
0.226478757268121,0.176865678383107
0.322158131657084,0.0290795727788999
0.322212675229855,-2.85504953012605e-12
0.253531775948619,0.15449814166476
0.233809817218153,0.15847014348677
0.188943919687475,-2.84118562010605e-12
0.219540855844031,-2.84118562010605e-12
0.15679944193651,9.065144468412e-14
0.14872032762999,0.0345471229646533
0.157396418878292,0.0272287368513395
0.0947771371077411,0.0301770957041147
0.118607527665745,0.0348508853843141
0.125412833451541,0.029654632452767
0.125379919419739,-2.67997082858962e-12
0.528434061801132,0.92504727121562
0.530312463837346,0.899774089860976
0.543465936430672,0.892207200756195
0.569978004961718,0.904983556873303
0.530848343015483,0.971436160716807
0.531067152307441,1.00000000008944
0.571813962288088,1.00000000008944
0.648072859403946,0.741449413255666
0.648414133889175,0.755453097782008
0.672240949864052,0.771201707236601
0.671808023156831,0.726659622212106
0.693850363544371,0.743445605482755
0.694113658387098,0.750475509440673
0.697770544402889,0.826299366958182
0.72650975866588,0.826266372611917
0.73660806127385,0.845823657267019
0.714744730885978,0.866612443412274
0.69565976476026,0.855530031413017
0.653041905044618,1.00000000008987
0.328475122838724,0.896587116870005
0.308868248581914,0.886539692134555
0.406170805802192,0.777453087260411
0.388105301988543,0.759134234333694
0.371720666877036,0.892314467370726
0.387587459644904,0.884545120756971
0.350482082322026,0.881049107584853
0.348063836805214,0.86087864622258
0.403016587307602,0.928074867642783
0.4145653356201,0.959447291453193
0.433609351786451,0.959381897887306
0.446980999309214,0.926914024414439
-3.04453684485395e-12,0.833816157388161
0.032328085820052,0.832259759681246
0.0447900276524325,0.854015211157462
0.0371507587710199,0.872750090347645
-3.37201100375495e-12,0.872494012318062
0.184863092469272,0.673985618189627
0.173661446892943,0.683618937978387
0.211353145634072,0.681672211381011
0.214561095465206,0.704339233341764
0.170020112797824,0.752649754411778
0.144568459582875,0.731620475142258
0.148432793339169,0.719844619926062
0.174289245178142,0.707648220623757
0.192747192260575,0.737893922547955
0.192021472382491,0.719467585577862
0.183063484868011,0.650171159868373
0.196953747696119,0.638406687446835
0.188883034349769,0.607848081891658
0.178922769585876,0.605700069880714
0.0541964283356065,0.643048247893068
0.0404504881188807,0.640838158023714
0.0702467324121241,0.671717716169108
0.0654961860541783,0.682280169114068
0.317133167539145,0.745160086009737
0.295151522177147,0.756651300207766
0.39452666176361,0.546087010872603
0.412728079967965,0.556280495216956
0.393481118426555,0.521376863490229
0.405334719384899,0.51151664841988
0.432155030469651,0.541100906893758
0.428711505633989,0.521090468767732
0.254072857517839,0.630405504918071
0.231756020999583,0.624334631122667
0.329142697293246,0.557114627524825
0.339959707179833,0.540211115428597
0.335903400330913,0.498569383498228
0.323262326206909,0.515805148331692
0.308438027955098,0.517008556135137
0.291450962908967,0.497499158553736
0.204192831476023,0.382330692734394
0.152832160582,0.510266500505252
0.0683794207798929,0.377293590916434
0.0895372271602083,0.379109921076225
0.0547714826936388,0.399540415869202
0.221566919956373,0.301939607184428
0.199727434354765,0.30460098401857
0.429683990982832,0.0736541039598084
0.447102498251675,0.0637589029187383
0.40962975575825,0.0631588571811175
0.408438275910992,0.0403615110739761
0.428256296647264,0.0294950381848187
0.445402085135712,0.0385924381241745
0.484773560311555,0.0392301726860654
0.505395355933324,0.0261058559319661
0.465784250954915,0.0271232931026934
0.465731190396998,-2.81143858194e-12
0.504930466055811,-2.79870224217937e-12
0.10375944453053,0.268493803709639
0.113648043992836,0.246513290355663
0.101788174148702,0.229531633076384
0.0750991739468932,0.263477028953746
0.0685172984491871,0.245504032789049
0.0763168704599597,0.231664120698955
0.800274639799469,0.856639348034678
0.796705178129963,0.844267841537337
0.819395347672618,0.867033785911737
0.808725426174934,0.825410924362151
0.843937544818007,0.852120822057864
0.842628845108473,0.829730610307336
0.834511493166829,0.822707538535902
0.816728314959117,0.714742781616499
0.804420471509412,0.715033071037627
0.814559669647925,0.75982801249723
0.789136360497708,0.748926611301069
0.786567077635551,0.739340321284642
0.832728979773587,0.747305558350685
0.834030963987606,0.731116846998865
0.942596140872294,0.389750617859437
0.954907696244206,0.408551161910583
0.909739589293295,0.404501067419901
0.921406996644406,0.3892104019444
0.940197020371785,0.427644372647339
0.930988450351013,0.428499684732261
0.932789575816243,0.234848829264728
0.906616457061106,0.238053549217318
0.918001074177404,0.272427486501391
0.90310881597859,0.261634746188051
0.966507045194537,0.24388119475837
0.955384321653236,0.283878529667009
0.939201570541495,0.264858499155453
0.943630078024562,0.248503304609577
0.98191288988731,0.302693502270555
0.964863391250254,0.283795730493648
0.981726842083097,0.258833200468697
0.868194282549425,0.424586120631653
0.904921786542727,0.405404816942085
0.890370224052609,0.42594989317173
0.881122357780337,0.387951834222641
0.863973685598025,0.400200334214003
0.745426643780715,0.625920845888198
0.741500644716937,0.64278575597617
0.709640794350625,0.615234273625904
0.725492184735581,0.609611725922794
0.703940029326594,0.638291940641405
0.719322705190722,0.651673655721319
0.806086197116591,0.661850265705595
0.82285737865302,0.640718272887384
0.781995278199587,0.648503815678747
0.781502823880786,0.631324067215286
0.807339831533559,0.615834700326193
0.804079847478272,0.615290333598578
0.682946205957352,0.499677680192514
0.666581736892475,0.480015661521809
0.699058750832475,0.459408257958582
0.679979932005806,0.459129600488076
0.739897448461794,0.374773691151803
0.745294989770746,0.396123610483357
0.778228232773569,0.389830040610538
0.768812793488797,0.400289734246133
0.660684326645254,0.36325711034821
0.644367179924112,0.378210981634446
0.682454871567898,0.370622088065495
0.687502048123466,0.380924422878166
0.670563931982848,0.404027150289022
0.649618405289809,0.398687521210744
0.806717610141468,0.282131825578474
0.810294393554244,0.296334384636337
0.829670385079158,0.260748296411212
0.821794987807557,0.261658770672367
0.848254013634497,0.27747427943395
0.847159241658022,0.295752428297842
0.838414271950204,0.302494792403497
0.710826579726266,0.15936396211529
0.720373044118839,0.177559818838161
0.680493950234346,0.189399184930342
0.641423867688922,0.175592871900195
0.650158852533707,0.195142271315018
0.692294293836472,0.127536624157366
0.67276024013482,0.122809382712096
0.698185552584421,0.155462616485403
0.681806310649361,0.165527223468462
0.656429449389219,0.14002886918571
0.660432137316033,0.155684182457741
0.674930002690533,0.0666702575656395
0.679407962069835,0.0855038646565617
0.706497465488587,0.116039982084667
0.705784510949901,0.0922476936145939
0.714211400300566,0.0850881242842631
0.733230960441149,0.127076688386822
0.754878345532479,0.029661791843172
0.779010810365164,0.0381150323328951
0.782708742721935,0.0595460224104355
0.772408633450972,0.113284866244006
0.784130559206944,0.093591201056575
0.74746467518414,0.108821991262586
0.74191648354288,0.0921313163720848
0.773950615641014,0.0717213621297398
0.755140174950046,0.072302442641406
0.57755077529139,0.229886397587498
0.576993955588324,0.210409080318833
0.604016020932413,0.195891269707411
0.761380021408988,0.221729534125674
0.74780099665517,0.209249914552864
0.753955943910984,0.248702725610515
0.970401561336882,0.101652487768972
0.959772404738495,0.112402145037987
1.00000000008244,0.104047131779964
1.00000000009737,0.137683842620249
0.96799579486968,0.176604716124476
0.967185181103368,0.177380274037915
0.964763892495986,0.140264441250279
0.962050952056897,0.138104911255582
0.939495615603235,0.178435465316416
0.933775073550264,0.145073943781726
0.927580021437218,0.163249195093564
0.54364198178733,0.0937512413972557
0.541105966063525,0.0693558523771545
0.567876350051004,0.0996397635766195
0.565183240765865,0.0564381787577429
0.56430152981309,0.0377675294903182
0.5876522260617,0.0231693527437619
0.545980084767997,0.0248996512599609
0.465068210305617,0.200570215249985
0.461874577380714,0.20808872726203
0.424672653265301,0.184493354023042
0.440519045264815,0.172979535129088
0.4534071473327,0.175909743538392
0.448368161615291,0.250576255732555
0.412009574197321,0.266460838632351
0.452415570425263,0.275257276427847
0.424891752080586,0.286155366388983
0.438879691389945,0.287814358698529
0.40432068976112,0.215967518588253
0.399778138780644,0.234195903793482
0.424900138531791,0.207636612361276
0.437471454958238,0.216018612460299
0.416517021169105,0.251003297208667
0.436981927891035,0.243882042770308
0.229140808935906,0.286267046645953
0.243436080671948,0.246015935964359
0.214976693426163,0.265399019773686
0.220316785243847,0.251651233054921
0.390847858090264,0.338116865864161
0.41111708668271,0.321149932143654
0.429739099608721,0.329750379572653
0.433163224506877,0.348992619767908
0.40019152337579,0.418921446555262
0.382886780157393,0.435698105867231
0.365416813700627,0.43097968324921
0.291105172448742,0.415189653715578
0.280138981404142,0.374940089824602
0.281204302655266,0.346405543843473
0.2887513479943,0.34173173937642
0.312950485204623,0.311429140675949
0.293583979153391,0.316446902175652
0.314998295279103,0.351138789231055
0.277952412920461,0.261915225858325
0.29033842721797,0.277697713711087
0.249113510970082,0.282545159143686
0.257372797557615,0.264913737095282
0.265477576215184,0.30374461692804
0.278381184139451,0.302557481958408
0.192113125336564,0.163552013033961
0.159041107914158,0.153536127951743
0.171381522659766,0.167616121006746
0.221145317823235,0.0229706371002471
0.256307844173433,8.61116733474887e-14
0.254540581269914,0.0266671657220057
0.239638777917823,0.0339523859149204
0.288815533322456,-2.84431506125671e-12
0.289285855034312,0.108102166877973
0.281208341855379,0.131449300125302
0.26096407354119,0.134398557474855
0.272587170201356,0.0375083078978072
0.288608112815311,0.0308302106923003
0.302029191053316,0.0376573234329054
0.304378171120723,0.0670287367931526
0.592925758268084,0.934423997126433
0.571531388945498,0.922804460889745
0.592287377808805,0.959027407211924
0.571852835084765,0.970216958363719
0.551764141006593,0.937201548345562
0.552490619242283,0.958759011668607
0.393775574208893,0.804596705576716
0.407130336690146,0.820890712358362
0.369546468650397,0.844394010320926
0.400907001638967,0.844296315874634
0.388721168180434,0.850547037798045
0.359449660159836,0.742658882746582
0.378782714232623,0.759513389397925
0.33403439896031,0.75629039710068
0.411519326690274,0.918072860574384
0.426027101869998,0.880392460378467
0.408039414717748,0.892883475076361
0.451992908384032,0.895332569715191
0.444757995699935,0.923023667750608
0.156717031658088,0.622038219791262
0.119738790093662,0.619006054167672
0.137423701910206,0.611239253381529
0.158863624577487,0.641452576982285
0.142414795382598,0.65572690510089
0.124250587636068,0.64959983063242
0.0421355803882664,0.725221479122385
0.0309256159687973,0.751143509984178
-3.13929438000571e-12,0.750398062056901
-3.37798365668274e-12,0.639644708785041
0.272623422206429,0.812415525910343
0.273932104311306,0.788427005029061
0.292921883528704,0.777510324986645
0.288905875457943,0.61306424917044
0.269914298557115,0.610953866068312
0.303318319487839,0.593696016144624
0.258646625677881,0.588417504930603
0.242660186356415,0.587115126316795
0.204441443730869,0.569217251287539
0.230382408709445,0.567401524004738
0.202762884569562,0.598918913290457
0.226459341754226,0.6065901420469
0.173792101239417,0.526535561852738
0.198836390517098,0.563914011063254
0.171604949965422,0.565784141716021
0.162917870933677,0.550629378339468
0.191618973001284,0.323583114462714
0.170581154110761,0.326860733285161
0.196898462154737,0.359914220823576
0.20763493627552,0.343780034280736
0.162967957290703,0.350869898866363
0.168279177322132,0.358585250498305
0.692517947783985,0.499421749824249
0.727016729317966,0.513546931247819
0.70947224355583,0.518345724927766
0.70756374523837,0.479583720553273
0.733704917641684,0.484303772444777
0.734200539788897,0.48527485860078
0.755713021497449,0.362396143617201
0.753173419702165,0.33897615935811
0.770830151346225,0.330598916575754
0.775120368279884,0.369621710765918
0.79099500663753,0.356430798685376
0.79099307187282,0.344497974399584
0.715210730817371,0.0630743762354148
0.741413432951516,0.0393215833846162
0.739095110535668,0.0506713784801581
0.714464123069971,0.0205818857177321
0.693487112427729,0.0406400435663859
0.693870878992545,0.0468515650885385
0.587715646183606,0.239052507270718
0.586248677942795,0.262169526429475
0.599006324393419,0.272652276198974
0.74164263157665,0.273566030940991
0.749750033004378,0.250769465102042
0.72286206952401,0.27841308885096
0.602975422598918,0.09735045377906
0.579975637505546,0.0902316890350486
0.578299698060832,0.0658790867605357
0.619225530972116,0.0727680366766522
0.605665187139042,0.0553704314790986
0.395579068113115,0.39998627845052
0.41373393148576,0.38444623521925
0.409266573525353,0.364012658603356
0.395400535692474,0.356965996014051
0.251289406789473,0.479870457092693
0.236728068276393,0.46746306718614
0.294636671744743,0.441216758424223
0.292442783338348,0.486148992735357
0.274447454405399,0.470323223374438
0.276394731582761,0.451585588240318
0.217468373981506,0.427516235544978
0.241526906460757,0.4438617650182
0.256423998573025,0.437899946814059
0.262372930816094,0.410653229616257
0.252691121934676,0.321728789736658
0.260705383494049,0.340699312081479
0.232390057802942,0.319908536036659
0.218077410469628,0.342527360721934
0.240389242164653,0.362143270597806
0.219010825870051,0.140380927001094
0.199007771532159,0.145307745631352
0.236344325519847,0.055346628284088
0.335942544437491,0.779091188871678
0.317695882306173,0.793181549880851
0.360120545423315,0.788395763854415
0.360507737837983,0.81689498964734
0.367128319842514,0.804881703054356
-3.13929091055876e-12,0.713368179020698
0.289153436602934,0.8241915378678
0.327666552434111,0.850051580829142
0.328269052321533,0.822517166825873
0.317448324035546,0.812675912409629
0.289023762761886,0.850637388161057
0.307664827867715,0.860764387451654
0.296505601318928,0.537677827296963
0.27209333419199,0.572348065450895
0.305274672399739,0.55645609070079
0.29408343447902,0.573431427897258
0.202772135946741,0.535164255799793
0.187383921629041,0.523128539214745
0.265309569442547,0.512556541487609
0.249472482008756,0.502722388502332
0.24043191441681,0.54707816666497
0.225639137629314,0.529050469402798
0.230983629957085,0.510902507637191
0.261107907713371,0.545468807732069
0.269147694688167,0.535389972719857
0.0962318686882276,0.487108227283853
0.112810765283537,0.494849203900815
0.0729219958040774,0.420516254804074
0.0604280417387225,0.440870624773168
0.0694833344517537,0.458225325714855
0.0926662270666104,0.461884357963451
0.103717654745418,0.451851448299257
0.097825094015158,0.393805884141541
0.0829913180528374,0.419063719416401
0.104118564383747,0.435746436726603
0.179906472013539,0.454045603596052
0.201280986932533,0.455138169255068
0.214507396540489,0.473199092429299
0.194563562777975,0.496419874445426
0.208150657514768,0.490846619375942
0.629118731763379,0.280056887654535
0.618879438200963,0.269549266530458
0.651336511017708,0.278425135611826
0.71972700088937,0.236810657676759
0.725297648424885,0.215287397387495
0.691106995298661,0.200404312421858
0.710213951114358,0.198042959496921
0.690693671646527,0.274870261523382
0.71076899103681,0.269579438378704
0.7139078418043,0.240381771881191
0.376830763955636,0.3925837227657
0.340326544297897,0.400556740209817
0.359692213908082,0.406397472379775
0.373370947829064,0.372848250416241
0.355583770735091,0.363387048362986
0.336547237972557,0.376127539170391
0.310496390329104,0.447671260751842
0.328634057917793,0.435814399319175
0.330781286707745,0.479867686063963
0.314452911590928,0.472825510316049
0.350758468880774,0.463261490406646
0.348524618601153,0.444249787458649
0.240647470725529,0.365913182241475
0.222794788320975,0.385745348365311
0.230923275998477,0.404982855171898
0.264801487712089,0.382734256117454
0.26004498291861,0.40718929378195
0.248138507094022,0.0670127752551005
0.268804580438591,0.060978910267035
0.279084604679541,0.0958630451809171
0.284390035048847,0.0737212410318756
0.225152977451273,0.12378215048117
0.248656611673858,0.119558878124129
0.213172956202513,0.106218387075083
0.218213071008808,0.0914232689693797
0.254415494468544,0.0993878035277792
0.244071865711857,0.0865870444673686
0.0349732037289252,0.644729930971674
0.0320542247576848,0.712446483888402
0.0390241509766565,0.686056006644613
0.0289292308233045,0.675716416769646
-2.96180094339071e-12,0.677548804368348
0.143143479644992,0.454199668145728
0.132035725180849,0.463745023579224
0.131692263972397,0.482217474330624
0.15316094382459,0.496212058933372
0.171902008142233,0.482940517569517
0.171840892468601,0.461795114219628
0.13280849528896,0.384694743435038
0.118912815872269,0.397767231669444
0.142084870590656,0.428302787460129
0.12450067294166,0.421666837271559
0.613714139158775,0.232829368965572
0.625479362724339,0.245700514624392
0.61786357070467,0.211908148226003
0.64600724742095,0.206340029471431
0.682684325906522,0.225326707666745
0.688272910224078,0.234570956132246
0.655580655762212,0.224227487932231
0.64683150421526,0.242878223739399
0.661045200353721,0.262687379171924
0.675985663677272,0.26131449142036
0.21380271424809,0.0599025045999056
0.20712131532203,0.0735702881955008
0.201811449465075,0.0375064919771575
0.18700654987738,0.0343102012772026
0.148183991351769,0.0652814871620584
0.151761492705733,0.0616604703563115
0.175519336049079,0.0621601415893956
0.185496690894439,0.0754094332334067
0.182451129344252,0.126258261360268
0.187024877508793,0.111569205892825
0.176986568079328,0.0959051024376359
0.162716483300648,0.13377444673583
0.145617369530582,0.120366812659702
0.145597573644362,0.100879876957774
0.15052631142642,0.0959748720519099
0.175180745165695,0.42650586136993
0.155258208136749,0.420084937784329
0.190383030003067,0.395656916322328
0.191572062883015,0.414216376928166
0.162761199608963,0.385303555467916
0.155164746073655,0.390154239402276
