1315,2296,2297,1860,2546,2544
580,190,578,1156,1155,1181,1182
1725,1723,1173,733,732,1132
1963,1493,1492,2565,2806,2805
2268,2269,2596,2598,2267
3098,2975,3158,3157,3153
79,76,344,343,80
1674,1678,1679,1677,1675,1676
944,943,423,446,447,443
373,831,834,374,1030,1031
687,683,260,689,690,681
2426,2425,2452,2453,2424,2427
1782,2579,2818,2817,2247,1262
3036,3133,3134,3049,3050
1890,1891,1892,1893,1894,1895
2029,2023,2033,2630,2632,2417
2486,1590,1588,1580,2090,2484
2282,1840,1841,1839,2289,2288
1212,1209,617,618,1196,1195
782,779,328,327,67
1736,630,629,1215,1746,1747
892,891,771,768,883,884
2877,2879,2881,2880,2878,2876
1178,580,1182,2221,2219
1232,863,864,396,397,398,1230
2589,2585,2584,2587,2586,2588
1461,1462,1460,1459,1456,1458,1457
2195,2194,2545,2542,2202,2204
1442,1443,1444,1441,1440
793,794,1357,1356,791,792
318,317,759,761,762
471,470,128,136,137
1112,1111,1110,1108,1109
2893,2672,2673,2674,2895
2814,2812,1784,1787,1788,2581
1080,1082,1073,502,2117,2112
1593,162,161,32,2085,2086
1303,1301,1846,1851,1852,1302
961,1505,1504,946,427,426,425
1374,1904,1903,1911,2336,2340
1504,1502,945,947,946
2450,2058,1573,1574,1017,2449
2027,2028,2029,2417,2419,2412
1214,1213,1210,1209,1212,1211
2161,2160,469,468,1622
1065,1637,1636,1060,1061,1062,1067
755,7,308,309,60
412,904,1487,1490,103,104
811,812,539,371,535
3170,3171,3131,2947,3075,3074,2948
2839,2876,2878,2391,2840
3180,3181,3178,3176,3177,3179
298,303,302,743,744,299
2515,2512,2511,2513,2514,2516
1974,1975,963,964,965,962
2069,2070,2068,2462,2459,2067
1852,1851,1850,1857,1854,1853
1738,1743,1742,1218,632,631
528,530,334,333,35,34
3083,3084,2819,2816,2817,2818
1830,1220,2229,2230,2242,2241
906,912,914,107,256,905
2685,2684,2903,2902,2687,2686
2147,2148,2146,2689,2688
198,564,565,196,197
1855,1856,750,1322,1321,296,1309
578,577,579,1158,1156
2901,2898,2675,2676,2677,2678
1054,1629,1632,1059,1057,1055
1480,903,902,1961,1960,1479
2669,2668,2666,2879,2877,2667
93,80,343,353,352,90
907,905,256,255,258,257
2817,2816,2583,2248,2247
2698,2697,2683,2051,2445,2446
3106,2981,2594,2821,2820,2592,3105
1052,1053,1054,1055,149,148
1754,1224,2321,2322,1871,2302,2307
1938,1432,1430,392,393,1937
748,747,286,1295,1293
1004,1003,1000,999,1555,1557
2719,2718,2716,2717,2720,2721
2052,1538,1539,1537,2010,2382,2383
2883,2715,2714,2713,2885
2975,2976,3080,3159,3158
1368,1369,1371,1373,1372,1370
1129,2195,2204,2203,1684,1123
429,433,708,709,277,259
512,513,514,1051,1050,521,520
1976,1974,962,955,956
3020,3015,2872,2874,2870,3009
2121,2123,2120,2119,1612,2155,2154
992,1548,1544,991,993
1231,1230,398,868,869,651
84,806,1681,1680,1119,538
3056,3060,3063,2922,2921,3055
423,424,896,895,449,446
2621,2022,2034,2609,2610,2623
136,128,130,27,135
282,281,280,279,278,283
1116,1117,1118,1114,1113,1115
2632,2630,2631,2633,2634
671,238,241,240,231,673
1966,1965,1964,1971,1972,1967,1968
539,1120,1121,542,372,371
2807,2251,2250,2249,2809
1713,1715,592,591,590,1176
1025,138,1553,1551,1008,1026
1844,290,488,1577,2457,2456,1845
1566,2436,2434,2041,2068,2070
1742,1746,1215,1216,1217,1218
2208,2206,2788,2787,2207
2101,2686,2687,2682,2696,2694
915,208,207,630,1736,1737
1583,2079,2078,1591,1027,1578
2956,2960,2951,2786,2784,2785
1954,2541,2540,1955,1953,1952
2928,2932,2744,2743,2742,2741
515,516,1109,1108,2169,2170,1653
1286,688,51,263,693,1287
194,193,1168,1170,181
617,624,628,670,669,618
122,428,429,259,699,695
3159,3080,3081,3082,3156
197,196,583,581,195
590,591,584,273,274,188
1459,2332,2599,2601,882,1456
348,347,346,350,349
769,1346,1348,788,330,335
462,73,75,458,459,463
1256,1254,1253,1270,1269,1255
984,974,1997,1994,1514,983
1376,2829,2835,2836,1375
2463,2465,2466,2727,2726,2464
1619,1623,1621,1040,1041,1042
1937,393,391,664,860,1940
1111,893,894,885,886,1110
1503,1979,1980,1501,1502,1504,1505
1564,1565,1566,2070,2069,1563
828,1923,1921,959,958,827
2090,1580,1579,2096,2094,2091
2539,2538,2537,2536,2535,2540,2541
2657,2662,2669,2667,2989,2990
1717,1718,1714,1715,1713,1716
2896,2897,2898,2901,2900,2899
2040,2613,2611,2654,2039
2428,2429,2430,2645,2652,2647
832,402,401,527,523,833
2344,829,830,1389,1920,2342
985,1521,1518,984,983,981,982
1201,672,674,230,229,1200
1585,1586,1587,1588,1590,1589
2617,2608,2402,2404,2615
2448,2449,1017,2641,2642
2419,2417,2632,2634,2416,2418
322,777,1349,1351,888,889
1939,1938,1937,1940,2368,2372
2196,2198,1316,1700,1698
1028,95,96,94,2082,2083,1584
1282,1288,1289,691,261,597,1283
1406,1672,1669,881,1103,1407
191,572,573,1177,1719
910,909,911,913,914,912
2443,2441,2661,2662,2657,2658
565,563,1184,1183,583,196
2470,2471,2733,2732,2468,2469
2284,2285,2282,2288,2287,2283
2606,2605,1567,2042,2043,2390
2295,2294,2292,2293,2297,2296
455,127,407,1462,1461,456
1008,1551,1552,1006,1007,1009
2558,2220,1179,564,198
1427,1424,1423,1422,1428,1429
2409,2414,2413,2022,2621,2620
2053,2054,1570,1538,2052
2298,2315,2317,747,748,749
1207,1758,1760,636,635,1203
1877,1875,1878,1879,1892,1891
2010,1537,1536,1534,2011
2520,491,481,1005,2144,2521
2399,1556,1010,1011,1012,1554,2398
561,562,1303,1302,571,570
925,922,254,253,918,920
2110,2109,1594,2100,2759,2761
1795,2275,2274,1411,1402,847
2770,1599,1598,1600,2125,2771
896,1482,1483,1476,1475,897,895
1208,1727,1729,1733,2228,2227
297,296,1321,1319,735,304
582,1188,1187,1711,1712,1168,193
391,1451,1452,876,665,664
2002,2374,2377,2005,2004,2003
808,809,813,812,811,810
981,983,1514,1515,987
1122,1686,1685,1682,2970,2969
1175,1176,590,188,189,575
2754,2756,2940,3181,3180,2755
37,367,366,38
1261,1779,1781,1470,1664,1665
541,540,91,829,2344,2343,39
2603,2604,1259,676,678,45
76,77,78,341,344
1458,1456,882,408,409
3144,2581,1788,1791,2808,3142
2274,2271,1408,1409,1410,1411
310,63,62,319,759,317
487,1564,1563,489,52
2424,2453,2448,2642,2859,2862
2951,2949,2531,2182,2183,2786
1081,1072,1075,1074,1073,1082
836,835,838,837,1393,1390
2351,2350,1935,1934,2365,2366
2377,2378,2006,1533,1532,2005
1528,1529,2002,2003,1530,1531
1865,1864,2853,2999,3001,1866
1392,832,833,834,831,1391
740,1300,1299,2028,2027,1326
1893,1353,326,66,1894
1668,1667,1471,1472,1473,1474
2910,2912,2911,3025,3023,2909
1632,1631,509,507,1058,1059
2619,2403,2614,2613,2040,2618
2278,1800,1265,1264,1802,2276
2659,2658,2657,2990,2988,2660
2804,2800,2564,2231,2232
377,378,840,839,381,380
426,427,121,439,435,120
2578,3088,3085,2579,1782,1783
3077,2780,2520,2521,3078
1265,2253,2589,2588,659,1264
182,1166,1167,552,551,183
529,531,532,533,530,528
690,689,688,1286,1285
1829,633,634,1220,1830,1833
202,600,601,602,611,607
802,2326,1896,799,74
556,6,55,1847,1846,1301
1340,1341,1342,1345,1344,1343
587,53,269,266,585
879,1104,1674,1676,1648,880
1581,1584,2083,2079,1583,1582
1298,1297,1843,1842,1299,1300
594,593,282,283,588,586
1347,1886,1883,1348,1346
1113,1114,519,158,159,160
2212,2213,2210,2211,2548,2549
2422,1559,1013,1014,1015,2420
3008,3006,3005,3115,3114,3007
2665,2664,2706,2707,2048,2438
2151,2499,2498,147,1610,2150
7,65,63,310,308
2049,2047,1540,1541,1542
840,853,854,1399,1396,839
156,150,498,1064,1063,495,157
464,463,459,461,407,127
1614,1617,1618,1613,1616,1615
2146,1609,2153,2905,2906,2689
508,505,153,1643,1644,1077
489,1563,2069,2067,1577,488
1705,1704,1708,1707,1706,1703
1073,1074,151,146,492,502
2830,3110,3108,2986,2832,2831
874,1087,1088,1083,660,875
849,850,855,857,384,383
2168,2167,490,1628,1627
22,21,49,432,430
2074,2075,2076,2077,2473,2474
270,291,292,4,5,268
689,260,436,437,123,51,688
2911,2731,2680,2681,2892,3024,3025
871,395,100,1035,1033,870
3161,3163,3165,3164,3162,3160
964,1503,1505,961,960,965
554,550,1136,1137,1146,1145
1777,1804,1805,1792,1793,1774
2573,2978,3147,3148,3089,2577
340,12,364,359,351,342
657,1764,1765,1252,1249,658
3043,3140,3141,3046,3042,3041
2605,2607,2393,2392,1567
822,827,958,957,1506,1508
738,301,739,1324,1323,737
1382,82,11,10,9,1377
2330,2329,1248,656,1257,1907
2598,2596,2954,2959,2958,2597
1552,1554,1012,483,484,1006
201,199,40,185,187
2977,2580,2810,2813,2815
2518,2143,482,138,1025,2517
2641,1017,1574,1575,1018,1019,2640
204,205,647,649,206
693,263,694,697,262,692
4,292,293,56,55,6
2265,2264,1412,1413,1798
3136,3179,3177,3185,3197,3196
2994,2987,2839,2840,2991
44,45,678,679,244,43
2769,2771,2125,2127,2126,2500
1607,2133,2134,1603,1037,1605
2117,502,492,494,493,2116
2964,1697,2550,2209,2965
2371,2372,2368,2370,2369
1670,1101,1098,518,517,881,1669
209,631,632,616,615,215,216
1248,1247,1243,1768,1766,656
2527,2528,1661,2177,2173,2180
3061,3065,3064,3062,3063,3060
1103,881,517,516,515,1102
3197,3185,3184,3183,3182,3195
2113,2112,2117,2116,2115,2114
2468,2732,2734,2735,2454,2061
703,1192,1189,593,594,595
167,168,166,531,529,165
642,639,1601,1602,640,641
2142,2516,2514,2141,2466,2465
94,373,1031,2080,2082
1186,1721,1720,1710,1711,1187
2565,1492,916,915,1737,2566
3148,3149,3087,3086,3085,3088,3089
1281,1279,1277,1278,1280
1162,1163,1165,1164,1161,1167,1166
2629,2620,2621,2623,2622,2628
916,919,1214,1211,208,915
3157,3158,3159,3156,3189,3191,3155
11,369,368,87,85,10
2065,2469,2468,2061,2063,1576
2887,2886,2663,2666,2668
3169,3130,3132,3131,3171
2870,2874,2873,2869,2868,2867
506,176,175,31,153,505
153,31,1070,1646,1643
2940,2942,2941,3066,3178,3181
2017,1550,1549,994,2014
1553,2395,2398,1554,1552,1551
1513,336,1511,1512
1069,534,141,501,1068
2498,2497,1045,1044,1043,147
2008,1509,457,125,126,2007
3191,3189,3186,3187,3188,3190
1729,1731,1202,1205,1734,1733
1378,1377,9,77,76,79,803
523,527,526,522,525,524
1805,1803,1263,2272,2273,1792
1396,1399,1398,1400,1401,1397
644,645,721,722,295,1307,1306
978,979,969,1996,1997,974
2778,3072,3073,2946,2776,2775,2777
2836,2835,2838,2837,2834,2833
2304,2303,2312,2316,2301
634,219,1208,2227,2229,1220
707,1831,2240,2239,1756,706
3054,3055,2921,2655,2866,2865
1251,2280,2281,1804,1777,1778
1506,957,1497,1498,1986,1984
354,342,351,2349,2347
3059,3057,3056,3055,3054,3058
2908,3040,3193,3192,3038,2907
3116,2875,3013,3017,3018,3117
2352,2353,2355,2354,2361,2360
432,49,50,711,708,433
2238,2237,641,640,19,1753
2475,2474,2473,2935,2933,2745
1404,1407,1103,1102,1107,1106
3045,2919,2918,2917,3048
1440,1441,852,850,849,851
476,478,133,475
1776,1778,1777,1774,1773,1775
739,741,740,1326,1324
2297,2293,1862,1863,1861,1860
1841,1838,1837,1836,1835,1839
2435,2432,2433,2431,2434,2436
3064,2920,3137,3140,3043,3062
1472,1465,890,891,892,1473
1296,285,289,1297,1298,1292
2616,2617,2615,2852,2855
2042,1567,2392,2992,2384,1022
2197,1016,2626,2624,300,2199
2287,2288,2289,2291,2290,2286
367,816,814,809,808,366
1906,1905,1902,1903,1904
1385,1383,1384,1386
3134,3135,2920,3064,3065,3049
1033,1035,1034,2485,2483,1032
1721,1722,2222,2798,2797,1720
256,107,46,249,247,255
3097,3098,3153,3154,3096
1243,1245,1246,1244,1769,1768
1751,1753,19,29,139,1222
1905,1376,1375,801,1902
2430,2427,2424,2862,2863,2645
2963,2962,2964,2965,2966
1651,1650,1094,1091,511,1089
2447,2700,2703,2718,2719,2714,2715
2511,2481,2482,2093,1608,2513
3047,3048,2917,2731,2911,2912
381,839,1396,1397,845,846
3109,3111,3113,3112,3108,3110
1837,3,210,211,1828,1836
1105,1106,1107,1678,1674,1104
2888,2890,2891,2889,2886,2887
2439,2440,2447,2715,2883,2882
1151,5,4,6,556,1150
1977,1992,1989,1973,1978
2537,2785,2784,2185,2184,2536
495,1063,1066,496,497
385,851,849,383,99,17
1712,1711,1710,2218,2214,1709
2563,2566,1737,1736,1747,1745
890,1343,1344,772,771,891
2181,2526,2527,2180,2179,2178
2661,2671,2888,2887,2668,2669,2662
452,451,948,951,445,444
1390,1393,1392,1391,1394,1395
1985,1987,1966,1968,1982,1983
100,841,844,102,1034,1035
46,245,246,47,250,249
1438,1426,1427,1429,1433,1435
1761,1233,1231,651,650,1763
1284,1283,597,596,598
224,41,865,863,1232,1234
2059,3118,3119,2437,1573,2058
195,581,582,193,194
3123,2729,2730,2845,2998,3122
1323,1324,1326,2027,2412,2411,1325
521,1050,1052,148,158,519
1463,767,1340,1343,890,1465
1517,977,978,974,984,1518
902,108,917,1962,1961
51,123,122,695,694,263
837,405,402,832,1392,1393
2881,2438,2048,2047,2049,2880
2842,2442,2443,2658,2659,2843
2324,1223,2233,2235,1868,2319
2095,1578,1027,2102,2103,2097
2602,1907,1257,1258,1259,2604
2370,2368,1940,860,859,1445,1956
996,1009,1007,995,997,998
421,928,929,908,923,927
1249,1252,1251,1778,1776,1250
956,955,954,1279,1281
1226,2244,2245,645,644,643
1085,1084,512,520,1118,1117
1488,1748,2232,2231,1739,1741,1489
963,966,1981,1979,1503,964
2670,2678,2677,2890,2888,2671
3067,2105,2106,2108,2752,3068
3108,3112,3104,2984,2985,2986
1788,1787,1785,1786,1790,1791
83,370,369,11,82
2674,2673,2670,2671,2661,2441
208,1211,1212,1195,1197,207
665,876,877,661,236,667
2226,2225,1732,1224,1754,1755
659,2588,2586,2266,1796
336,8,73,462,971,1511
492,146,145,2164,2162,494
610,604,41,224,223,609
2586,2587,2263,2262,2264,2265,2266
2961,2955,2950,2949,2951,2960
1849,1305,1858,1857,1850
2763,2760,2758,2493,2492,2768
161,163,157,495,497,32
33,524,525,162,1593,1592
21,445,951,950,411,50,49
1714,595,594,586,592,1715
2153,2154,2155,3028,3027,2905
1335,1339,1355,1888,1889
3026,3035,3031,3129,3126
1785,314,315,320,765,764,1786
1398,18,15,16,1400
674,675,234,225,227,230
1696,1145,1146,1144,1694,1695
384,857,858,853,840,378
2721,2720,2710,2709,2711,2712
511,1091,1092,155,514,513
118,119,117,898,1485,1484
2675,2057,2056,2440,2439,2676
1394,1391,831,373,94,96
334,795,1358,1357,794,333
636,1760,1762,221,638,637
1988,1990,1985,1983,1981,966
926,927,923,922,925,924
2004,2005,1532,930,931,419
867,873,872,2138,2139,2136
551,552,553,1133,1136,550
1139,1141,1140,1688,1689,1143,1142
2245,2246,1219,720,721,645
2386,2381,2012,2385
1536,1535,2015,2394,1534
3178,3066,3067,3068,3069,3176
1843,1844,1845,2026,2024,1842
1479,1960,2802,2801,1477
1169,1709,2214,2216,1165,1163
2813,2810,2811,2812,2814,2973,2972
1478,1477,2801,2803,1749,413
781,785,786,328,779
830,90,352,1932,1933,1389
2044,2867,2868,1024,1568
599,1198,1199,601,600
1090,1089,511,513,512,1084
1618,1620,1619,1042,1613
1217,1216,202,607,606,203
1641,1644,1643,1646,1647,1645,1642
271,267,268,5,1151,1152,560
536,535,371,372,820,818
2175,2174,167,165,171,1657
990,993,991,989,1549,1550
2092,2091,2094,2099,2089
1694,1144,1125,2193,2192
1007,1006,484,480,479,995
3132,3029,2149,2781,2947,3131
1034,102,1589,1590,2486,2485
2733,2740,2926,2924,2734,2732
817,807,806,84,815
288,52,489,488,290
2822,3093,3094,2978,2573,2823
1903,1902,801,800,1912,1911
677,658,1249,1250,1253,1254
158,148,149,150,156,159
38,366,808,810,537
2406,2405,2410,2414,2409,2408
698,699,259,277,2285,2284,275
825,1924,1923,828,826
109,116,115,110,901,900
1784,307,312,314,1785,1787
2357,2367,2362,1936,2356
1357,1358,1360,1359,1356
694,695,699,698,696,697
628,627,239,238,671,670
606,607,611,610,609,608
1437,1439,1438,1435,1434,1436
1636,1639,1076,503,1060
2857,2618,2040,2039,2858
1332,1331,1294,1291,752,753
24,425,426,120,684,685
704,705,707,706,719,717
1087,1649,1651,1089,1090,1088
1661,1660,1659,1658,2176,2177
1448,1447,235,835,836,375,20
2742,2743,3051,3052,2472
1430,1431,848,1454,1453,392
576,1174,1175,575,574,573,572
2019,2020,2021,2397,2396,2018
2254,2590,2591,2255,2256,2257
2361,2354,2351,2366,2367,2357
3010,3019,3020,3009,3012,3011
3012,3009,2870,2867,2044,2045,2046
2273,2272,2270,2271,2274,2275
1342,1336,1335,1889,1887,1345
2914,3041,3042,2913,2916,2915
3137,3138,3139,3141,3140
332,331,70,780,778,69
686,685,684,683,687
1408,1414,1954,1952,1425,1409
1982,1968,1967,1495,1501,1980
2043,2042,1022,1023
3189,3156,3082,2974,3090,3186
1179,1180,566,563,565,564
396,222,42,394,397
1998,2001,2000,1999,2009,2376,2375
375,836,1390,1395,376
3177,3176,3069,2753,3184,3185
2968,2971,2962,2963,2791,2790
1058,507,508,1077,1640,1638
1010,28,1,134,1011
2548,2211,2555,1702,2551
691,692,262,700,701,265,261
780,781,779,782,783,778
406,410,2333,2332,1459,1460
3128,3160,3162,2702,2701,2524
171,165,529,528,34,170
2149,2150,1610,1611,2779,2781
1070,1071,1069,1068,1647,1646
212,213,216,215,214,218,217
2540,2535,1948,1946,1955
774,1874,1876,776,325,773
2808,1791,1790,1789,2251,2807
3071,2948,3074,3076,2943,3070
955,962,965,960,453,454,954
493,494,2162,2163,1626,1046
2832,2986,2985,2258,2259,2260
2482,2484,2090,2091,2092,2093
2593,2824,2823,2573,2577,2576,2574
1808,1272,1821,1816,1813
154,1654,1656,172,1048,1049
2223,570,571,569,2559,2560
3024,2892,2893,2895,2894,3022
3139,3044,3045,3048,3047,3046,3141
1269,1270,1271,1272,1808,1810
897,1475,1478,413,106,105
991,1544,1543,477,478,476,989
883,768,770,798,887
2259,2258,2252,2253,1265,1800
2797,2798,2799,2794,2793,2796,2795
1814,1813,1816,1817,1811,1812
239,1267,1268,243,241,238
807,1917,1915,1681,806
1204,1203,635,1223,2324,2323
1118,520,521,519,1114
2575,2578,1783,2782,2952,2953
1706,1707,561,570,2223,2224
1758,1759,1761,1763,1762,1760
1673,1671,1670,1669,1672
953,952,1750,1748,1488,1487,904
1271,1775,1773,1820,1821,1272
185,40,1717,1716,1174,576,186
3100,2979,2980,2981,3106,3107
496,1066,1067,1062,504,2507,2506
2980,2261,2825,2826,2594,2981
2633,2631,2415,2423,2636,2637
241,243,242,387,388,240
986,987,1515,1516,1522,1525
2569,1755,1754,2307,2306,2567
2088,2132,2503,2502,2128,2087
3135,3172,3175,3138,3137,2920
3038,3192,3194,3133,3036,3037
1623,1622,468,988,1621
2128,2502,2501,2131,2130,2129
3120,3122,2998,2995,2996,2997
2508,2506,2507,2773,2774,2510,2509
3194,3195,3182,3172,3135,3134,3133
1153,1703,1706,2224,2222,1722
2071,2463,2464,2929,2930,2072
1569,1026,1008,1009,996,1571
2863,2862,2859,2860,2861,2864
1476,1480,1479,1477,1478,1475
1770,1771,1242,1245,1243,1247
2025,2066,2064,2030,2032
1595,2129,2130,2148,2147,1596,1597
2954,2953,2952,2955,2961,2959
614,612,204,206,1730,1728
134,1,473,1545,1547
1510,968,455,456,457,1509
55,56,57,1304,1848,1847
1497,1931,1930,1500,1499,1498
2303,2302,1871,1870,2313,2312
152,499,500,140,2,30
18,20,375,376,97,15
1848,1304,1306,1307,1305,1849
1218,1217,203,613,616,632
2630,2033,2032,2030,2031,2415,2631
1045,1625,1624,2156,2157,1044
225,234,233,226,652,1237,1236
2514,2513,1608,2754,2755,2480,2141
2501,2500,2126,2122,1036,2131
2638,2637,2636,2635,2848,2849
2553,3003,3004,2556,2554
2155,1612,2152,3030,3028
701,700,1194,1192,703,702
1121,2191,2190,540,541,542
1999,1510,1509,2008,2009
2943,3076,3079,2523,2522,2944
3114,3115,3116,3117,3119,3118
2317,2318,2309,287,286,747
866,1239,1240,864,863,865
2989,2667,2877,2876,2839,2987
1242,2595,2830,2831,1246,1245
1096,2178,2179,1097,1093
1681,1915,1914,2187,2189,1680
2572,2571,2569,2567,2568,2570
2078,2081,2074,2474,2475,1591
2326,2325,1897,1896
2320,2323,2324,2319,2322,2321
1277,682,686,687,681,680,1278
337,1513,1512,980,975
2859,2642,2641,2640,2639,2860
1801,2260,2259,1800,2278,2277
2240,2241,2242,2571,2572,2239
3070,2943,2944,2945,2946,3073
2120,2118,2495,2496,2119
754,755,60,61,59
653,98,377,380,379,654
1740,1738,631,209,414
3034,3032,3033,3168,3166,3031,3035
2045,2044,1568,2037
1819,1794,1795,847,1274,1818
2672,2900,2901,2678,2670,2673
2190,2188,804,92,91,540
1428,1422,1421,848,1431
1294,1293,1295,1296,1292,1290,1291
1835,1836,1828,1829,1833,1834
2228,1733,1734,1735,1732,2225
113,111,420,418,116,109
365,972,986,1525,1524,361
696,698,275,1191,1193
2892,2681,2899,2900,2672,2893
1219,2305,2304,2301,2300,720
103,1490,1491,415,210,3
1769,1244,1801,2277,2279,1767
1924,1925,1922,1921,1923
2381,2382,2010,2011,2012
2787,2788,2790,2791,2789,2792
1487,1488,1489,1491,1490
1290,1292,1298,1300,740,741
2083,2082,2080,2081,2078,2079
3173,2766,2767,2073,2467,3174
2666,2663,2665,2438,2881,2879
976,975,980,979,978,977
789,790,784,786,785
218,214,1726,1727,1208,219
1259,1258,657,658,677,676
946,947,442,440,121,427
2396,2397,2399,2398,2395
467,985,982,973,466
819,39,2343,2345,1387
933,906,905,907,908,929
2,140,142,143,144
1481,1484,1485,1486,1483,1482
752,1291,1290,741,739,301
1268,1812,1811,668,242,243
2767,2768,2492,2693,2692,2073
258,255,247,248,620,622
2106,2107,2111,2110,2761,2762,2108
1933,1932,2348,2355,2353
2967,2969,2970,2971,2968
1289,1287,693,692,691
388,387,1442,1440,851,385,386
2250,773,325,324,323,2249
845,1397,1401,101,843
655,654,379,382,42,222
3113,3107,3106,3105,3104,3112
1013,2062,2723,2724,2060,1014
2853,2854,2855,2852,2856,3000,2999
2467,2073,2692,2919,3045,3044
16,15,97,95,1028,1029
3031,3166,3167,3163,3161,3129
1861,1863,2407,2627,2626,1016
2300,2301,2316,2315,2298,2299
1383,818,820,819,1387,1388,1384
2373,2375,2376,2378,2377,2374
1215,629,599,600,202,1216
2692,2693,2690,2691,2918,2919
2094,2096,2095,2097,2098,2099
401,403,1116,1115,526,527
306,59,61,313,312,307
323,324,322,889,1468,1467
1125,1124,549,1122,2969,2967,2193
2139,2138,2137,2512,2515,2140
597,261,265,264,200,596
2531,2532,1260,1099,1100,2182
2404,2402,2401,2612,2614,2403
949,106,413,1749,1750,952
1828,211,212,217,633,1829
1691,1127,1128,1126,1692
1310,298,299,2292,2294
1051,1049,1048,1047,1053,1052,1050
2937,2936,2088,2087,2477,2748
2706,2704,2712,2711,2705,2708,2707
721,720,2300,2299,723,722
1501,1495,1496,941,945,1502
1185,567,1153,1722,1721,1186
2242,2230,2226,1755,2569,2571
2988,2990,2989,2987,2994,2993
1402,1411,1410,1439,1437,1419
842,846,845,843,844,841
936,935,1481,1482,896,424
1370,1372,410,406,460
1514,1994,2001,1998,1516,1515
3150,3092,3145,3146,3087,3149
2388,2387,2386,2385,2389
504,1062,1061,1079,1078,1598,1599
2456,2457,2458,2471,2470,2455
2050,3127,3128,2524,2056,2057
1164,1159,1130,1140,1141,1161
1548,1547,1545,1546,1543,1544
2827,3095,2261,2980,2979
1527,1523,2373,2374,2002,1529
1596,2147,2688,2904,2903,2684
2736,3058,3054,2865,3005,3006
2179,2180,2173,2172,1655,1097
116,418,421,927,926,115
2483,2485,2486,2484,2482,2481
338,71,976,977,1517,1519
804,803,79,80,93,92
3001,2999,3000,3002,3004,3003
630,207,1197,1198,599,629
2695,2694,2696,2697,2698,2699
1992,1993,1991,1990,1988,1989
2746,2745,2933,2934,2749,2747
2626,2627,2629,2628,2625,2624
2125,1600,2113,2114,2124,2127
3016,3121,3120,2997,2872,3015
1019,1018,2038,1560,1561
2348,2347,2349,2350,2351,2354,2355
72,337,975,976,71
1015,1014,2060,2451,2452,2425
1878,1881,1882,1880,1879
2328,1910,1770,1247,1248,2329
2799,2560,2559,2561,2562,2794
325,776,777,322,324
882,2601,2603,45,44,408
1630,173,174,510,509,1631
2852,2615,2404,2403,2619,2856
2904,2688,2689,2906,3033,3032
1181,1155,1154,568,566,1180
13,86,89,467,466,14
1405,1404,1106,1105,400
2886,2889,2884,2664,2665,2663
2021,1557,1555,1556,2399,2397
2730,2909,3023,3021,2844,2845
2137,1032,2483,2481,2511,2512
2269,2574,2576,2575,2953,2954,2596
2582,2249,323,1467,1780
1043,1044,2157,2158,1620,1618,1617
1570,1571,996,998,1539,1538
2104,2750,2751,2479,2111,2107
1206,648,1229,1759,1758,1207
1716,1713,1176,1175,1174
346,112,114,117,119,350
547,544,545,543,546
2026,1845,2456,2455,2066,2025
1075,1642,1645,499,152,151,1074
1741,1739,1744,1743,1738,1740
1635,1638,1640,1639,1636,1637
442,443,447,448,441,440
2611,2648,2650,2653,2654
1196,618,669,672,1201
2555,2552,2553,2554,1702
3154,3153,3157,3155,3152,3151
302,734,736,745,743
1634,1633,1630,1631,1632,1629
2306,2307,2302,2303,2304,2305
449,895,897,105,450
2891,2882,2883,2885,2884,2889
1895,1894,66,321,766,1350
2173,2177,2176,2174,2175,2172
1423,1947,1951,1420,1421,1422
3081,2815,2813,2972,2974,3082
1079,1081,1082,1080,1078
1005,481,1001,1004,1557,2021,2020
1756,2239,2572,2570,2243,1757
1417,1415,1939,2372,2371,1416
361,1524,1526,358,363
2599,2600,2602,2604,2603,2601
2379,2380,2383,2382,2381,2386,2387
1030,374,33,1592,2076,2075
973,982,981,987,986,972
2184,2185,1673,1672,1406,1403
888,1351,1352,767,1463,1464
1108,1110,886,2529,2525,2169
28,27,130,131,473,1
1189,1190,276,281,282,593
2819,2809,2249,2582,2583,2816
2576,2577,3089,3088,2578,2575
3094,3190,3188,3147,2978
2734,2924,3059,3058,2736,2735
2652,2645,2863,2864,2646,2651
1684,2203,2201,1687,1685,1686
229,230,227,228,605,603
2203,2204,2202,2200,2201
217,218,219,634,633
205,608,609,223,646,647
776,1876,1877,1891,1890,1349,777
78,13,14,12,340,341
2491,2489,2488,2487,2490
621,622,620,625,626,619
710,713,1838,1841,1840
1507,1508,1506,1984,1991,1993
2976,2977,2815,3081,3080
1299,1842,2024,2023,2029,2028
1450,880,1648,1649,1087,874,1449
2829,3102,2983,2838,2835
286,287,284,285,1296,1295
1260,1261,1665,1666,1099
2496,2495,2494,2497,2498,2499
1773,1774,1793,1794,1819,1820
517,518,1112,1109,516
1766,1768,1769,1767,1765,1764
1652,2171,2181,2178,1096,1095
1168,1712,1709,1169,1171,1170
2519,2517,1025,1026,1569,1572
2222,2224,2223,2560,2799,2798
1971,1970,1969,1494,1972
662,663,404,403,401,402,405
1700,1316,1865,1866,1317,1701
2933,2935,2938,2939,2936,2937,2934
894,1474,1473,892,884,885
57,643,644,1306,1304
2478,2476,1595,1597,1594,2109
855,856,1958,1959,858,857
1253,1250,1776,1775,1271,1270
1886,1887,1889,1888,1884,1885,1883
571,1302,1852,1853,58,569
293,294,1225,1226,643,57,56
2270,1799,1798,1413,1414,1408,2271
2594,2826,3151,3152,3093,2822,2821
1202,1206,1207,1203,1204,1205
1892,1879,1880,1353,1893
199,200,264,589,1718,1717,40
2609,2638,2849,2851,2610
2098,2097,2103,2491,2490,2941,2942
1973,1989,1988,966,963,1975
1693,1692,1126,1315,2544,2545,2194
362,363,358,357,356,355
1662,1668,1474,894,893
2162,2164,2166,2167,2168,2165,2163
823,1507,1993,1992,1977
744,743,745,746,2405,2406,742
1418,1419,1437,1436,1945,1941
791,1356,1359,36,180
1620,2158,2161,1622,1623,1619
2765,2764,2763,2768,2767,2766
145,30,2,144,2166,2164
923,908,907,257,254,922
1321,1322,1320,1318,1319
862,1276,1275,861,1444,1443
1811,1817,1815,1276,862,668
1522,1516,1998,2375,2373,1523
2580,757,756,2811,2810
2055,1572,1569,1571,1570,2054
2894,2895,2674,2441,2443,2442
1452,1449,874,875,877,876
1330,749,748,1293,1294,1331
557,1149,1148,562,561,1707,1708
352,353,354,2347,2348,1932
1797,1796,2266,2265,1798,1799
2851,2849,2848,2846,2847,2850
3021,3022,2894,2442,2842,2844
1648,1676,1675,1650,1651,1649
2535,2536,2184,1403,1949,1948
2473,2077,2084,2505,2938,2935
574,575,189,577,578,190
1365,1364,1361,1362,1363
2926,2925,2923,3057,3059,2924
509,510,506,505,508,507
3124,3123,3122,3120,3121
1388,1387,2345,2346,1919,1922,1925
2720,2717,2055,2054,2053,2710
2713,2714,2719,2721,2712,2704
2331,2327,2330,1907,2602,2600
1825,1822,1823,1824,1827
1348,1883,1885,790,789,787,788
1862,742,2406,2408,2407,1863
484,483,992,993,990,480
2068,2041,2927,2928,2741,2461,2462
568,1154,1705,1703,1153,567
189,188,274,272,579,577
918,253,621,619,1210,1213
2931,2907,3038,3037,2744,2932
26,1457,1458,409,911,909
181,1170,1171,544,547
2820,2821,2822,2823,2824
2649,2647,2652,2651,2650,2648
2103,2102,2746,2747,2489,2491
2545,2544,2546,2547,2543,2542
2281,2276,1802,1803,1805,1804
2861,2860,2639,1562,2644
1413,1412,2539,2541,1954,1414
2367,2366,2365,2364,2363,2362
1655,2172,2175,1657,1656,1654
1173,1172,724,1313,1314,733
1130,1131,1690,1688,1140
1083,1088,1090,1084,1085,1086
1656,1657,171,170,169,172
735,1319,1318,738,737,736,734
1793,1792,2273,2275,1795,1794
1136,1133,1134,1135,1138,1137
723,2299,2298,749,1330,1327
1539,998,997,1535,1536,1537
2584,2267,2598,2597,2263,2587
246,1255,1269,1810,1809,47
921,920,918,1213,1214,919
305,304,735,734,302,303
948,949,952,953,950,951
2084,2086,2085,2508,2509,2505
1197,1195,1196,1201,1200,1199,1198
1063,1064,1065,1067,1066
232,386,385,17,226,233
1157,558,557,1708,1704
816,817,815,814
1616,1613,1042,1041,1039,1038
1945,1436,1434,1415,1417,1944
1627,1628,469,2160,2159
1575,3011,3012,2046,2038,1018
177,178,534,1069,1071
2480,2755,3180,3179,3136,3039,2728
950,953,904,412,411
1688,1690,1691,1692,1693,1689
1152,1151,1150,1148,1149
525,522,164,163,161,162
438,23,22,430,431,434
1846,1847,1848,1849,1850,1851
407,461,460,406,1460,1462
970,971,462,463,464,465
2454,2735,2736,3006,3008,2722
559,560,1152,1149,557,558
53,54,714,715,291,270,269
1957,1956,1445,1447,1448,1446
164,160,159,156,157,163
126,125,26,909,910,417,25
1997,1996,1995,2000,2001,1994
2494,1046,1626,1625,1045,2497
2591,2593,2574,2269,2268,2255
1228,1235,1233,1761,1759,1229
370,1365,1363,368,369
1824,1823,1285,1286,1287,1289,1288
1352,1350,766,1341,1340,767
139,29,1604,2432,2435,1020
1401,1400,16,1029,1586,1585,101
2135,2136,2139,2140,2134,2133
1468,889,888,1464,1466,1469
351,359,360,1935,2350,2349
2189,2187,2186,2188,2190,2191
2206,2192,2193,2967,2968,2790,2788
563,566,568,567,1185,1184
2080,1031,1030,2075,2074,2081
1266,1807,1814,1812,1268,1267
316,311,318,762,763,320,315
2063,2061,2454,2722,2723,2062
1061,1060,503,1072,1081,1079
3095,3097,3096,2825,2261
1012,1011,134,1547,1548,992,483
1900,1901,1899,1898
1606,1607,1605,2433,2432,1604
2923,3053,3061,3060,3056,3057
398,397,394,395,871,868
620,248,252,48,623,625
144,143,490,2167,2166
514,155,154,1049,1051
2229,2227,2228,2225,2226,2230
2263,2597,2958,2957,2534,2262
1612,2119,2496,2499,2151,2152
420,419,931,928,421,418
343,344,341,340,342,354,353
548,1123,1684,1686,1122,549
2683,3125,3127,2050,2051
2866,2655,2656,3014,3013,2875
2333,2334,2335,2331,2600,2599,2332
2130,2131,1036,1609,2146,2148
360,362,355,1934,1935
2413,2418,2416,2034,2022
1594,1597,1596,2684,2685,2100
2739,2738,2737,2925,2926,2740
1577,2067,2459,2460,2458,2457
1520,1519,1517,1518,1521
1608,2093,2092,2089,2756,2754
2775,2776,2519,1572,2055,2717,2716
265,701,702,589,264
1191,275,2284,2283,276,1190
1809,1810,1808,1813,1814,1807,1806
479,480,990,1550,2017,2016
1732,1735,2320,2321,1224
3000,2856,2619,2618,2857,3002
1119,1680,2189,2191,1121,1120
1922,1919,1927,1926,959,1921
844,843,101,1585,1589,102
2126,2127,2124,2123,2121,2122
1493,921,919,916,1492
1870,1869,1867,2311,2314,2313
454,453,24,685,686,682
2030,2064,2065,1576,1558,2031
498,1056,1635,1637,1065,1064
2221,1182,1181,1180,1179,2220
942,934,936,424,423,943
3086,3087,3146,3143,3084,3083
537,810,811,535,536,821
3007,3114,3118,2059,2725
3030,2152,2151,2150,2149,3029
491,1615,1616,1038,1001,481
1236,1237,1238,1240,1239
3145,3144,3142,3143,3146
1765,1767,2279,2280,1251,1252
2784,2786,2183,1671,1673,2185
969,970,465,967,1995,1996
1143,1689,1693,2194,2195,1129
2256,2255,2268,2267,2584,2585
2505,2509,2510,2504,2939,2938
647,646,1228,1229,648,649
1532,1533,25,417,932,930
2214,2218,2217,2215,2216
1868,2235,2236,1752,1867,1869
457,456,1461,1457,26,125
416,414,209,216,213
1626,2163,2165,1624,1625
1425,1952,1953,1424,1427,1426
1601,2135,2133,1607,1606,1602
2841,2843,2659,2660,2393,2607
1588,1587,1581,1582,1579,1580
2165,2168,1627,2159,2156,1624
2708,2705,2379,2387,2388,2013
2677,2676,2439,2882,2891,2890
2124,2114,2115,2118,2120,2123
2207,2787,2792,2205
2279,2277,2278,2276,2281,2280
31,175,179,177,1071,1070
2466,2141,2480,2728,2727
2216,2215,1160,1159,1164,1165
99,383,384,378,377,98
88,339,1520,1521,985,467,89
1235,1234,1232,1230,1231,1233
1919,2346,2342,1920,1928,1927
121,440,441,124,23,438,439
1036,2122,2121,2154,2153,1609
1524,1525,1522,1523,1527,1526
2737,2472,3052,3053,2923,2925
2336,1911,1912,1913,1910,2328,2339
545,1162,1166,182,543
482,2018,2396,2395,1553,138
244,679,1256,1255,246,245
500,501,141,142,140
2868,2869,2390,2043,1023,1024
2811,756,306,307,1784,2812
359,364,365,361,363,362,360
2358,2356,1936,1970,1971,1964
278,279,704,717,714,54
1155,1156,1158,1157,1704,1705,1154
1854,1857,1855,1309,1308
1057,1059,1058,1638,1635,1056
2503,2772,2769,2500,2501,2502
61,60,309,311,316,313
958,959,1926,1931,1497,957
1710,1720,2797,2795,2217,2218
1888,1355,1354,1884
2743,2744,3037,3036,3050,3051
3162,3164,3072,2778,2702
1995,967,968,1510,1999,2000
592,586,588,587,585,584,591
2930,2929,2931,2932,2928,2927
638,221,220,639,642
1466,1464,1463,1465,1472,1471
1699,1698,1700,1701,2210,2213
2210,1701,1317,2552,2555,2211
276,2283,2287,2286,280,281
2156,2159,2160,2161,2158,2157
2696,2682,3026,3126,3125,2683,2697
2364,345,348,349,422,2363
3104,3105,2592,2590,2254,2984
1227,1757,2243,2244,1226,1225
2325,1900,1898,1367,1366,1897
309,308,310,317,318,311
1246,2831,2832,2260,1801,1244
732,733,1314,1312,1128,1127
389,1416,2371,2369,1958,856
2362,2363,422,938,940
684,120,435,436,260,683
1934,355,356,345,2364,2365
3052,3051,3050,3049,3065,3061,3053
1433,1429,1428,1431,1430,1432
626,625,623,627,628,624
1859,751,1328,1329,750,1856
719,706,1756,1757,1227,718
1610,147,1043,1617,1614,1611
1960,1961,1962,1963,2805,2802
356,357,81,347,348,345
1639,1640,1077,1644,1641,1076
262,697,696,1193,1194,700
666,667,236,838,835,235
917,924,925,920,921,1493,1963,1962
2614,2612,2649,2648,2611,2613
1100,1099,1666,1663,1098,1101
872,870,1033,1032,2137,2138
1434,1435,1433,1432,1938,1939,1415
2525,2529,2530,2528,2527,2526
3102,3103,2982,2983
2314,2311,2310,2308,2309,2318
2543,2547,2197,2199,2198,2196
858,1959,1957,1446,854,853
2407,2408,2409,2620,2629,2627
473,131,474,1546,1545
23,124,444,445,21,22
2950,2783,2533,2532,2531,2949
1349,1890,1895,1350,1352,1351
623,48,1266,1267,239,627
2916,2913,2910,2909,2730,2729
223,224,1234,1235,1228,646
1002,472,471,137,1000,1003
2985,2984,2254,2257,2252,2258
2504,2510,2774,2772,2503,2132
1762,1763,650,399,220,221
1496,1494,942,943,944,941
1901,1906,1904,1374,1899
886,885,884,883,887,2530,2529
2679,2444,2446,2445,2897,2896
2723,2722,3008,3007,2725,2724
2038,2046,2045,2037,1560
805,83,82,1382,1381
2762,2761,2759,2757,2758,2760
12,14,466,973,972,365,364
2489,2747,2749,2750,2104,2488
1131,1132,732,1127,1691,1690
3042,3046,3047,2912,2910,2913
2085,32,497,496,2506,2508
1821,1820,1819,1818,1815,1817,1816
2492,2493,2695,2699,2690,2693
911,409,408,44,43,913
1486,899,903,1480,1476,1483
65,64,62,63
533,68,796,795,334,530
2825,3096,3154,3151,2826
2897,2445,2051,2050,2057,2675,2898
1802,1264,659,1796,1797,1263,1803
1134,1142,1143,1129,1123,548,1135
1913,1772,1771,1770,1910
1666,1665,1664,1667,1668,1662,1663
85,87,88,89,86
3027,3028,3030,3029,3132,3130
1857,1858,1859,1856,1855
3119,3117,3018,3019,3010,2437
2622,2623,2610,2851,2850,2608,2617,2616
2023,2024,2026,2025,2032,2033
1549,989,476,475,994
1171,1169,1163,1162,545,544
1951,1950,1405,400,237,1420
8,802,74,75,73
3182,3183,3173,3174,3175,3172
215,615,614,1728,1726,214
1092,1093,1097,1655,1654,154,155
2944,2522,2143,2518,2945
1241,2833,2834,2595,1242,1771,1772
680,681,690,1285,1823,1822
1257,656,1766,1764,657,1258
2974,2972,2973,3091,3090
3039,3136,3196,3193,3040
2198,2199,300,1864,1865,1316
2800,2806,2565,2566,2563,2564
1991,1984,1986,1987,1985,1990
2848,2635,2421,2036,2035,2846
1328,1327,1330,1331,1332,1329
300,2624,2625,2854,2853,1864
1573,2437,3010,3011,1575,1574
2970,1682,1683,1697,2964,2962,2971
2791,2963,2966,2789
1094,1095,1096,1093,1092,1091
579,272,559,558,1157,1158
2411,2412,2419,2418,2413,2414,2410
2774,2773,2770,2771,2769,2772
2434,2431,2072,2930,2927,2041
174,793,792,176,506,510
42,382,842,841,100,395,394
2458,2460,2739,2740,2733,2471
459,458,1368,1370,460,461
1146,1137,1138,1124,1125,1144
2759,2100,2685,2686,2101,2757
2749,2934,2937,2748,2751,2750
2903,2904,3032,3034,2902
1953,1955,1946,1947,1423,1424
112,1531,1530,111,113,114
1719,1177,1178,2219,2557
2847,2846,2035,2429,2428,2400
2779,1611,1614,1615,491,2520,2780
1455,878,879,880,1450
110,115,926,924,917,108
2562,2561,728,731,724,1172
2559,569,58,727,728,2561
553,1139,1142,1134,1133
2060,2724,2725,2059,2058,2450,2451
901,110,108,902,903,899
1305,1307,295,751,1859,1858
266,269,270,268,267
1909,1908,2341,2337,2335,2334
2958,2959,2961,2960,2956,2957
1210,619,626,624,617,1209
945,941,944,443,442,947
431,430,432,433,429,428
764,765,1872,1874,774,775
1734,1205,1204,2323,2320,1735
1150,556,1301,1303,562,1148
3143,3142,2808,2807,2809,2819,3084
1107,1102,515,1653,1679,1678
2048,2707,2708,2013,1540,2047
3005,2865,2866,2875,3116,3115
75,74,799,1369,1368,458
2522,2523,2145,2019,2018,482,2143
939,940,938,937,935,936,934
173,35,333,794,793,174
3085,3086,3083,2818,2579
2264,2262,2534,2538,2539,1412
2461,2741,2742,2472,2737,2738
1790,1786,764,775,1789
783,782,67,68,533,532
187,185,186,192
2533,1262,2247,2248,1779,1261,1260,2532
2752,2108,2762,2760,2763,2764
220,399,867,2136,2135,1601,639
379,380,381,846,842,382
1671,2183,2182,1100,1101,1670
1958,2369,2370,1956,1957,1959
3168,3169,3171,3170,3167,3166
812,813,538,1119,1120,539
2233,2234,2237,2238,2236,2235
1372,1373,1909,2334,2333,410
860,664,665,667,666,859
2992,2993,2994,2991,2384
2144,1005,2020,2019,2145
2838,2983,2982,3101,3111,3109,2837
3184,2753,2765,2766,3173,3183
2251,1789,775,774,773,2250
526,1115,1113,160,164,522
2056,2524,2701,2700,2447,2440
1380,1381,1382,1377,1378,1379
2292,299,744,742,1862,2293
2796,2793,1723,1725,1724
2583,2582,1780,1781,1779,2248
2421,2420,1015,2425,2426,2036
1605,1037,2071,2072,2431,2433
1138,1135,548,549,1124
583,1183,1188,582,581
176,792,791,180,179,175
1128,1312,2295,2296,1315,1126
1874,1872,1873,1875,1877,1876
1362,1361,338,1519,1520,339
960,961,425,24,453
97,376,1395,1394,96,95
1986,1498,1499,1965,1966,1987
589,702,703,595,1714,1718
2111,2479,2478,2109,2110
184,183,551,550,554,555
2202,2542,2543,2196,1698,1699,2200
1491,1489,1741,1740,414,416,415
1744,1745,1747,1746,1742,1743
236,661,662,405,837,838
1274,847,1402,1419,1418,1273
1237,652,653,654,655,1238
2873,2871,2606,2390,2869
1826,1282,1283,1284
1730,206,649,648,1206,1202,1731
801,1375,2836,2833,1241,800
1927,1928,1929,1930,1931,1926
2625,2628,2622,2616,2855,2854
852,390,389,856,855,850
1386,1384,1388,1925,1924,825
954,454,682,1277,1279
417,910,912,906,933,932
1969,939,934,942,1494
2316,2312,2313,2314,2318,2317,2315
3004,3002,2857,2858,2556
2608,2850,2847,2400,2401,2402
2834,2837,3109,3110,2830,2595
3013,3014,3124,3121,3016,3017
2952,2782,2783,2950,2955
2650,2651,2646,2643,2653
237,400,1105,1104,879,878
1263,1797,1799,2270,2272
2872,2997,2996,2871,2873,2874
3074,3075,3077,3078,3079,3076
2452,2451,2450,2449,2448,2453
3193,3196,3197,3195,3194,3192
2703,2777,2775,2716,2718
2921,2922,2914,2915,2656,2655
787,789,785,781,780,70
1920,1389,1933,2353,2352,1929,1928
746,1325,2411,2410,2405
2310,1221,485,486,2308
227,225,1236,1239,866,228
1317,1866,3001,3003,2553,2552
2401,2400,2428,2647,2649,2612
368,1363,1362,339,88,87
1978,1973,1975,1974,1976
821,536,818,1383,1385
3167,3170,2948,3071,3165,3163
1280,1278,680,1822,1825
1076,1641,1642,1075,1072,503
451,450,105,106,949,948
2393,2660,2988,2993,2992,2392
2134,2140,2515,2516,2142,1603
2751,2748,2477,2476,2478,2479
2636,2423,2422,2420,2421,2635
660,1083,1086,404,663
2338,2339,2328,2329,2330,2327
2701,2702,2778,2777,2703,2700
2309,2308,486,487,284,287
1038,1039,1002,1003,1004,1001
2118,2115,2116,493,1046,2494,2495
2727,2728,3039,3040,2908,2726
3018,3017,3016,3015,3020,3019
714,717,719,718,716,715
1275,1273,1418,1941,1943,861
1540,2013,2388,2389,1541
1470,1469,1466,1471,1667,1664
252,251,1806,1807,1266,48
3125,3126,3129,3161,3160,3128,3127
724,731,730,725,1311,1313
824,822,1508,1507,823
2793,2794,2562,1172,1173,1723
1598,1078,1080,2112,2113,1600
2709,2710,2053,2052,2383,2380
2289,1839,1835,1834,1832,2291
277,709,710,1840,2282,2285
1027,1591,2475,2745,2746,2102
2646,2864,2861,2644,2643
330,788,787,70,331
247,249,250,251,252,248
635,636,637,2234,2233,1223
728,727,726,729,730,731
967,465,464,127,455,968
669,670,671,673,675,674,672
91,92,93,90,830,829
1885,1884,1354,784,790
605,228,866,865,41,604
2782,1783,1782,1262,2533,2783
3186,3090,3091,3092,3150,3187
713,712,104,103,3,1837,1838
1410,1409,1425,1426,1438,1439
81,1528,1531,112,346,347
1194,1193,1191,1190,1189,1192
799,1896,1897,1366,1371,1369
1167,1161,1141,1139,553,552
1930,1929,2352,2360,2359,1500
226,17,99,98,653,652
726,1308,1309,296,297,729
598,596,200,199,201
1337,1338,1339,1335,1336
2687,2902,3034,3035,3026,2682
1543,1546,474,132,477
1873,1333,1334,1881,1878,1875
1367,1898,1899,1374,2340,2341,1908
796,797,1360,1358,795
3091,2973,2814,2581,3144,3145,3092
2376,2009,2008,2007,2006,2378
763,762,761,760,1334,1333
1967,1972,1494,1496,1495
2360,2361,2357,2356,2358,2359
192,186,576,572,191
2564,2563,1745,1744,1739,2231
284,487,52,288,289,285
2550,2549,2548,2551,2209
2758,2757,2101,2694,2695,2493
760,758,1882,1881,1334
2416,2634,2633,2637,2638,2609,2034
1675,1677,1652,1095,1094,1650
2690,2699,2698,2446,2444,2691
2217,2795,2796,1724,1160,2215
1421,1420,237,878,1455,1454,848
997,995,479,2016,2015,1535
546,543,182,183,184
274,273,271,560,559,272
254,257,258,622,621,253
151,152,30,145,146
478,477,132,129,133
447,446,449,450,451,452,448
1970,1936,2362,940,939,1969
1917,1918,1916,1914,1915
2998,2845,2844,2842,2843,2841,2995
640,1602,1606,1604,29,19
736,737,1323,1325,746,745
730,729,297,304,305,725
716,718,1227,1225,294
1780,1467,1468,1469,1470,1781
2918,2691,2444,2679,2680,2731,2917
3069,3068,2752,2764,2765,2753
2487,2488,2104,2107,2106,2105
291,715,716,294,293,292
3023,3025,3024,3022,3021
2781,2779,2780,3077,3075,2947
58,1853,1854,1308,726,727
1445,859,666,235,1447
2015,2016,2017,2014,2394
2568,2567,2306,2305,1219,2246
1444,861,1943,1942,390,852,1441
678,676,677,1254,1256,679
2170,2169,2525,2526,2181,2171
1981,1983,1982,1980,1979
2884,2885,2713,2704,2706,2664
2656,2915,2916,2729,3123,3124,3014
2639,2640,1019,1561,1562
2711,2709,2380,2379,2705
1558,1576,2063,2062,1013,1559
2006,2007,126,25,1533
2252,2257,2256,2585,2589,2253
1221,1222,139,1020,1021,485
1314,1313,1311,1310,2294,2295,1312
372,542,541,39,819,820
1485,898,900,901,899,1486
757,754,59,306,756
66,326,1338,1337,321
250,47,1809,1806,251
1687,2201,2200,1699,2213,2212,1147
240,388,386,232,231
759,319,758,760,761
2477,2087,2128,2129,1595,2476
1041,1040,472,1002,1039
765,320,763,1333,1873,1872
1364,72,71,338,1361
435,439,438,434,437,436
1199,1200,229,603,602,601
437,434,431,428,122,123
404,1086,1085,1117,1116,403
613,203,606,608,205,204,612
650,651,869,873,867,399
2290,2291,1832,1831,707,705
834,833,523,524,33,374
725,305,303,298,1310,1311
1949,1403,1406,1407,1404,1405,1950
1832,1834,1833,1830,2241,2240,1831
1579,1582,1583,1578,2095,2096
931,930,932,933,929,928
2076,1592,1593,2086,2084,2077
1499,1500,2359,2358,1964,1965
280,2286,2290,705,704,279
9,10,85,86,13,78,77
2415,2031,1558,1559,2422,2423
914,913,43,244,245,46,107
422,349,350,119,118,937,938
393,392,1453,1451,391
1344,1345,1887,1886,1347,772
2459,2462,2461,2738,2739,2460
1679,1653,2170,2171,1652,1677
3188,3187,3150,3149,3148,3147
1040,1621,988,470,471,472
937,118,1484,1481,935
1726,1728,1730,1731,1729,1727
3152,3155,3191,3190,3094,3093
2939,2504,2132,2088,2936
166,69,778,783,532,531
1815,1818,1274,1273,1275,1276
1943,1941,1945,1944,1942
2035,2036,2426,2427,2430,2429
616,613,612,614,615
3103,2828,3099,3101,2982
2464,2726,2908,2907,2931,2929
675,673,231,232,233,234
3101,3099,3100,3107,3113,3111
1177,573,574,190,580,1178
50,411,412,104,712,711
1645,1647,1068,501,500,499
2089,2099,2098,2942,2940,2756
1827,1824,1288,1282,1826
980,1512,1511,971,970,969,979
1183,1184,1185,1186,1187,1188
2906,2905,3027,3130,3169,3168,3033
877,875,660,663,662,661
1912,800,1241,1772,1913
2996,2995,2841,2607,2605,2606,2871
2546,1860,1861,1016,2197,2547
2066,2455,2470,2469,2065,2064
1240,1238,655,222,396,864
2946,2945,2518,2517,2519,2776
2680,2679,2896,2899,2681
1603,2142,2465,2463,2071,1037
149,1055,1057,1056,498,150
2335,2337,2338,2327,2331
1749,2803,2804,2232,1748,1750
2534,2957,2956,2785,2537,2538
1000,137,136,135,999
1867,1752,1751,1222,1221,2310,2311
750,1329,1332,753,1320,1322
358,1526,1527,1529,1528,81,357
1695,1694,2192,2206,2208
67,327,797,796,68
2507,504,1599,2770,2773
3063,3062,3043,3041,2914,2922
486,485,1021,1565,1564,487
2828,2827,2979,3100,3099
179,180,36,178,177
2878,2880,2049,1542,2391
1914,1916,1380,1379,2186,2187
1371,1366,1367,1908,1909,1373
2592,2820,2824,2593,2591,2590
1871,2322,2319,1868,1869,1870
312,313,316,315,314
854,1446,1448,20,18,1398,1399
1659,335,330,331,332,329,1658
1021,1020,2435,2436,1566,1565
2801,2802,2805,2806,2800,2804,2803
2530,887,798,1660,1661,2528
2557,2219,2221,2220,2558
588,283,278,54,53,587
766,321,1337,1336,1342,1341
1453,1454,1455,1450,1449,1452,1451
1530,2003,2004,419,420,111
1098,1663,1662,893,1111,1112,518
3164,3165,3071,3070,3073,3072
169,170,34,35,173,1630,1633
2941,2490,2487,2105,3067,3066
1586,1029,1028,1584,1581,1587
1683,1147,2212,2549,2550,1697
798,770,769,335,1659,1660
1942,1944,1417,1416,389,390
1320,753,752,301,738,1318
1555,999,135,27,28,1010,1556
809,814,815,84,538,813
555,554,1145,1696
1160,1724,1725,1132,1131,1130,1159
869,868,871,870,872,873
1048,172,169,1633,1634,1047
2234,637,638,642,641,2237
242,668,862,1443,1442,387
3175,3174,2467,3044,3139,3138
2343,2344,2342,2346,2345
602,603,605,604,610,611
1297,289,288,290,1844,1843
2243,2570,2568,2246,2245,2244
1918,805,1381,1380,1916
2186,1379,1378,803,804,2188
210,415,416,213,212,211
114,113,109,900,898,117
329,332,69,166,168
708,711,712,713,710,709
2341,2340,2336,2339,2338,2337
441,448,452,444,124
2176,1658,329,168,167,2174
768,771,772,1347,1346,769,770
1685,1687,1147,1683,1682
1053,1047,1634,1629,1054
826,828,827,822,824
1946,1948,1949,1950,1951,1947
3079,3078,2521,2144,2145,2523
2236,2238,1753,1751,1752
295,722,723,1327,1328,751
584,585,266,267,271,273
