1880,1879,1196,1197,1199,1198,1663
2061,2063,1931,1935,1839,1976
411,401,826,827,410
1233,1232,1587,1993,1989,887
600,226,972,985,994,993
1487,1486,1488,1489,1485
1608,1607,1605,1604,1606,1609
1564,1997,1995,1625,1566,1563
1946,1222,1223,1576
1248,1247,47,168,432,431,470
1910,1716,1715,1719,1717,1906
131,139,138,127,133,134
1931,1983,1984,1933,1932,1934,1935
1071,1072,112,308,307,110
1430,737,736,1057,1702,1703
796,794,1502,1504,1163,795
449,450,452,451,853,856
298,22,8,5,12,19,100,101,297
1600,1599,1596,1597,1594,1595
6,1,14,15,10,7
1623,1628,1627,1641,1643,1629
1780,1542,1113,423,1187
1960,1963,2055,2056,1962,1961
51,52,57,361,362,31
1635,1863,1867,1638,1637,1636
1225,1579,1578,1224,1958,1959,1236,1235
974,975,599,285,1329,1330
1252,763,206,895,898,1254
972,973,979,981,984,985
1557,1558,1195,839,838,837
1323,1320,1325,1326,977,976
1016,1017,1020,1019,1018
1470,1128,1127,1079,1080,1473
1753,803,802,801,388
785,390,392,394,818,821
1692,1691,1689,1897,1898,1690
944,1854,1853,869,868,864
380,71,224,594,593,222,379
54,48,173,172,57,52
413,414,1500,1501,1155,1150,416,163
551,547,548,549,546,550
851,850,857,855,935,936
87,461,462,264,260
2053,2054,1954,885,1596,1599
1177,765,773,772,1777,1774
712,323,26,318,316,711
1389,1390,1379,1378,1039,1040
248,245,81,558,559
1822,1820,1969,1968,1821,1823
1698,1697,1699,2026,2022,1902
1086,1085,1415,1414,1418,1420
453,458,457,454,1283,1282
1353,1352,717,118,119,331,735
1029,1028,1372,1371,670,669
1140,1141,1145,1144,1142,1143
1409,1412,1413,1410,1411,1408
46,841,842,174,173,48,49
1621,1279,1280,1281,1617
1364,1363,1351,1348,707,708
1524,1523,1763,1924,1920,1525
1966,1964,1828,1827,1829,1830
1723,1718,97,368,369,1722
1210,1207,1206,1205,1208,1209
1216,1226,1227,1229,456
2057,2060,2041,2042,2043
172,445,447,361,57
705,708,707,709,710,704,706
1555,1554,1553,1558,1557,1556
1452,1450,365,364,366
1474,1473,1080,1086,1420,1419,1084,1088
283,29,28,24,23,284
1466,1465,522,520,527,1120
686,291,107,106,102,103,685
1138,1137,1135,1133,1134,1136
2062,1843,1844,1982,1983,1931,2063
595,592,591,917,916,597
1911,1720,1723,1722,1721,1914
750,749,371,370,745,746
996,995,993,994,998,997
624,625,1298,1300,623
499,552,554,1271,1272,914
442,443,440,441,845,1197,1196
17,1334,1669,1670,1339,266
1654,1655,1307,602,601,73
170,45,50,56,55,171
1520,1519,1522,1521,1764,1765
962,261,262,92,598,963
1831,1832,1833,1965,1967
60,59,61,65,58
1093,1092,1091,1090,1094
2033,2084,2083,1746,1747,1745
1166,1526,1528,1167,1168,1169
545,945,946,1296,1297,938
329,99,287,286,27,330
1796,1797,1570,1571,1572,1791
1453,1455,1452,366,155,154
1845,1852,1851,1846,1847,1848
1212,1211,1781,1782,1561,1214,1213
1743,1739,1916,1917,1744
198,531,530,60,58,200,199
1773,1774,1777,1778,1775,1776
1662,1663,1198,737,1430,1429
1678,680,1047,1049,1681
305,304,1015,1362,1366,303
1180,825,398,399,402,1182
1669,1668,1667,1671,1670
677,678,679,681,680,1678,1679,1370
575,573,207,209,210,208
984,981,980,1327,1328,986,982
599,1428,1427,1102,285
177,858,859,547,551,204
1735,1737,1446,1725,1726
1759,1919,1922,1760,1761,1762
1789,1791,1572,429,430
1754,1756,1757,1758,1755
1954,1952,884,886,885
1625,1995,1996,1852,1845,1626
347,36,37,41,43,345
820,821,818,817,819
1275,691,1405,1406,1610,1611
655,656,652,663,662,18
1801,1804,465,466,468
94,93,1445,1444,153
259,260,264,263,262,261
2049,1951,1953,1952,1954,2054
30,141,144,125,28,29
93,276,275,1111,1443,1445
1393,1394,1398,1397,1396,1395,1392
220,221,960,957,578
1432,1701,1705,1691,1692,1431
202,550,546,205,68,67
1577,1802,1801,468,467,1231
1553,1192,1193,1194,1195,1558
1891,1890,675,674,280,1884
1490,833,835,836,834,1493
1527,1183,1180,1182,1181,1529
441,343,344,848,845
2038,2035,1925,2067,2068,1998
1297,1296,1293,1292,1294,1295,1291
649,669,670,667,666,653
256,1574,1573,166,437,436
893,894,213,1009,1010,569,570
1415,1416,1417,1422,1414
1413,698,312,313,314,1410
190,189,477,478,483,484
1769,1771,1772,1768,1770
1673,1672,1887,1888,1883,1674
1191,1190,1449,1456,1459
1131,1132,1469,1472,1130,1129
1124,1125,1126,1127,1128,1123
915,513,516,518,512,918
1478,1479,1146,1147,787,788
2065,2066,2062,2063,2061,2064
5,6,7,11,12
2007,2006,1559,1560,1561,1782
227,228,302,700,699,229,230
593,594,595,597,596
142,143,350,348,144,141
1253,1254,898,897,553,554,552
392,815,1118,1116,396,394
2025,1690,1898,1901,2024
932,933,764,763,1252,1251
577,578,957,1519,1520,1164
1615,1613,1424,1425,1426,1423
1497,1496,1495,1494,791,792,1156
2079,1727,1552,1554,1555,2081
343,53,51,31,123,344
1982,1981,1980,1984,1983
267,266,1339,1338,645,265
424,426,425,165,1544,1545
372,503,502,507,508,752,751
916,917,915,918,920,919
107,105,296,295,104,106
1744,1917,1918,1541,1779
160,161,385,386,383,384,159
1748,1749,1461,1464,1463,1462
732,735,331,332,333,334
1229,1227,1237,1591,1590,1228
956,953,574,573,575,576
999,616,628,630,241,1004
201,538,541,542,949,950
738,740,739,742,744
975,1660,1662,1429,1428,599
1758,1757,1517,1518,1514,1513,1512
637,638,635,1321,1322,969
1513,1514,1759,1762,1751,1511
681,1393,1392,1047,680
954,951,952,953,956,955
462,865,1794,1793,258,263,264
1733,1734,1738,1737,1735,1736
355,353,354,356,357
2023,2024,1901,1900,287,99
859,1200,1202,66,548,547
517,514,230,229,695,696,76
1042,1041,1211,1212,278,673
780,779,534,532,776
1560,1559,1562,1563,1566,1565,1206,1207
1305,1656,1654,73,72,239
1835,1834,1977,1978,1973,1971
1699,1431,1692,1690,2025,2026
249,250,244,246,245,248,247
1270,1269,191,190,484,485,910
1899,2018,2020,288,289,290
946,948,571,572,1293,1296
1273,1270,910,908,909
12,11,21,19
1957,2047,2046,1963,1960,1956
704,710,1092,1093,322
1996,2072,2071,1849,1850,1851,1852
269,603,604,995,996,611,270
1508,1165,1523,1524,1516
1467,519,223,523,522,1465
68,205,545,938,937,473
1763,1765,1764,1766,1767,1923,1924
1689,1399,1400,2017,2015,1897
670,1371,1373,665,1022,1023,667
1024,1675,1677,1672,1673,1027
829,1129,1130,404,403,1185,1186
1920,1924,1923,1921,1922,1919
854,852,177,204,203
1606,1604,890,499,914,912
2041,1936,1803,1804,1801,1802,2042
544,203,204,551,550,202,543
2073,1911,1914,1913,1912,2076
882,1987,1986,2066,2065,883
1804,1803,464,178,179,465
896,473,937,1265,1268
662,663,664,1438,1714,1713
1074,1077,701,1126,1125
1044,1045,1042,673,1033
713,734,733,715,714
187,184,183,505,506,188
1568,1220,1219,1215,1785,1786
1861,1859,867,870,869,1853
1461,1122,1121,1137,1138,1464
1538,1537,1773,1776,1540,1539
581,580,579,959,961
522,523,521,528,529,520
927,537,693,691,1275,1276
2013,2014,2009,2010,2011,2012
2031,1726,1725,1727,2079,2080
1680,1679,1678,1681,1682,1683
2050,2051,2049,2054,2053,2052
1139,786,377,376,1475
147,357,356,146,149,150,145
1101,1097,1098,1099,1100
231,1301,1302,240,78,77
2036,2039,2040,2035,2038,2037
770,1123,1128,1470,1469,1132
1069,1408,1411,1072,1071,1070
1602,1230,1582,1583,1840,1841
1650,1651,1652,1653,1659,1658
26,320,321,319,25,317,318
1468,1466,1120,1119,1121,1122
112,111,305,303,306,308
569,1010,1005,243,70,566
244,86,85,16,80,246
182,617,619,237,585,584
931,936,935,934,933,932,930
137,135,352,351,130,129,128
164,420,1153,1498,1499,44
848,344,123,122,342,847
1986,1985,1843,2062,2066
1828,1825,1826,1800,1234,1827
420,421,422,1154,1153
185,888,1259,1607,1608,186
777,199,200,535,534,779
682,683,1061,1402,1401,1053
1141,1483,1484,806,816,1145
1821,1968,1966,1830,1589,1592
659,647,651,657,660
641,642,638,637,640,639
546,549,947,945,545,205
121,98,281,293,294,120
724,722,723,721,725
1988,1990,1991,1985,1986,1987
684,145,150,151,1058,1059
1616,1617,1281,1278,1277,315,1081
1322,1321,1319,1320,1323,1324
767,373,1124,1123,770,769
1532,1535,1534,1533,1536
1314,1313,968,1315,1666,1665,636
74,75,301,302,228
1301,1303,1304,1657,1656,1305,1302
1949,1950,1799,1938,2059,2058
570,569,566,567,568
606,600,993,995,604
437,166,167,45,170,434
1241,1246,1835,1971,1970,1242
707,1348,1347,713,714,709
1777,772,771,374,1174,1778
771,774,1075,1073,375,374
1977,2064,2061,1976,1979,1978
416,1150,1477,1476,417
307,308,306,1067,1064,690
402,399,1131,1129,829,828
361,447,446,360,363,362
1289,1815,1813,1240,1239,1288
628,627,626,629,630
1379,1376,1377,2014,2013,1380,1378
423,1113,1114,427,426,424
979,976,977,978,980,981
1535,1172,1770,1768,1526,1166,1534
801,802,800,799,797,798
562,471,472,556,555,560
818,394,396,395,393,817
866,1972,1974,1930,1794,865
294,293,292,291,686,687
722,729,730,337,336,335,723
812,1173,1176,766,824,822
207,69,215,216,209
900,1295,1294,892,472,471
1603,1584,878,180,469,1230,1602
992,991,682,1053,1052,268
287,1900,1899,290,286
693,692,690,1064,1404,1405,691
622,488,232,233,238,620
1881,1316,442,1196,1879
1708,1707,1706,1709,1710
823,822,824,825,1180,1183
155,366,364,758,757,157
1037,1036,449,856,857,850
289,288,30,29,283,282
1702,1057,1054,1055,1056,1704
383,386,387,1769,1770,1172,1171
934,544,543,764,933
626,239,72,271,273,629
588,586,615,1002,1001,197
2069,1634,1286,1284,2070
211,208,210,1008,1009,213
371,367,741,1107,1108,889,370
515,1000,1003,227,230,514
1742,1460,1915,1916,1739
346,345,43,42,13,14,1,126
1540,1776,1775,1173,812,813
2083,2082,1191,1459,1458,1746
908,910,485,902,907,196
1751,1762,1761,1749,1748,1750
1411,1410,314,111,112,1072
224,583,590,592,595,594
50,49,48,54,56
1991,1992,1842,1844,1843,1985
1544,165,421,420,164,1546
980,978,974,1330,1327
1077,1078,775,1620,1618,701
516,515,514,517,518
1895,1788,1569,1688,1892
123,31,362,363,140,132,122
899,1267,1264,474,194,193
844,431,432,433,840
1886,1381,1382,1388,1387,1889
1401,1402,1698,1902,1904,1693
1872,1871,1874,1873,1875,1876
1202,1203,929,538,201,66
1857,1858,1862,1861,1853,1854
69,564,942,943,863,215
1502,1503,1505,1509,1510,1504
792,791,796,795,1488,1486
1805,1809,1247,1248,1249
1451,837,838,156,365,1450
415,44,1499,1500,414
72,73,601,603,269,271
28,125,124,8,22,24
983,982,986,988,990,989
838,839,494,493,498,497,156
926,925,924,922,923,921
1214,1561,1560,1207,1210
1799,1576,1223,877,875,876,1937,1938
652,653,666,668,664,663
1939,1944,1943,1941,1942,1940
952,1630,1876,1875,565,574,953
1255,930,932,1251,1257
1372,1374,1373,1371
489,487,486,488,622,621
2008,2012,2011,2005,2006,2007
1712,1713,1714,1908,1907,1711
601,602,605,606,604,603
375,1073,1074,1125,1124,373
1417,1614,1615,1423,1421,1422
1659,1653,1306,1308,1307,1655
1471,1474,1088,1087
960,961,959,958,1522,1519,957
940,79,247,248,559,941
889,1108,1109,1260,1259,888
1794,1930,1926,1792,1793
840,433,169,175,174,842
1590,1591,1831,1967,1969,1820
1280,928,927,1276,1278,1281
1688,1569,1568,1786,2040,2039,1687
418,154,155,157,835,833
32,34,33,349,350,143
1929,1836,1837,1795,1927
1878,1882,1881,1879,1880,1877
1134,1133,781,782,1076,1075,774
1341,1340,1011,1014,1349,1350
1530,1170,1171,1172,1535,1532,1531
857,856,853,852,854,855
742,739,448,849,1105,1104
824,766,768,398,825
1163,1504,1510,1506,1162
477,481,480,479,478
1480,1487,1485,1152,1146,1479
1343,1337,1012,1013,1011,1340
1300,1298,1646,1647,1304,1303,1299
1867,1866,1814,1815,1289,1290,1638
254,460,459,253,252,255
1009,1008,1007,1006,1005,1010
1533,1534,1166,1169,408,407
1476,1477,1481,1480,1479,1478
527,520,529,531,198,524
700,302,301,300,299,697
574,565,564,69,207,573
483,478,479,487,489,482
1317,438,439,443,442,1316
1864,1592,1589,1812,1814,1866
173,174,175,176,444,445,172
75,274,272,88,300,301
913,912,914,1272,1274,911
391,1539,1540,813,808,809
1335,1336,1333,1668,1669,1334
867,1241,1242,874,870
481,475,476,561,563,480
1114,1747,1746,1458,1457,427
1135,525,526,778,781,1133
1144,1145,816,814,1117,1118,815
502,504,500,501,510,507
1001,1002,999,1004,1003,1000
1068,703,705,706,702,1065
696,695,1409,1408,1069,694
736,339,340,338,1054,1057
1639,1640,1564,1563,1562
1839,1935,1934,1575,1798,1838
608,639,640,609,610,607
843,844,840,842,841
1368,1369,1370,1679,1680,1676
1641,1642,1645,1644,1871,1872,1643
781,778,777,779,780,782
1221,1216,456,455,1217
1694,1693,1904,1903,1696,1695
1019,1020,661,654,275,276
1923,1767,519,1467,1921
753,754,751,752,756,755
1850,1849,1636,1637,1627,1628
439,434,170,171,440,443
1382,1043,1044,1033,1384,1388
1877,1880,1663,1662,1660,1661
969,1322,1324,971,970
96,1018,1019,276,93,94,95
2040,1786,1785,1784,1925,2035
1384,1033,673,278,279,1385
2045,1947,1948,1950,1949,2044
1547,1545,1544,1546,1548
311,1070,1071,110,109,158
236,235,614,615,586,587
480,563,624,623,486,487,479
1905,2021,2023,99,329,726
1681,1049,1050,1043,1382,1381,1682
728,330,27,98,121,727
1783,2008,2007,1782,1781
1499,1498,1496,1497,1501,1500
1367,1674,1883,1885,1715,1716
635,1309,1314,636,1319,1321
1391,1031,1376,1379,1390
1178,1179,1177,1774,1773,1537
533,921,923,928,1280,1279
1347,1346,1355,1354,734,713
1130,1472,1471,1087,400,404
82,259,261,962,964
1721,1722,369,367,371,749
2059,1938,1937,1936,2041,2060
507,510,511,509,508
1665,1666,1882,1878,1664
1463,1464,1138,1136,773,765
1677,1683,1682,1381,1886,1887,1672
1148,1149,1140,1143,790
1649,939,940,941,1652,1651
1863,1865,1864,1866,1867
703,1365,1364,708,705
619,620,238,234,235,236,237
1005,1006,631,242,250,249,243
734,1354,1353,735,732,733
971,1324,1323,976,979,973
70,243,249,247,79
33,39,36,347,349
1158,753,755,381,1160
80,16,965,1311,1310,251
1922,1921,1467,1465,1466,1468,1760
2081,1555,1556,1190,1191,2082
1847,1846,1622,1624,539,540
238,233,231,77,234
109,110,307,690,692
861,862,460,254,633,634
1833,1824,1825,1828,1964,1965
1272,1271,1269,1270,1273,1274
1631,1629,1643,1872,1876,1630
1267,1268,1265,1266,1263,1264
2015,2017,2016,2019,2020,2018
1970,1971,1973,1975,1974,1972
490,186,1608,1609,184,187,491
214,576,575,208,211,212
1997,1998,2068,2072,1996,1995
548,66,201,950,947,549
2046,2044,1949,2058,2055,1963
506,505,504,502,503
1105,849,931,930,1255,1256,1106
1725,1446,1551,1550,1552,1727
1837,1838,1798,1797,1796,1795
1925,1784,1633,1634,2069,2067
561,562,560,625,624,563
997,998,983,989,1333,1336
929,1848,1847,540,541,538
1671,1667,992,268,1012,1337
1868,1686,1687,2039,2036,1869
862,864,868,871,459,460
1030,1896,1893,1375,1032
879,881,880,878,1584,1585
1374,1685,1684,676,1369,1368,665,1373
1448,1447,2029,2030,1724
1707,1435,1712,1711,1436,1706
1460,1736,1735,1726,2031,2032,1915
1386,1385,279,450,449,1036
452,1213,1214,1210,1209,451
582,584,585,589,590,583
1097,726,329,330,728,1098
733,732,334,718,719,715
1239,1240,1601,1598,1238
1572,1571,843,841,46,429
1932,1933,1807,1806,1808,1809,1805
1161,1159,1158,1160,1505,1503
2075,2076,1912,1549,1550,1551
457,1228,1590,1820,1822,454
165,425,428,419,422,421
1565,1566,1625,1626,1567
1896,1895,1892,1894,1893
23,24,22,298,296,105
1266,1291,1295,900,901,1263
1612,1611,1610,1613,1615,1614
990,988,987,683,682,991
1226,1225,1235,1237,1227
241,630,629,273,274,75,74
529,528,919,920,530,531
1484,1512,1513,1511,806
1652,941,559,558,557,1306,1653
97,280,674,738,744,743,368
1752,805,804,803,1753
1287,1288,1239,1238,2000,2003
748,747,185,186,490,492
536,158,109,692,693,537
643,1051,1694,1695,1358,1356
1250,1253,552,499,890
2004,2003,2000,2001,2002,1999
585,237,236,587,589
1360,1359,716,717,1352
716,1100,1099,731,118,717
235,234,77,78,613,614
1779,1541,1543,1542,1780
1618,1620,1621,1617,1616,1619
194,474,475,481,477,189
1126,701,1618,1619,1083,1079,1127
665,1368,1676,1675,1024,1022
435,436,437,434,439,438
197,1001,1000,515,516,513
1942,1941,1577,1231,1232,1233,1588
1258,1257,1251,1252,1254,1253,1250
1819,1816,1817,2051,2050,1818
764,543,202,67,206,763
874,1242,1970,1972,866,873
967,966,1318,1315,968
1047,1392,1395,1048,1050,1049
1507,382,577,1164,1165,1508
2002,2001,1595,1594,1245,1244,1860
1587,1586,1585,1584,1603,1994,1993
448,851,936,931,849
1286,1285,1593,1865,1863,1635,1284
1610,1406,1407,1089,1424,1613
281,282,283,284,292,293
2022,2026,2025,2024,2023,2021
814,1750,1748,1462,1115,1117
1953,1588,1233,887,884,1952
1980,1580,1581,1807,1933,1984
1206,1565,1567,1204,1201,1205
2048,2045,2044,2046,2047
541,540,539,951,954,542
806,1511,1751,1750,814,816
1518,1525,1920,1919,1759,1514
618,621,622,620,619,617
459,871,872,461,87,253
1596,885,886,1988,1987,882,1597
92,91,90,966,967,598
526,524,198,199,777,778
697,299,267,265,312,698
1157,1156,792,1486,1487,1480,1481
1142,1144,815,392,390
1151,1482,1483,1141,1140,1149
1283,454,1822,1823,1593,1285
625,560,555,1648,1646,1298
1193,746,745,747,748,1194
2010,1868,1869,1870,2005,2011
1437,1021,1367,1716,1910,1909
153,1444,1442,1440,1441
1198,1199,846,339,736,737
472,892,893,570,568,556
342,122,132,353,355,341
1644,1645,1287,2003,2004,1632
1788,1787,860,1218,1220,1568,1569
91,257,256,436,435,90
884,887,1989,1990,1988,886
11,7,10,9,20,21
384,383,1171,1170
1973,1978,1979,1836,1929,1975
1218,1221,1217,1219,1220
140,363,360,358,359,138,139
108,644,1344,1345,1015,304
1407,1403,1066,323,712,1089
1959,1958,1957,1956,1955
762,496,372,751,754,760
1657,1658,1659,1655,1654,1656
846,847,342,341,340,339
89,612,1335,1334,17
1197,845,848,847,846,1199
1328,1327,1330,1329,1331,1332
1293,572,214,212,891,1292
1165,1164,1520,1765,1763,1523
1633,1282,1283,1285,1286,1634
661,660,657,656,655,654
1091,719,718,720,1096,1095,1090
1622,1623,1629,1631,1624
1319,636,1665,1664,1325,1320
296,298,297,295
465,179,881,879,466
1813,1818,2050,2052,1601,1240
571,955,956,576,214,572
124,126,1,6,5,8
891,212,211,213,894
1740,1741,1742,1739,1743
1436,1711,1907,2027,2029,1447
1974,1975,1929,1927,1928,1926,1930
937,938,1297,1291,1266,1265
1826,1961,1962,1944,1939,1800
497,498,495,496,762,761
1870,1869,2036,2037,1640,1639
610,609,225,226,600,606,605
2,4,646,658,1017,1016,3
557,558,81,641,639,608
200,58,65,64,925,926,535
1729,1730,1731,1732,1728
901,900,471,562,561,476
1510,1509,1507,1508,1516,1515,1506
651,650,649,653,652,656,657
793,759,760,754,753,1158,1159
1482,1755,1758,1512,1484,1483
2028,1906,1717,1720,1911,2073,2074
389,388,801,798,385,161
718,334,333,324,720
1076,782,780,776,775,1078
555,556,568,567,939,1649,1648
1871,1644,1632,1855,1874
699,700,697,698,1413,1412
1201,1204,1203,1202,1200
1424,1089,712,711,1425
1485,1489,1754,1755,1482,1151,1152
240,1302,1305,239,626,627
1811,1940,1942,1588,1953,1951
2055,2058,2059,2060,2057,2056
369,368,743,741,367
1174,374,375,373,767,1175
1366,1362,1363,1364,1365
994,985,984,982,983,998
59,512,518,517,76,62,61
1717,1719,1718,1723,1720
55,56,54,52,51,53
393,395,1538,1539,391,162
426,427,1457,1454,428,425
826,828,829,1186,1184,827
664,668,1025,1026,1021,1437,1438
539,1624,1631,1630,952,951
567,566,70,79,940,939
1017,658,659,660,661,1020
149,146,136,137,128,148
1310,1311,1312,1313,1314,1309
965,964,962,963,1312,1311
385,798,797,810,811,387,386
2020,2019,142,141,30,288
152,148,128,129,40,39,33,34
1842,1841,1840,1981,1982,1844
1792,1926,1928,1790,1573,1574
1063,1103,1432,1431,1699,1697
2006,2005,1870,1639,1562,1559
1026,1027,1673,1674,1367,1021
855,854,203,544,934,935
1491,1490,1493,1492,1494,1495
1536,1533,407,405
354,131,134,136,146,356
1109,1106,1256,1261,1260
1107,1104,1105,1106,1109,1108
775,776,532,533,1279,1621,1620
1404,1064,1067,1068,1065,1066,1403
225,970,971,973,972,226
1434,1439,1729,1728,1741,1740,1433
1824,1955,1956,1960,1961,1826,1825
645,1338,1342,1344,644
440,171,55,53,343,441
315,1277,1612,1614,1417,1416
1039,1378,1380,672,1038
1150,1155,1157,1481,1477
1912,1913,1188,1189,1549
1011,1013,643,1356,1357,1014
1034,1383,1386,1036,1037,1035
1928,1927,1795,1796,1791,1789,1790
1457,1458,1459,1456,1455,1453,1454
39,40,38,37,36
273,271,269,270,272,274
1290,1289,1288,1287,1645,1642
1840,1583,1580,1980,1981
1888,1887,1886,1889,1890,1891
591,588,197,513,915,917
232,1299,1303,1301,231,233
1589,1830,1829,1816,1819,1812
1234,1800,1939,1940,1811,1810
1153,1154,1491,1495,1496,1498
398,768,769,770,1132,1131,399
580,906,905,181,219,579
646,648,647,659,658
1375,1893,1894,1686,1868,2010,2009
534,535,926,921,533,532
758,761,762,760,759,757
493,491,187,188,495,498
150,149,148,152,151
942,1856,1857,1854,944,943
486,623,1300,1299,232,488
340,341,355,357,147,338
387,811,807,397,1771,1769
1859,1860,1244,1246,1241,867
977,1326,1661,1660,975,974,978
710,709,714,715,719,1091,1092
1023,1022,1024,1027,1026,1025
1306,557,608,607,1308
505,183,913,911,500,504
1552,1550,1549,1189,1192,1553,1554
1913,1914,1721,749,750,1188
1054,338,147,145,684,1055
1168,1167,411,410,409,412
1719,1715,1885,1884,280,97,1718
803,804,820,819,800,802
853,451,1209,1208,858,177,852
406,405,407,408,832,830
1058,151,152,34,32,1060
365,156,497,761,758,364
378,790,1143,1142,390,785,784
510,501,909,908,196,195,511
309,694,1069,1070,311,310
2080,2079,2081,2082,2083,2084
1937,876,463,464,1803,1936
218,217,582,583,224,71
1619,1616,1081,1082,1083
1440,1442,1710,1709,1112,1731,1730
500,911,1274,1273,909,501
1475,376,783,805,1752
1377,1032,1375,2009,2014
727,121,120,337,730
1668,1333,989,990,991,992,1667
1501,1497,1156,1157,1155
1709,1706,1436,1447,1448,1112
263,258,257,91,92,262
167,430,429,46,49,50,45
321,322,1093,1094,319
808,813,812,822,823,397,807
292,284,23,105,107,291
521,596,597,916,919,528
184,1609,1606,912,913,183
1099,1098,728,727,730,729,731
1548,1546,164,44,415
1441,1440,1730,1729,1439
863,943,944,864,862,861
611,996,997,1336,1335,612
1647,1650,1658,1657,1304
987,1332,1331,1062,1061,683
328,725,721,326,325,327
688,687,686,685,689
509,511,195,581,961,960,221
331,119,724,725,328,332
1640,2037,2038,1998,1997,1564
1050,1048,1046,1045,1044,1043
1916,1915,2032,2034,1918,1917
1666,1315,1318,1317,1316,1881,1882
195,196,907,906,580,581
1349,1014,1357,1361,1355,1346
1312,963,598,967,968,1313
428,1454,1453,154,418,419
1494,1492,794,796,791
300,88,89,17,266,267,299
1031,1030,1032,1377,1376
1056,1055,684,1059,1400,1399
1829,1827,1234,1810,1817,1816
252,253,87,260,259,82,83
1741,1728,1732,1733,1736,1460,1742
1542,1543,1745,1747,1114,1113
787,1147,1148,790,378,377,786
1817,1810,1811,1951,2049,2051
1994,1603,1602,1841,1842,1992
1637,1638,1290,1642,1641,1627
2029,2027,2028,2074,2078,2030
1632,2004,1999,1862,1858,1855
1771,397,823,1183,1527,1772
422,419,418,833,1490,1491,1154
210,209,216,632,1007,1008
1890,1889,1387,1383,1034,675
333,332,328,327,116,117,324
868,869,870,874,873,872,871
1344,1342,1343,1340,1341,1345
1325,1664,1878,1877,1661,1326
494,492,490,491,493
1696,1903,1905,726,1097,1101
129,130,35,38,40
1573,1790,1789,430,167,166
799,162,391,809,810,797
1278,1276,1275,1611,1612,1277
554,553,192,191,1269,1271
1873,1874,1855,1858,1857,1856
1307,1308,607,610,605,602
286,290,289,282,281,98,27
920,918,512,59,60,530
1195,1194,748,492,494,839
783,784,785,821,820,804,805
337,120,294,687,688,336
381,755,756,220,578,577,382
907,902,903,904,905,906
947,950,949,948,946,945
1675,1676,1680,1683,1677
2070,1284,1635,1636,1849,2071
1380,2013,2012,2008,1783,672
157,757,759,793,836,835
1224,2048,2047,1957,1958
1768,1772,1527,1529,1528,1526
1767,1766,379,222,223,519
676,677,1370,1369
1894,1892,1688,1687,1686
1731,1112,1448,1724,1734,1733,1732
192,193,194,189,190,191
1443,1111,1110,1435,1707,1708
648,277,650,651,647
1428,1429,1430,1703,1700,1427
1259,1260,1261,1262,1605,1607
1338,1339,1670,1671,1337,1343,1342
1570,470,431,844,843,1571
1264,1263,901,476,475,474
455,456,1229,1228,457,458
1832,1236,1959,1955,1824,1833
1046,1040,1039,1038,1041,1042,1045
640,637,969,970,225,609
1737,1738,2077,2075,1551,1446
350,349,347,345,346,348
1775,1778,1174,1175,1176,1173
1079,1083,1082,1085,1086,1080
258,1793,1792,1574,256,257
1208,1205,1201,1200,859,858
2000,1238,1598,1600,1595,2001
903,482,489,621,618,904
1119,1120,527,524,526,525
1918,2034,2033,1745,1543,1541
242,84,86,244,250
615,614,613,616,999,1002
1405,1404,1403,1407,1406
2068,2067,2069,2070,2071,2072
377,378,784,783,376
959,579,219,217,218,958
872,873,866,865,462,461
1358,1695,1696,1101,1100,716,1359
1190,1556,1557,837,1451,1449
1907,1908,1909,1910,1906,2028,2027
1146,1152,1151,1149,1148,1147
789,788,787,786,1139
206,67,68,473,896,895
1012,268,1052,1051,643,1013
721,723,335,113,326
702,706,704,322,321,320
1110,18,662,1713,1712,1435
1851,1850,1628,1623,1622,1846
277,671,1029,669,649,650
1488,795,1163,1162,1756,1754,1489
275,654,655,18,1110,1111
1456,1449,1451,1450,1452,1455
766,1176,1175,767,769,768
1505,1160,381,382,1507,1509
1605,1262,1258,1250,890,1604
675,1034,1035,740,738,674
495,188,506,503,372,496
1469,1470,1473,1474,1471,1472
1943,2043,2042,1802,1577,1941
85,83,82,964,965,16
1362,1015,1345,1341,1350,1351,1363
666,667,1023,1025,668
1761,1760,1468,1122,1461,1749
1528,1529,1181,401,411,1167
1989,1993,1994,1992,1991,1990
1593,1823,1821,1592,1864,1865
272,270,611,612,89,88
1082,1081,315,1416,1415,1085
1756,1162,1506,1515,1517,1757
1355,1361,1360,1352,1353,1354
467,468,466,879,1585,1586
1115,1462,1463,765,1177,1179
745,370,889,888,185,747
553,897,899,193,192
1444,1445,1443,1708,1710,1442
1052,1053,1401,1693,1694,1051
590,589,587,586,588,591,592
134,133,135,137,136
64,63,309,310,924,925
1785,1215,453,1282,1633,1784
1181,1182,402,828,826,401
485,484,483,482,903,902
1118,1117,1115,1179,1178,1116
1102,1427,1700,1701,1432,1103
1400,1059,1058,1060,2016,2017
1387,1388,1384,1385,1386,1383
84,255,252,83,85,86
1764,1521,380,379,1766
306,303,1366,1365,703,1068,1067
1898,1897,2015,2018,1899,1900,1901
1351,1350,1349,1346,1347,1348
219,181,182,584,582,217
1522,958,218,71,380,1521
924,310,311,158,536,922
1397,1391,1390,1389,1396
923,922,536,537,927,928
1294,1292,891,894,893,892
1237,1235,1236,1832,1831,1591
62,76,696,694,309,63
279,278,1212,1213,452,450
1714,1438,1437,1909,1908
417,1476,1478,788,789
743,744,742,1104,1107,741
1256,1255,1257,1258,1262,1261
216,215,863,861,634,632
1934,1932,1805,1249,1575
1979,1976,1839,1838,1837,1836
613,78,240,627,628,616
1883,1888,1891,1884,1885
1814,1812,1819,1818,1813,1815
1969,1967,1965,1964,1966,1968
1999,2002,1860,1859,1861,1862
1061,1062,1063,1697,1698,1402
1734,1724,2030,2078,2077,1738
986,1328,1332,987,988
1004,241,74,228,227,1003
773,1136,1134,774,771,772
810,809,808,807,811
1594,1597,882,883,1243,1245
1189,1188,750,746,1193,1192
836,793,1159,1161,834
565,1875,1873,1856,942,564
2016,1060,32,143,142,2019
312,265,645,644,108,313
642,251,1310,1309,635,638
2078,2074,2073,2076,2075,2077
132,140,139,131,354,353
1204,1567,1626,1845,1848,929,1203
633,254,255,84,242,631
1187,423,424,1545,1547
966,90,435,438,1317,1318
335,336,688,689,114,115,113
396,1116,1178,1537,1538,395
1066,1065,702,320,26,323
740,1035,1037,850,851,448,739
1646,1648,1649,1651,1650,1647
1395,1396,1389,1040,1046,1048
61,62,63,64,65
1515,1516,1524,1525,1518,1517
1075,1076,1078,1077,1074,1073
408,1169,1168,412,831,832
144,348,346,126,124,125
1007,632,634,633,631,1006
1948,1945,1946,1576,1799,1950
1492,1493,834,1161,1503,1502,794
1231,467,1586,1587,1232
1601,2052,2053,1599,1600,1598
949,542,954,955,571,948
1041,1038,672,1783,1781,1211
1121,1119,525,1135,1137
1331,1329,285,1102,1103,1063,1062
752,508,509,221,220,756
2032,2031,2080,2084,2033,2034
1904,1902,2022,2021,1905,1903
245,246,80,251,642,641,81
118,731,729,722,724,119
1357,1356,1358,1359,1360,1361
898,895,896,1268,1267,899,897
905,904,618,617,182,181
1244,1245,1243,1834,1835,1246
223,222,593,596,521,523
1705,1704,1056,1399,1689,1691
1700,1703,1702,1704,1705,1701
1962,2056,2057,2043,1943,1944
314,313,108,304,305,111
1219,1217,455,458,453,1215
1798,1575,1249,1248,470,1570,1797
229,699,1412,1409,695
819,817,393,162,799,800
1243,883,2065,2064,1977,1834
