249,910,1183,1182,409,407
898,571,575,576,572,897
459,235,365,363,460
1110,1113,1114,1115,1112,1111
708,1020,1293,1292,710,709
1062,1063,752,385,394
168,391,759,715,713
1383,1125,1124,1377,1477,1475
434,805,1107,1108,185
199,195,10,15,14,198
203,463,462,188,187
636,638,637,962,641
698,345,164,390,753,756
1256,1005,1002,1003,1001,1257
309,313,314,969,967,657
1233,968,1242,1241,971,1234
990,684,330,34,33,989
344,342,341,697,1430,1429,679
1303,1302,730,1042,955,956
260,603,604,261,455,454
772,395,396,397,771
440,138,839,837,443,444
1510,1456,1455,1492,1495,1512
259,597,599,591,594
619,625,624,278,623
1274,1273,1266,1267,1519,1518,1268
487,488,494,493,204,515,516
1499,1557,1558,1174,568,567
326,325,111,112,105,145
770,771,397,775,776,399,167
491,492,490,489,865,864
1161,1162,1164,1163,1160,1159
561,562,1415,1414,872,873,532
1252,1251,677,676,976,1000
620,621,619,623,622,618
451,250,269,268,450
140,147,144,106,107,38
818,819,817,1116,1120,815,816
1461,1462,1456,1510,1509
982,666,92,940,938,983
1351,1079,1080,1347,1348,1355
535,534,874,1154,1550,1399
55,1194,1191,919,590,8
929,647,610,1203,1200
820,822,430,1117,1116,817
176,86,84,178,179
125,1009,321,318,115
120,643,644,328,681,680
874,538,875,1153,1154
1124,446,447,855,1378,1377
1360,1363,1368,1367,1361
1320,716,1028,1033,1316
924,925,609,276,277,275
499,498,60,59,209
116,115,318,319,114,113
866,864,865,1135,1134
527,215,214,218,219,524
935,986,984,1204,1205
1421,1418,1173,1592,1594
327,122,331,965,964,676,677
1529,1530,1534,1533,1531,1532
303,650,651,653,654,308
12,69,1501,1502,220,63
418,414,177,176,179,180,415
240,239,241,242,549,550
632,958,959,638,636,952,951
504,1483,1484,1123,465,501
1170,1169,559,887,888,1168
542,881,882,494,488
1040,1039,1299,1305,1307,1038
894,895,555,236,243,244
267,266,413,412,262,263
651,973,972,649,656,653
139,357,358,840,839,138
465,1123,1122,471,469,464
970,971,1241,1239,986,935,934
984,983,938,939,1210,1204
479,1400,1479,1483,504,505
578,150,381,378,246,573
558,244,243,571,898,896
515,204,483,485,517
191,190,50,51,421,422,192
1306,1303,956,954,1047
1102,1096,1098,1097,1101
740,160,159,1039,1040,742
763,1309,1311,1057,1055,764
714,713,715,716,1320,1319
1390,1152,1151,1150,1149,1393
1095,1360,1361,1362,1359
243,236,237,574,575,571
359,360,361,356,358,357
1083,774,773,772,771,770,1086
1022,758,757,700,1295,1296
1263,750,749,685,686,1264
1271,1279,1282,1015,1266,1273
1336,1337,1338,1339,1453,1454
437,109,108,50,190,438
1513,1515,692,687,711
541,542,488,487,490,492
891,892,374,375,373,372,371
1171,1170,1168,1167,1487,1485
133,132,110,109,437,436
103,279,100,104,101,102
1387,1386,1388,1389,1385
591,599,598,256,453,593
931,611,103,102,79,930
1050,1308,1306,1047,1048,1049
579,911,910,249,175
1544,1545,1366,1092,1093,1470
1287,44,163,164,345,1286
761,763,764,717,760
1107,1376,1374,1109,1108
1570,1522,1521,1520,1574
529,528,527,524,525,526
665,280,615,616,92,666
77,78,22,21,19,20
15,70,905,1176,1175,14
337,121,1043,1045,751,335
1043,1044,1049,1048,1046,1045
224,229,227,226,228
1066,1067,1035,1034,1037,1036
1515,1573,1574,1520,123,691,692
911,912,1184,1183,910
146,324,326,145,144,147
180,179,178,181,48
193,192,422,420,448,449
768,1062,394,769,1314
1165,1404,1403,860,904,902
338,339,634,633,333,332
166,169,168,713,714,396,395
379,118,119,142,143,376
964,965,1232,1228,966,963
1491,1172,1171,1485,1497
1381,1380,857,1386,1387,1127
1311,1447,1446,766,1060,1057
893,554,556,557,555,895
264,265,266,267,271,270
998,1250,1252,1000,999,997
1396,876,541,492,491,1397
409,1182,1180,169,166,408
1552,1156,877,876,1396,1551
1227,1041,960,1225,1226
375,130,722,723,137,373
383,1038,1307,1308,1050,748
1525,1523,1451,1340,1341,1342
1054,731,732,735,736
786,787,400,781,1070,1069
1218,1217,1224,1223,1219,1220
329,99,294,296,34,330
775,1318,1328,1326,776
695,694,693,1008,1010,696
841,436,437,438,435,838
1230,1229,1213,1216,950,949
1577,1359,1362,1472,1575
52,197,67,68,11
644,645,298,99,329,328
476,885,1401,1400,479,478
1467,1465,1466,1469,1468
810,813,814,819,818,811
1488,1487,1167,66,858,1405
737,736,735,746,745,738,739
751,1045,1046,1218,1220,749,750
93,285,287,284,281,283
1531,1533,1074,560,559,1169
756,753,754,755,757,758
1192,915,918,917,916,919,1191
110,306,1110,1111,812,108,109
105,112,1235,1237,652,299
453,256,258,260,454,456
839,840,841,838,837
333,633,953,1214,1213,1229,1231
1455,1459,1458,1172,1491,1492
1141,565,901,900,233,65,1142
331,332,333,1231,1232,965
1189,1190,1187,1186,1188
1579,1580,1581,1582,1585,1589
1408,1409,1407,1411,1410
322,672,1248,1246,675,320
1375,1372,1371,1373,1374,1376
1369,1090,411,410,795,1370
1010,1008,1254,1258,321,1009
996,995,312,311,111,325
1548,1542,1364,1365,1366,1545
1126,1127,1387,1385,1130,863,862
461,460,363,364,362,725,724
88,87,85,86,176,177
1391,1392,1390,1393,1394,1395
731,161,733,734,732
1348,1347,783,1349,1346
391,762,761,760,759
1239,1240,985,982,983,984,986
1277,1439,1434,1281,1280,1278
879,878,880,1145,1144,882,881
1248,1247,1425,1422,1245,1246
590,919,916,588,587,589
96,292,91,98,97
938,940,941,942,939
848,851,850,849,852,853
691,123,124,678,690
1225,960,637,638,959
70,589,587,569,906,905
972,970,934,936,649
1200,1203,1202,1201,1199,1197,1198
1205,1204,1210,1209,1206,1207,1208
486,484,473,472,475,474
857,856,834,831,1388,1386
7,592,452,200,53
1479,1482,1481,1480,1484,1483
219,218,217,216,530
441,445,442,447,446
448,420,424,1106,1105
1284,386,737,739,1285
364,370,369,134,844,845,362
128,129,351,350,707,706
615,614,613,617,616
273,77,20,74,606,607
242,705,703,348,552,549
942,941,620,618,612,947,948
592,593,453,456,457,452
682,680,681,684,990,991,683
859,459,460,461,458,861
1148,1142,65,477,869,1147
1259,1262,1261,1263,1264,1265,1260
780,46,172,784,1080,1079
475,472,208,207,210
1550,1154,1153,1155,1156,1552,1553
159,156,1298,1299,1039
300,299,652,650,303,302
747,748,1050,1049,1044
612,618,622,279,103,611
815,1120,1119,808,803,802
634,635,632,951,953,633
1471,1470,1093,1089,1088,1356
944,948,947,946,945,943
290,291,957,958,632,635
1070,781,780,1079,1351,1350
200,452,457,1196,1195,201
1436,1435,1283,1284,1285,1290,1291
536,564,561,532,531,537
1003,1002,998,997,992,993
846,843,441,446,1124,1125
114,319,320,675,674,117
1595,1594,1592,1593,1590,1591
1186,1187,1065,1064,392,914
1567,1568,1571,1572,1566,1565
229,64,223,540,539,227
556,550,549,552,553,551,557
272,274,273,607,921,920
265,1099,1100,796,413,266
555,557,551,237,236
118,117,674,673,323,119
1084,1083,1086,1087,1085
98,91,288,286,94
1116,1117,1118,1119,1120
1358,1356,1088,255,254,605
1055,1057,1060,1061,1056,1059,1058
745,746,741,740,742,743,744
361,305,301,132,133,356
1052,1051,1283,1435,1437
749,1220,1219,291,290,685
81,923,924,275,24,82
882,1144,1143,867,493,494
918,583,570,908,907,917
880,871,1140,1146,1145
594,591,593,592,7
1554,1553,1552,1551,1478
420,422,421,419,425,424
423,183,800,799,431,432
953,951,952,1211,1214
1247,993,992,981,1426,1425
900,903,234,544,545,233
35,36,37,139,138,440,439
1462,1463,1460,1459,1455,1456
1006,1007,1004,1005,1256,1255
1195,1196,1193,1192,1191,1194
1434,1436,1291,1289,1281
974,975,642,643,120,661
1266,1015,699,1021,1267
1528,1527,1526,1523,1525,1524
1371,432,431,825,826,1373
576,573,246,248,247,245,572
520,213,212,215,527,528
738,745,744,162,163,44
824,417,416,47,1121
1540,1541,1543,1542,1548,1549
957,1222,1226,1225,959,958
868,870,476,478,481,480
1403,1405,858,859,861,860
899,896,898,897,1164,1162
1179,1178,1467,1468,1419,1416
1586,1583,1471,1356,1358,1357
1520,1521,1445,343,124,123
603,602,1357,1358,605,604
352,353,129,128,126,127
795,410,406,405,794
854,853,852,833,834,856
277,276,28,29,5
254,255,582,581,584,585
1478,1551,1396,1397,1398
734,733,158,160,740,741
144,145,105,299,300,106
131,359,357,139,37
1065,1315,1313,1312,1310,1064
797,1102,1101,1100,1099
1299,1298,1300,1301,1304,1305
1129,1379,1381,1127,1126,1128
1566,1572,1573,1515,1513,1514
887,1161,1159,886,888
13,12,63,62,225
148,149,721,722,130
403,401,127,126,241,239
1537,1539,1464,1463,1462,1461
68,67,1177,1500,1501,69
24,275,277,5,30
250,251,73,264,270,269
1077,1078,1528,1524,1076,1075
428,646,928,926,429
284,287,289,628,627
351,1025,1026,712,694,695,350
809,806,426,88,177,414
1280,1281,1289,1288,1282,1279
687,692,691,690,689,688
800,802,803,801,798,799
617,613,626,625,619,621
358,356,133,436,841,840
560,899,1162,1161,887,559
1275,1272,1271,1273,1274,1276
1130,1385,1389,1133,1132,1131
514,518,211,212,213
1451,1452,893,895,894,1340
850,189,191,192,193,849
782,173,174,1337,1336,1072
1453,1339,238,554,893,1452
926,928,929,1200,1198,927
392,1064,1310,1309,763,761,762
828,186,804,805,434,829
253,16,73,251
1178,1332,1352,1354,1465,1467
1183,1184,1185,1181,1180,1182
318,321,322,320,319
1112,1115,821,822,820,823
19,21,23,4,18
294,295,293,297,296
490,487,516,512,489
286,288,289,287,285
1145,1146,1148,1147,1143,1144
41,39,40,154,157
380,113,114,117,118,379
583,584,581,1335,1334,570
196,57,55,8,10,195
60,468,466,49,59
755,754,389,121,337,336
221,1498,1499,567,563,222
170,167,399,398,45,171
563,567,568,562,561,564
217,205,206,58,216
598,596,257,258,256
798,801,418,415,416,417
257,71,72,602,603,260,258
1061,767,1023,1024,1056
1149,1150,566,565,1141,1139
1017,1018,1019,1272,1275,1016
913,914,392,762,391
902,904,903,900,901
1053,1054,736,737,386
86,85,81,82,83,84
293,97,98,94,95,297
194,199,198,197,52
132,301,307,306,110
519,523,522,509,511
1505,1562,1564,1507,1506
876,877,879,881,542,541
547,548,366,365,235
869,477,883,885,476,870
66,546,547,235,459,859,858
1466,1345,1344,1538,1535,1469
1476,1477,1377,1378,1380,1381,1379
1326,1328,1329,1331,1330,1327
812,1111,1112,823,814,813
178,84,83,25,181
1353,1350,1351,1355,1354,1352
1210,939,942,948,944,1209
656,649,936,937,648,655
676,964,963,642,975,976
1560,1508,1509,1510,1512,1511,1559
522,529,526,507,509
826,825,824,1121,827
1114,655,648,427,821,1115
905,906,1561,1562,1505,1176
16,797,1099,265,264,73
720,141,140,38,355,718
969,314,660,671,670,1243,1244
1013,1014,338,332,331,122
1136,513,514,213,520,521,1137
1235,1236,1233,1234,1238,1237
667,31,282,280,665,668
1325,1323,402,401,403,404
271,267,263,595,601
570,1334,1332,1178,1179,908
1518,1519,1517,1516,1522,1570,1569
9,196,195,199,194
1378,855,854,856,857,1380
717,764,1055,1058,1030,1029
1304,1301,730,1302
1511,1512,1495,1494,1489,1490
531,532,873,1392,1391,533
767,1016,1275,1276,1269,1023
1156,1155,232,231,878,879,877
101,104,23,21,22
1401,1402,1474,1482,1479,1400
1440,1565,1566,1514,1442,1441
1011,1260,1265,1014,1013,1012
753,390,388,387,389,754
551,553,151,577,574,237
1007,679,1429,1428,1249,1004
1219,1223,1222,957,291
609,608,75,27,28,276
1592,1173,1536,1537,1461,1593
552,348,346,152,151,553
967,969,1244,1242,968
1582,1576,1547,1546,1584,1585
1267,1021,1022,1296,1517,1519
842,439,440,444,445,441,843
149,377,376,143,141,720,721
791,792,786,1069,1068,580
865,489,512,513,1136,1135
1460,1457,1529,1532,1458,1459
34,296,297,95,90,32,33
890,245,247,374,892
793,788,790,787,786,792
1291,1290,1287,1286,1288,1289
992,997,999,979,981
252,253,251,250,451
966,1228,1230,949,298,645
659,683,991,988,671,660
904,860,861,458,202,234,903
385,752,1438,1439,1277,384
545,544,543,1157,1158,884
1307,1305,1304,1302,1303,1306,1308
1406,1486,1488,1405,1403,1404
1151,1410,1411,1166,566,1150
648,937,1208,1207,646,428,427
1185,1188,1186,914,913,1181
811,818,816,184,182
952,636,641,639,1212,1211
1343,1075,1076,1530,1529,1457
10,8,590,589,70,15
317,316,659,660,314,313
785,782,1072,1071,783
349,696,1010,1009,125,347
1417,1416,1419,1418,1421,1420
1153,875,230,232,1155
1394,1393,1149,1139,1140,871
83,82,24,30,25
469,471,470,467,466,468
1071,1072,1336,1454,1526,1527
1568,1270,1268,1518,1569,1571
87,80,922,923,81,85
1444,1297,702,340,341,342,1443
1167,1168,888,886,546,66
207,208,496,500,206,205
393,384,1277,1278,1019,1018
54,56,57,196,9
1464,1343,1457,1460,1463
119,323,324,146,142
1106,424,425,423,432,1371,1372
790,789,170,171,400,787
17,18,4,2,1
1507,1564,1563,1555,1556,1504
821,427,428,429,430,822
1558,1559,1511,1490,1412,1174
1338,404,403,239,240,238,1339
642,963,966,645,644,643
726,724,725,729,728,727
521,520,528,529,522,523
836,449,448,1105,1104,835
1366,1365,1081,788,793,1092
72,1587,1586,1357,602
803,808,809,414,418,801
369,367,135,36,35,134
1094,1095,1359,1577,1578
1503,1504,1556,1557,1499,1498
472,473,503,502,495,496,208
1562,1561,1595,1591,1563,1564
1080,784,785,783,1347
954,956,955,1221,1224,1217
1028,1029,1030,1031,1032,1033
1536,1535,1538,1539,1537
548,889,891,371,368,366
1571,1569,1570,1574,1573,1572
722,721,720,718,719,723
108,812,813,810,51,50
162,744,743,382,165
728,729,847,846,1125,1383,1382
1238,1234,971,970,972,973
1556,1555,1560,1559,1558,1557
1138,1137,521,523,519
406,407,409,408,773,774,405
1243,670,669,985,1240
399,776,1326,1327,777,398
154,40,43,6,155
143,142,146,147,140,141
1481,1476,1379,1129,1480
95,94,286,285,93,90
932,930,79,78,77,273,274
389,387,747,1044,1043,121
566,1166,1165,902,901,565
1081,1085,1087,789,790,788
340,1259,1260,1011,697,341
1063,1052,1437,1438,752
844,134,35,439,842
75,76,17,1,26,27
445,444,443,851,848,442
622,623,278,100,279
247,248,148,130,375,374
402,1036,1037,352,127,401
1517,1296,1295,1297,1444,1516
172,779,778,173,782,785,784
1133,828,829,830,1132
455,261,586,915,1192,1193
1427,978,664,663,1423
1059,1056,1024,1294,1293,1020
321,1258,1257,1001,672,322
163,162,165,388,390,164
1418,1419,1468,1469,1535,1536,1173
610,943,945,933,1202,1203
945,946,931,930,932,933
497,464,469,468,60,498
1245,1422,1424,995,996,994
1474,1473,1475,1477,1476,1481,1482
65,233,545,884,883,477
1097,1098,1578,1581,1580
1269,1276,1274,1268,1270
1032,1031,708,709,1034,1035
335,751,750,1263,1261
1093,1092,793,792,791,1089
586,585,584,583,918,915
1330,1331,1321,1323,1325,1324,1322
1388,831,832,186,828,1133,1389
1429,1430,1433,1432,1431,1428
916,917,907,909,588
1175,1176,1505,1506,1500,1177
1442,1514,1513,711,712,1026
1398,1397,491,864,866
906,569,1420,1421,1594,1595,1561
1019,1278,1280,1279,1271,1272
372,373,137,136,135,367
706,707,704,703,705
1431,1432,327,677,1251
1290,1285,739,738,44,1287
834,833,836,835,832,831
1458,1532,1531,1169,1170,1171,1172
262,412,1588,1587,72,71
921,607,606,608,609,925
1224,1221,1227,1226,1222,1223
282,283,281,614,615,280
305,304,302,303,308,307,301
457,456,454,455,1193,1196
525,524,219,530,61
1140,1139,1141,1142,1148,1146
62,63,220,221,222,223,64
1119,1118,807,806,809,808
568,1174,1412,1415,562
769,394,385,384,393,1449,1450
980,974,661,662,977
435,438,190,191,189
1384,1382,1383,1475,1473
671,988,987,667,668,669,670
1363,1091,1090,1369,1368
234,202,726,727,543,544
999,1000,976,975,974,980,979
135,136,131,37,36
883,884,1158,1402,1401,885
430,429,926,927,807,1118,1117
1096,1094,1578,1098
947,612,611,931,946
1489,1494,1493,1409,1408,1413
595,263,262,71,257,596
56,201,1195,1194,55,57
1282,1288,1286,345,698,699,1015
991,990,989,987,988
1424,1423,663,310,312,995
1438,1437,1435,1436,1434,1439
26,1,2,3,89
1321,1066,1036,402,1323
697,1011,1012,1433,1430
174,1324,1325,404,1338,1337
158,157,154,155,156,159,160
225,62,64,229,224
955,1042,1041,1227,1221
346,347,125,115,116,153,152
466,467,203,187,49
1104,1105,1106,1372,1375,1103
1082,794,405,774,1083,1084
872,1414,1413,1408,1410,1151,1152
1254,1253,1255,1256,1257,1258
307,308,654,1113,1110,306
662,661,120,680,682,315
45,398,777,779,172,46
1495,1492,1491,1497,1496,1493,1494
1484,1480,1129,1128,1122,1123
543,727,728,1382,1384,1157
1048,1047,954,1217,1218,1046
699,698,756,758,1022,1021
1345,1346,1349,1078,1077,1344
421,51,810,811,182,419
936,934,935,1205,1208,937
669,668,665,666,982,985
388,165,382,383,748,747,387
1448,1450,1449,1446,1447
1134,1135,1136,1137,1138
1590,1593,1461,1509,1508
681,328,329,330,684
1341,1340,894,244,558,1073
674,675,1246,1245,994,673
702,701,334,1262,1259,340
582,580,1068,1333,1335,581
832,835,1104,1103,804,186
496,495,497,498,499,500
228,226,534,535
1249,1428,1431,1251,1252,1250
226,227,539,538,874,534
725,362,845,847,729
502,501,465,464,497,495
1584,1546,1544,1470,1471,1583
323,673,994,996,325,326,324
1213,1214,1211,1212,1215,1216
1399,1550,1553,1554
312,310,309,657,658,311
700,757,755,336,334,701
743,742,1040,1038,383,382
39,42,43,40
1100,1101,1097,1580,1579,796
241,126,128,706,705,242
1206,1209,944,943,610,647
693,688,689,1253,1254,1008
614,281,284,627,626,613
28,27,26,89,29
626,627,628,624,625
223,222,563,564,536,540
1329,1317,1067,1066,1321,1331
1158,1157,1384,1473,1474,1402
212,211,474,475,210,214,215
512,516,515,517,518,514,513
1242,1244,1243,1240,1239,1241
137,723,719,360,359,131,136
606,74,76,75,608
630,631,640,961,292,96
778,1322,1324,174,173
365,366,368,370,364,363
907,908,1179,1416,1417,909
368,371,372,367,369,370
1362,1361,1367,1541,1540,1472
830,829,434,185,433
1318,1319,1320,1316,1317,1329,1328
1411,1407,1406,1404,1165,1166
587,588,909,1417,1420,569
845,844,842,843,846,847
1190,765,1315,1065,1187
411,175,249,407,406,410
431,799,798,417,824,825
1180,1181,913,391,168,169
238,240,550,556,554
315,682,683,659,316
334,336,337,335,1261,1262
663,664,317,313,309,310
646,1207,1206,647,929,928
246,378,377,149,148,248
804,1103,1375,1376,1107,805
766,1017,1016,767,1061,1060
1501,1500,1506,1507,1504,1503,1502
1334,1335,1333,1353,1352,1332
355,38,107,304,305,361
1091,579,175,411,1090
1051,1053,386,1284,1283
1465,1354,1355,1348,1346,1345,1466
597,600,601,595,596,598,599
1087,1086,770,167,170,789
703,704,349,347,346,348
156,155,6,1300,1298
654,653,656,655,1114,1113
652,1237,1238,973,651,650
1030,1058,1059,1020,708,1031
1310,1312,1448,1447,1311,1309
1232,1231,1229,1230,1228
1534,1342,1341,1073,1074,1533
1317,1316,1033,1032,1035,1067
484,482,506,503,473
658,657,967,968,1233,1236
765,768,1314,1313,1315
1122,1128,1126,862,470,471
672,1001,1003,993,1247,1248
413,796,1579,1589,1588,412
450,268,600,597,259
1374,1373,826,827,1109
184,816,815,802,800,183
719,718,355,361,360
161,41,157,158,733
712,711,687,688,693,694
151,152,153,150,578,577
1547,1549,1548,1545,1544,1546
539,540,536,537,538
124,343,344,679,1007,1006,678
1563,1591,1590,1508,1560,1555
1496,1497,1485,1487,1488,1486
1575,1472,1540,1549,1547,1576
1313,1314,769,1450,1448,1312
353,354,1027,1025,351,129
978,977,662,315,316,317,664
989,33,32,31,667,987
1295,700,701,702,1297
74,20,19,18,17,76
483,480,481,482,484,486,485
1216,1215,631,630,629,950
511,509,507,510,508
1409,1493,1496,1486,1406,1407
53,200,201,56,54
814,823,820,817,819
298,949,950,629,295,294,99
710,1292,1440,1441,1027,354
214,210,207,205,217,218
715,759,760,717,1029,1028,716
378,381,380,379,376,377
206,500,499,209,58
458,461,724,726,202
111,311,658,1236,1235,112
153,116,113,380,381,150
873,872,1152,1390,1392
470,862,863,463,203,467
1526,1454,1453,1452,1451,1523
1293,1294,1567,1565,1440,1292
11,68,69,12,13
1027,1441,1442,1026,1025
1212,639,640,631,1215
230,533,1391,1395,231,232
1425,1426,1427,1423,1424,1422
639,641,962,961,640
419,182,184,183,423,425
1445,1443,342,344,343
1538,1344,1077,1075,1343,1464,1539
1164,897,572,245,890,1163
268,269,270,271,601,600
777,1327,1330,1322,778,779
773,408,166,395,772
1543,1370,795,794,1082,1364,1542
426,1197,1199,80,87,88
912,1189,1188,1185,1184
807,927,1198,1197,426,806
981,979,980,977,978,1427,1426
1364,1082,1084,1085,1081,1365
1502,1503,1498,221,220
538,537,531,533,230,875
1449,393,1018,1017,766,1446
462,1131,1132,830,433,188
940,92,616,617,621,620,941
1073,558,896,899,560,1074
518,517,485,486,474,211
1034,709,710,354,353,352,1037
79,102,101,22,78
689,690,678,1006,1255,1253
863,1130,1131,462,463
1068,1069,1070,1350,1353,1333
922,920,921,925,924,923
295,629,630,96,97,293
886,1159,1160,889,548,547,546
507,526,525,61,510
1143,1147,869,870,868,867
707,350,695,696,349,704
1578,1577,1575,1576,1582,1581
1367,1368,1369,1370,1543,1541
447,442,848,853,854,855
1076,1524,1525,1342,1534,1530
1349,783,1071,1527,1528,1078
1160,1163,890,892,891,889
506,505,504,501,502,503
198,14,1175,1177,67,197
107,106,300,302,304
1588,1589,1585,1584,1583,1586,1587
1433,1012,1013,122,327,1432
396,714,1319,1318,775,397
400,171,45,46,780,781
1005,1004,1249,1250,998,1002
1522,1516,1444,1443,1445,1521
604,605,254,585,586,261
231,1395,1394,871,880,878
493,867,868,480,483,204
1024,1023,1269,1270,1568,1567,1294
1199,1201,272,920,922,80
443,837,838,435,189,850,851
1412,1490,1489,1413,1414,1415
416,415,180,48,47
32,90,93,283,282,31
1088,1089,791,580,582,255
1202,933,932,274,272,1201
481,478,479,505,506,482
1265,1264,686,339,338,1014
686,685,290,635,634,339
852,849,193,449,836,833
574,577,578,573,576,575
735,732,734,741,746
