165,163,71,26,185
146,152,154,168,167,148
186,149,76,77,74
183,184,223,220,182
221,171,170,169,237,238
256,227,247,245,241,257
61,62,137,140,59,60
11,49,46,8,9,12
195,196,79,81,80,151
122,125,124,126,127,123
19,18,30,85,86
74,77,72,78
73,166,165,185,144
59,140,139,21,20,16
156,157,151,80,29,94
8,46,47,36,35,5
215,216,120,125,122,55
35,36,34,45,42
235,236,10,54,53,191,190
204,203,201,202,199,200
170,116,103,104,102,169
47,48,87,34,36
149,239,240,224,145,75,76
198,112,7,32,79,196
22,119,230,251,250,23
247,246,244,242,243,245
107,106,130,129,49,11,98
113,217,214,115,117
254,256,257,255,258
90,97,91,88,89
207,160,96,97,90,206
120,121,174,172,124,125
153,155,157,156,154,152
199,202,195,151,157,155
86,85,84,226,228
101,98,11,12,111,110
49,129,131,48,47,46
164,94,29,3,70,71,163
182,220,234,233,229,230,119
234,238,237,236,235,233
191,53,52,203,204,189
188,200,199,155,153,187
82,249,252,150,83
3,4,92,212,213,70
211,209,205,93,210
33,38,158,159,92,4
224,225,146,148,147,145
218,178,121,120,216
133,180,135,138,136
145,147,28,27,75
251,230,229,231,232,248
208,207,206,205,209
244,193,194,188,187,242
180,181,114,134,135
103,55,122,123,105,104
67,65,66,68,69
30,31,82,83,84,85
167,168,164,163,165,166
142,133,136,137,62
205,206,90,89,93
71,70,213,162,26
127,126,51,58,128,130,106
141,142,62,61,63
232,231,190,191,189,192
111,12,9,2,7,112
255,257,241,240,239
229,233,235,190,231
181,113,117,118,114
213,212,211,210,162
96,95,41,91,97
17,25,24,31,30,18
258,255,239,149,186
53,54,100,101,110,109,52
252,253,193,244,246,150
52,109,197,201,203
102,104,105,108,99,50
223,222,221,238,234,220
201,197,198,196,195,202
5,35,42,43,6
175,176,56,58,51
92,159,208,209,211,212
137,136,138,184,183,139,140
27,28,73,144,143
24,23,250,249,82,31
10,50,99,100,54
161,37,44,95,96,160
69,68,17,18,19
248,232,192,194,193,253
237,169,102,50,10,236
217,218,216,215,214
154,156,94,164,168
14,13,15,65,67
192,189,204,200,188,194
9,8,5,6,1,2
178,177,173,174,121
124,172,175,51,126
64,141,63,13,14
40,39,37,161,158,38
79,32,40,38,33,81
99,108,107,98,101,100
241,245,243,225,224,240
138,135,134,222,223,184
80,81,33,4,3,29
131,132,57,87,48
134,114,118,171,221,222
118,117,115,116,170,171
177,219,179,173
7,2,1,39,40,32
128,58,56,57,132
249,250,251,248,253,252
77,76,75,27,143,72
20,21,22,23,24,25
105,123,127,106,107,108
158,161,160,207,208,159
115,214,215,55,103,116
243,242,187,153,152,146,225
109,110,111,112,198,197
228,226,227,256,254
130,128,132,131,129
65,15,60,59,16,66
174,173,179,176,175,172
147,148,167,166,73,28
226,84,83,150,246,247,227
139,183,182,119,22,21
43,42,45,41,95,44
39,1,6,43,44,37
66,16,20,25,17,68
13,63,61,60,15
