2624,1598,739,740,3278,3277
2622,2618,738,737,736
1714,1741,1739,838,837,1715
1668,1669,1670,1671,1667,1666
1442,2450,2449,1441,1445,1446
3420,3421,2855,2854,2853,1929,1930
2770,3333,3362,3361,2767,2765
3001,3003,2060,1723,1722,2064
1709,767,768,2660,2661
758,759,756,754,755,757
1600,1599,2,739,1598
701,702,703,1544,1541,700
3322,1797,2768,2769,2705,3323
171,644,646,625,172,173
3367,3371,3373,3368,3369,3370
3752,4062,3749,3751,3750
2982,2999,3864,3862,2981
852,1864,2816,2818,851,853
3469,2902,3461,3459,3467
2476,2475,2479,2478,2473,2474
1144,2281,2277,1281,544
2418,16,146,147,133,2417
3381,2793,3384,3753,3758
1479,1477,1476,2508,2509,1478
570,571,572,118,117
1610,1609,228,229,230
4084,4087,3002,3003,3001,4010
2886,2887,3521,3522,2986,1076,1077
10,3108,3109,1596,31
3207,3456,3795,3796,3465,2904
964,320,321,957,958,962
1948,1934,1936,1937,2866,2867
2726,3338,3339,3334,3335,2773
3297,3683,1634,1142,2649
2705,2769,2764,870,280,2704
3851,2938,3489,3846,3844,3850
1762,1764,1765,1761,1760,1763
2105,422,1120,1126
3987,3988,3985,3986,3983,3982,3984
1647,1644,439,438,1145,1143
3993,3989,3782,2922,3476,3478
3453,1971,1972,1970,3454
3414,1181,1182,2158,3766,3764
512,513,517,518,511,510
2933,2932,2936,2937,3493,3495
2571,3642,3641,3239,3238,2572,2573
1564,218,217,1538,1537,1566
427,426,425,3027,3029,3025
1713,1714,1715,1711,1712
2576,2574,3638,3642,2571,2564
2393,3871,3873,3555,2201,2392
3139,1342,1280,2274,2275,3138
197,24,707,706,201
3042,3040,3041,3543,3547,3043
1827,1829,907,1841,1840,898
2169,2168,375,374,1021,2161
2387,2385,1382,580,571,570,116
2650,2651,2654,2652,2653
715,1563,1565,694,697,686
19,1531,1532,1549,1548,20
1278,1277,113,110,112,111
2577,3256,3257,3637,3638,2574
723,206,207,204,205
2325,2322,1316,1314,1315,1320
2499,2500,2496,2497,2498
2118,2114,2116,3011,3013,2119
377,376,373,374,375
1819,1823,3366,3363,1821,1820
4075,4074,4072,4071,4079,4081,4073
2195,2197,2194,1243,1242,1250
823,1700,1699,824,825,826
3060,1396,131,2192,2196,3061
3388,3389,3960,3962,3386,3387
2098,2097,341,513,512,990
2905,3206,3207,2904,2906,2907
2295,2296,2299,2300,2298,2297
2819,2820,1860,913,914,912
3366,3365,3743,3741,3364,3363
267,3688,3686,1707,268,269
835,832,775,774,1736,1737
2110,3021,1119,420,421
982,1946,2863,2862,1941,1944
867,1793,1795,864,863,869
2402,3593,3594,3872,3871,2393,2394
3190,4050,4053,3811,3814,2467
2233,2238,2237,1273,2243,2244
2806,2804,2805,2808,2807,3728,3727
804,1661,1660,1673,1674,808
1217,65,327,1960,1961,2873,2874
3213,1453,2949,3209,3215
3933,3935,3934,3936,4042,4043
966,962,958,959,943
2424,2425,1397,2421,2420,127,594
2292,2289,1285,1286,2287
1586,2586,2585,729,728,1458
1251,2199,3552,3550,1253,1252
1575,636,635,724,726,1577
789,802,807,806,2667,2666
3766,2158,2159,2160,2157,3768
645,627,628,624,625,646
185,1406,1404,1407,1408,683
3661,3660,3943,3945,3662
1628,1629,1627,1626,2639,2642
1617,1616,2631,3675,3674
2978,2977,3516,3518,2979
2786,3367,3370,1808,1809
1808,3370,3369,839,274,273
1020,1019,1018,1017,2006,2005
2270,2269,3286,3289,2272,2271
699,698,19,20,193,192
3255,3631,3633,3645,3646,3258
2774,1813,1812,1811,1810,2775
2309,553,1310,1360,1358,2307
342,503,502,344,345,343
3479,3480,2923,3197,3196,2920,2921
3625,3630,3629,3628,3627,3626
293,903,1838,1839,1027,371
1529,1525,1527,1526,2553,2556
2607,2605,2595,1591
643,1493,1494,645,646,644
384,385,1043,1040,383
734,733,1594,1593,735
1257,1260,1261,1259,1258
3090,3094,2263,2260,2261,2262
3791,3792,2542,2541,2544,2543
2274,3096,3095,2273,2276,2275
3959,3697,3957,3956,3958
2035,2069,2068,2034,2033,2032
773,2657,2655,1641,1638,1635
620,2531,2532,619,1432,1430
3200,2925,2924,2463,2465,3201
1543,2409,2410,591,14
3088,1266,1267,2218,2219,3087
3951,3948,3950,3949,3952,3953,3954
1799,1800,2716,2717,1802,1801
3908,4018,4017,3909,3911,3910,3907
3978,3665,3664,3663,4057,4058,3976
1843,1844,904,1834,1838,903
2349,3135,3132,1344,2365,2369
1804,1803,2776,2780,2012,2011
2911,347,2442,2444,151,2910
1352,1353,1351,1354,2397,2398
2702,2703,1745,1744,1746,1747
411,407,408,101,409
549,1355,1356,565,1390,1389
929,928,306,305,1867,1868
1290,1287,1288,3988,3987,1289
3949,3950,3958,3956,3309,3308
2998,2058,2993,2992,4086,4085
382,1016,1015,1039,2018,2015
2187,3055,2188,2189,2186
398,82,78,399
3205,3211,3210,3455,3456,3207,3206
2219,2218,2221,2223,2222,2220
1751,1743,55,54,1749,1752
392,1073,1074,2967,2968,1079
115,114,25,26,223
3658,3659,3271,2614,3269,3270
3754,3755,3395,3398,2794
3790,3699,3704,3703,2542,3792
3729,3730,3340,3339,3338
1471,1470,215,3252,3250,2578
1651,1650,444,445,452,782
1615,3672,3670,258,813,812
2049,3440,3438,2880,3529,3530
1226,487,488,484,483,1225
1315,1314,548,1309,1310,553,554
3880,3878,3074,3067,3554,3874
654,657,177,178,180,181
3261,3263,3262,3264,3265,3266
2407,2408,2413,2412,2410,2409
3956,3957,3955,2680,3309
3357,3356,936,2748,1790,2762
3435,3436,2871,2470,2472,2471
1821,3363,3364,2785,1812,1813
350,351,348,2932,2933,349
4061,3971,3404,3384,2793
1358,1360,1359,1357,1356,1355
3247,3249,3248,3245,3246
3343,2740,2741,1772,3345
1837,1835,1830,1803,1804,1028
526,527,525,524,522,523
301,302,303,2813,3406,3407
3049,3050,456,464,465,1163
2065,2064,1722,2683,2684
3795,3797,3798,3799,3800,3796
2828,2827,3412,3415,2833,2832
3885,2628,3272,3274,3287,3884
2106,2107,1125,1124,1132,1133
3237,2582,3652,3651,2559,3629,3630
681,1510,1508,650,597,601,682
1985,1984,1988,1987,1986
449,460,1881,1880,2288,2291
1551,711,203,200,705
593,596,595,592,1393,1395
1760,1761,846,237,749,750
2122,2118,2119,2120,2121
1622,752,264,44,45,1623
3788,1920,969,972,3786
2791,2790,3750,3751,3382,2792
329,332,331,330,334,333
3446,3447,3448,3450,3449
25,736,737,27,26
1463,1458,728,639,1454,1461
2751,1876,1875,933,2722,2723,2750
2401,1391,2404,3156,3596,3595
1310,1309,1311,1312,1359,1360
1581,1578,1580,1579,1582
3702,3312,3314,2693,3708
1692,1695,1696,1694,1693,1691
3524,3523,3525,3526,3522,3521
303,919,918,2812,2813
3865,3867,2079,2080,2081,3004
2113,2112,3026,3024,2111
2579,2578,3250,3632,3631,3255,3254
1845,906,900,901,904,1844
2517,2520,2468,2469,2514,2513,1480
2071,1093,2885,2884,393,2072
1725,2685,2687,2313,2315
211,210,208,209,709,710
1466,633,634,638,637,1465
2863,2867,2866,2865,2864,2862
3029,3027,3028,3030,3031
2946,2945,2942,2943,2941,2944
3701,3700,3698,3705,3704,3699
1627,877,282,281,760,1626
2094,1197,1196,497,498
1658,2665,2664,809,94,1652,1653
2416,2417,133,132,131,1396
1932,1933,1934,1948,1947,1931
2342,2362,2361,1266,3088,3089
989,990,512,510,504
2611,2612,1592,2603,2606
3560,2396,538,3082,3081,3559
2631,2630,2629,3292,3676,3675
2996,2025,2026,2027,2995
4039,3920,3202,3214,3616,4038
3130,3129,2331,2333,2335,2334,2332
2095,2099,2098,990,989,988
1818,1814,1822,1823,1819,1816
511,518,1215,1211,506,501
2994,2995,2027,1048,1047,2062,2063
3798,3451,3452,3453,3454,3799
1488,1485,162,1503,1502,647
2051,2991,2989,2050,2054,2055
1910,968,967,1909,2850,2851
1221,530,531,1227,2184,2183
720,721,722,723,205,719
2167,494,490,377,375,2168
2302,3566,3565,2303,2301
1754,1755,1751,1752,1753,1750
2164,2170,2169,2161,2162,2163
1307,3125,3127,567,1361,1363
1311,1308,1307,1363,1362,1312
3163,3161,2416,1396,3060,3063
730,1480,2513,2584,2583,1583
1687,1688,1685,1686,1689,1690
2889,2882,3445,3524,3521,2887
1681,811,3301,3300,1685,1688
996,2962,2964,2697,998
456,96,470,1181,3414,3413,464
3100,3101,3098,3097,3099
12,13,583,582,120
2561,2565,2566,2560,2562
1979,1004,1005,3497,3498,3492
139,2399,3597,3598,3157,588,138
1677,454,457,2156,2155,1678
2739,1865,924,1770,1776
1362,1363,1361,1366,1365,1364
3157,3598,3600,3160,3159,3158
2641,2642,2639,2640,2644,2643
3208,2947,3457,3455,3210
1378,1268,1269,1271,1270,578,1379
481,1201,2164,2163,327,65
3175,3178,3177,3181,3180,3176
2085,3006,3005,2082,2083,2084
1138,1136,2113,2111,1135,1137
4001,3855,3856,3857,4004
931,926,927,928,929
3786,972,973,2926,2928,3784
945,2471,2472,322,1896,1894
1067,2891,2888,1065,1066
2545,2546,2543,2544,2548,2547
286,287,285,290,291,284
578,1270,2239,2240,1375,1374
2140,2139,1157,1158,1159,1160
3644,3648,3259,3260,3650,3653
2781,2779,2774,2775,3868,3869
3307,3693,3951,3954,3684,3685
3041,2143,2142,2141,3544,3543
370,295,293,371,372,1018,1019
642,157,630,2507,2508,1476
914,913,56,57,887
1787,872,871,866,865,2744,2745
1425,2430,2433,1428,1427,1426
493,492,491,490,494
3575,3574,3110,2339,2337,1326
1148,1149,440,545,560,559,87
135,134,1384,1385,136
3441,3439,3437,3438,3440
3664,3276,2625,2626,3663
47,49,48,50,51
1249,1250,1242,1229,1228
3222,3224,2916,2915,2523,2524
1604,1603,1608,1611,741,742
2795,2797,2798,2796,3400,3401
2012,2780,2781,3869,3870,3533
2117,2103,2096,3010,3011,2116
1923,1921,3423,3422,1922,1924
1398,1400,1399,1397,2425,2422
2160,1191,1192,1190,2157
726,724,2579,3254,3253,725
4054,3928,3807,3808,3812,3811,4053
987,2021,2019,1036,985,986
1361,567,566,1347,1366
402,1108,2093,2092,1921,1923
713,714,1559,1560,3234,3232
606,607,608,609,1414,1413
1885,1884,1601,1602,1893,1892
308,1877,2839,2838,940,939
1711,1715,837,2149,2145,1162
1371,1374,1375,1376,1377,1372,1373
3439,994,845,1053,2881,3437
522,524,519,107,102
1054,390,745,1046,1057
3016,3015,523,522,102,341,2097
1166,1163,465,463,447
312,313,946,1935,1936,1934,1933
3474,3473,3818,3824,3825
444,1165,1166,447,446,445
1469,1455,1456,214,215,1470
1157,441,1151,1153,89,1158
2968,2967,2969,3515,3513,2971,2970
3836,3840,3841,3837,3838,3839
3960,3961,3964,3963,3962
3485,3922,3923,3612,2924,2925
277,1784,1781,849,1765,1764
1497,626,627,645,1494
656,654,181,663,664
1981,354,384,383,1008,1982
1866,304,926,931,930,925
561,2346,2368,2367,562,563
30,536,109,108
1182,1185,1188,1186,2159,2158
1060,1066,1065,2960,2957,1064
128,15,535,1244,1246
2272,3289,3288,1293,1295,2210
1999,2944,2941,1996,1995,1998
1788,1789,1787,2745,3355,3354
3537,3540,3038,3904,3903,3039
2757,2720,2721,1769,1800,1799,2756
363,360,361,362,365,364
1860,1859,298,56,913
2875,2874,2873,2872,2877,2876
952,954,315,314,318,319
3455,3457,3458,3797,3795,3456
256,255,6,46,1670,1669
2208,2212,2209,2296,2295,2206
1983,1982,1008,1006,1984,1985,1007
3302,3303,3306,3307,3685,3687
3115,3119,3118,3116,3117
3248,725,3253,3256,2577,3245
1375,2240,2241,1257,1258,1376
3840,2940,357,1011,1010,3835,3841
1899,1900,2845,3996,4065,4066
2609,2613,3261,3266,2612,2611,2610
799,1666,1667,805,803,798
760,281,878,879,765,766
3235,3232,3234,3233,3236
3932,4049,4045,3928,4054,4052
2567,1576,1577,726,725,3248,3249
3499,3502,2951,2954,2949,1453
1436,1435,1433,1434,2435,2437
2383,3143,3144,1147,1336,1337
1071,391,2890,2891,1067,1069
1874,1873,1871,1872,1875,1876
2515,1483,2525,2527,1484,2516
2455,2454,2456,2457,3177,3178,2458
2408,1394,1395,1393,1392,2411,2413
2879,2878,2029,2028,1082,1967
3123,3587,3588,3120,3121,3122
4005,4006,2985,2976,2045,2966
1757,1756,1758,1759,2708,2711
1736,774,801,796,778,1738
3472,3471,3827,3826,2916,3224
3617,3615,3212,3935,3933,3621
3395,3401,3400,3399,3396,3397,3398
1259,1261,539,540,541
1766,850,895,891,885,1767
483,484,1202,1201,481,482
4051,4052,4054,4053,4050
3014,3012,993,992,991,2091
1200,1198,473,477,480
733,222,1449,1451,1595,1594
152,153,629,630,157
3429,2918,2919,1977,981,2861,3430
2320,2319,2310,3112,3573,3572,1732
1872,932,935,934,933,1875
1660,2671,2670,2677,2679,1673
3400,2796,3388,3387,1846,3399
848,856,858,759,758,847
2006,1017,1013,1016,382,2008
1127,424,423,1128
217,219,186,1539,1538
105,104,521,525,527
4006,4004,3857,3520,2984,2985
2592,3604,3605,2589,2590,2591
1062,1060,1064,1063,1061
3862,3864,4082,4083,4008,3863
3284,3283,3282,3281,3563,3564,3285
2377,2370,2371,2373,2372,2379
238,241,242,751,2629,2630
396,1926,1927,975,311,310
2047,2051,2055,2983,2980
2120,2119,3013,3014,2091,2092,2093
3136,3134,3133,3132,3135
488,1203,1207,1202,484
3710,3709,3722,3724,2706,2707
2300,3102,3567,3566,2302,2298
735,1593,2609,2610,2602
617,616,138,588,589,144
3837,3841,3835,3832,3833,3834
258,3670,3671,3290,1624,254,259
232,236,235,233,1616,1617,747
3329,3714,3710,2707,3331
2444,2442,2443,2440,2441,2445
673,674,675,676,677
4025,4024,4023,4026,4027,4028
2504,1489,1488,647,649,2505
3073,3072,1381,1371,1373,1383
3573,3112,3114,3113,3111,3110,3574
3571,3570,3568,3569,3897,3902
3150,2392,2201,2202,2200,3154
3690,3691,3692,3948,3951,3693
191,677,676,593,1395,1394
1388,1389,1390,2395,3557,3558,3076
2480,2484,1448,2477,2479,2475
2273,3095,3561,3883,3882,3286,2269
2506,2505,649,648,658,659,1474
3876,3875,3877,3879,3878,3880,3881
1656,1658,1653,1654,250
938,1890,1888,2837,2840
1849,1850,1851,1852,2808,2805
663,181,180,179,662,666
403,402,1923,1924,1102,1105
3805,3801,1973,1975,3462
1176,437,436,95,1178
3494,3493,2937,3490,3489,2938
649,647,1502,1505,1498,648
189,689,690,194,208,210
2155,2156,2154,3051,3054
1088,2084,2083,2070,2067,1089
3392,3391,3393,3394,3390
1570,2569,2568,3240,3243
4062,4061,2793,3381,3749
2644,2640,1630,1633,1632,1631
1449,1450,2476,2474,1452,1451
2176,1216,1217,2874,2875,2175
1997,1998,1995,2900,2901
3327,2704,280,1789,1788,3326
4057,3663,2626,3668,4059
458,1180,1179,466,1183,1184,469
3539,3541,3542,3540,3537,3538
2666,2667,2662,2664,2665,2663
604,1412,1416,1400,1398,605
3800,3799,3454,1970,2902,3469,3470
1500,1501,1492,1493,643,175,176
3278,740,1597,2625,3276
1141,433,1136,1138,1140
1049,1052,836,834,1718,1717
75,367,369,360,363,74
2249,2248,1276,2257,2256,2242
419,418,1116,1113,84
2488,2591,2590,2490,2491,2487
2990,3532,3528,2989,2991
880,881,762,3305,3306,3303
2311,3115,3117,1329,3113,3114
873,1791,2752,2753,1792,874
80,428,429,400,401,79
2386,3069,3073,1383,1382,2385
356,364,365,1012,1011,357
3425,2856,2857,2855,3421
2104,2102,2101,2103,2117,2115
1557,1554,721,720,4,202
2194,2193,1241,1238,533,1243
1702,3308,3309,2680,1710,1706
933,934,62,2724,2722
3074,3075,3071,3068,3066,3067
2001,2000,2003,2004,2002,2953,2950
82,81,80,79,406,405,78
92,1648,1646,2136,2134
908,1854,1855,2760,2759
432,1131,1130,2112,2113,1136,433
2146,2144,443,441,1157,2139
1606,1607,1603,1604,1605
406,79,401,403,1105,1104,404
1830,1831,1815,2777,2776,1803
922,296,60,297,920
2435,1434,1429,3168,3167,2434
1338,1337,1336,2353,2350,1335
186,187,185,683,1540,1539
1092,1095,1094,2883,2885,1093
731,732,2488,2487,2601,2596
424,2106,1133,1134,86,423
1836,1832,1833,1831,1830,1835
3845,3831,3836,3839,3503,3842
3432,2868,2869,2870,2871,3436
2758,2759,2760,2761,3324,3712,3711
2509,2508,2507,2511,2512,2510
792,788,790,786,787,791
3186,3193,3195,2461,3183
203,202,4,5,199,200
876,875,873,874,871,872
1306,1305,1520,2538,2537,669
3597,3595,3596,3599,3600,3598
4071,3998,3997,3999,4077,4079
2166,2165,2167,2168,2169,2170
3336,3337,2740,3343,3341
2743,2739,1776,1777,2742
3491,3492,3498,3496,3505,3504
1785,1786,1782,1781,1784,1783
3496,3494,2938,3851,3852,3505
2542,3703,3706,3225,3228,2541
3603,3608,3609,3606,3605,3604
64,1954,1955,324,352,353,71
2658,2661,2660,2659,2655,2657,2656
361,1070,1068,395,394,362
1288,939,940,1891,3985,3988
1080,1081,1058,1055,2052,2053
1048,1050,1051,1052,1049,1047
3131,2694,1734,1733,2331,3129
1973,3793,3791,2543,2546,1975
2792,3382,3383,905,907,1829
932,3351,3350,917,916,935
2692,2690,2689,2688,2691
687,686,697,696,692,693,688
1043,1042,1045,1044,1041,1040
462,461,937,1882,1881,460
2178,2183,2184,2182,2181,2180,2179
899,3752,3750,2790
3624,2907,2906,3219,3941,3942
2491,2490,2492,2493,2495,2494,2489
2057,2053,2052,2997,2993,2058
1056,1057,1046,1692,1691,2026,2025
1697,1704,1703,1698,1699,1700
2356,1340,3100,3099,1343,2355
3822,3821,1974,150,156,2914
274,839,1754,1750,844,276
692,696,699,192,691
941,1931,1947,1946,982
7,1063,1064,2957,2958,1072,8
3689,3687,3685,3684,3686,3688
697,694,695,698,699,696
3934,3205,3206,2905,3936
252,2646,2647,253,251
2842,1600,1598,2624,3779,3780
2749,2750,2723,2720,2757,2754
2718,2719,1768,883,282,877
1959,1957,987,986,984,1952
3337,2743,2742,2741,2740
612,610,611,613,1403,1402
2728,3729,3338,2726,2727
3972,4063,3405,3391,3392,2800
3238,3239,3237,3630,3625
1356,1357,564,1353,1352,565
2213,2220,2222,1265,1264
3902,3897,3898,3899,3900,3901
2108,2105,1126,1125,2107
506,1211,1210,507,509,508
2130,2131,1144,544,545,440
575,574,573,577,576
3572,3573,3574,3575,3576
4027,4026,2519,2518,2462,3192
3900,3899,2621,2623,2616,2617
1886,1193,471,1883,1887
3831,3830,2939,2940,3840,3836
950,1901,1902,946,313
3569,3657,3658,3270,3898,3897
2033,2034,1071,1069,1068,1070
408,500,496,104,105,101
3938,3940,3221,3473,3474,3810
3765,3764,3766,3768,3767
1602,1601,1,2,1599
204,207,211,710,708
3692,3694,3959,3958,3950,3948
1359,1312,1362,1364,564,1357
239,1631,1632,241,238,33
3896,3947,3946,3570,3571,3891
2597,2600,1464,633,1466,1589
763,59,2681,3691,3690,3304
3848,3849,3998,4071,4072
658,648,1498,1499,177,657
3423,3424,3425,3421,3420,3422
3518,3516,3517,3519,3855,4001,4000
4077,3999,3916,4031,4032,4076
278,1801,1802,1629,1628,279
2479,2477,3913,3912,3607,2478
3138,2275,2276,2265,2264,3141
2976,2985,2984,2973,2974,2972,2975
2602,2610,2611,2606,2608
1810,1811,1805,1806,1807
2410,2412,2415,591
4088,4089,3975,3763,3761,3762
3226,1529,2556,2555,1528,3227
562,2367,2366,1332,2229,2228
3923,3927,3614,3613,3612
3943,4055,4056,3944,3946,3947,3945
2689,1712,1711,1162,2153,2152,2688
3106,2617,2616,114,115,3107
2544,2541,3228,3230,1521,2548
90,448,449,2291,2290,11
3059,3058,3056,3057,3055,2187
775,777,776,800,801,774
2608,2606,2603,2604,2605,2607
897,283,288,896
1452,2474,2473,631,3262,3263
2100,3017,3016,2097,2098,2099
3443,3442,3444,3523,3524,3445
442,791,787,785,1155,1156
2020,2024,2023,2022,2019,2021
2932,348,355,1980,2935,2936
3787,3789,3788,3786,3784,3785
3051,2154,1168,1167,96,456,3050
3807,3939,3938,3810,3809,3808
1974,2908,2910,151,153,152,150
2109,2108,2107,2106,424
502,501,506,508,344
2700,2045,2976,2975,2040,2699
497,1196,1194,530,1221,1223
3858,4007,4009,3861,3860,3859
3335,3334,3332,3360,3362,3333
1045,378,2078,2077,366,1044
1152,1154,249,780,779,91
3719,3326,1788,3354,3718
1643,770,769,248,1642
3236,3233,712,711,1551
2378,2379,2372,2231,2224,2226
2695,2041,2042,1735,1734,2694
772,2653,2652,3298,3301,811
3725,3721,3327,3326,3719,3720,3328
1971,998,2697,2698,272,999,1972
3809,3810,3474,3825,3827,3471
395,1068,1069,1067,1066,1060,1062
2953,2002,2946,2944,1999,2952
2092,2091,991,3424,3423,1921
2400,2401,3595,3597,2399
2132,1143,1145,2282,2281,1144,2131
3536,3533,3870,3866,3534,3535
3827,3825,3824,3823,3821,3822,3826
2449,2448,137,1435,1436,1441
1856,1857,1853,1855,1854
2675,2676,455,1171,1172,457,454
846,847,758,757,234,237
3180,3181,3179,3185,3184,3915,3914
208,194,701,700,190,209
3646,3645,3647,3648,3644,3643
1403,613,604,605,602,1401
3234,1560,1561,1558,712,3233
980,2929,2930,1900,1899,323
4059,3668,3669,3667,3666,4060
2928,2926,2927,2931,2930,2929
1097,3535,3534,3006,2085,1096
3353,3352,2747,1780,1782,1786
3600,3599,3589,3593,2402,3160
3855,3519,2981,3862,3863,3856
813,258,259,815,816
3275,3277,3278,3276,3664,3665
2019,2022,2016,2013,1035,1036
1381,1379,578,1374,1371
3433,3434,3431,3432,3436,3435
1800,1769,854,2714,2716
878,882,881,880,879
2648,2649,1142,436,437
2436,2434,3167,3172,3171,1423
3501,3834,3833,3502,3499,3500
1855,1853,910,909,1798,2761,2760
119,575,576,118,572
807,808,1674,1672,806
3777,3775,3275,3665,3978,3979
3669,3654,3268,3267,3667
937,2828,2832,2831,1882
1895,1896,322,632,1450,1449,222
1949,1950,1951,2868,3432,3431
3835,1010,1009,2000,2001,3832
1121,421,420,418,419,1122
2014,2017,1087,1085,381
1796,2771,2770,2765,2768,1797
3281,2627,3773,3774,3562,3563
3202,3500,3499,1453,3213,3214
2738,2737,2736,3736,3734,3349
2029,2709,2713,2030,2031,2028
148,149,145,123,134,135
3091,3093,3094,3090,3092
1638,1641,1642,248,771,1640
17,3907,3910,146,16
3507,3506,3508,3510,3511,3509
3068,3071,3070,3072,3073,3069
2074,1089,2067,2069,2035,2075
2313,2687,2686,827,828,3118,3119
844,1750,1753,1748,845,994,995
2265,2276,2273,2269,2270,2266
2318,1313,2314,2312,2310,2319
3916,3917,3918,3919,4029,4031
2083,2082,1092,1093,2071,2070
1013,1030,1031,1014,1015,1016
3819,3463,1976,2912,2909,3817
3772,3771,3769,3770,3272,2628
1421,3601,3908,3907,17,621
3589,3592,3591,3590,3594,3593
970,328,66,69,1001,1002
3318,2699,2040,2041,2695,3319
1454,639,1473,1475,155,1457
3396,3399,1846,1814,1818,1817
3044,2147,2146,2139,2140,3046
3488,2934,1983,1007,3828,3829
2050,1084,2056,2059,2054
790,789,2666,2663,1659,786
49,36,38,37,261,260,48
858,857,860,861,756,759
3007,2094,498,499,1110
3974,3973,1849,2805,2804
2632,1763,1760,750,3295,3294
1573,221,727,1578,1581
3529,2880,2879,1967,1966,3527
1891,1892,1893,2843,3986,3985
3257,3258,3646,3643,3640,3637
104,496,1222,2178,2179,521
1770,924,925,930,2736,2737
659,658,657,654,656,655
158,161,640,1477,1479,18
3547,3543,3544,3545,3546
1532,1533,673,677,191,1547,1549
1034,1028,1804,2011,2010,1033
537,1251,1252,583,13
1086,1037,1096,2085,2084,1088
3757,3758,3753,3756,3755,3754
969,971,970,1002,1003,973,972
634,1460,1459,1467,1468,638
1704,1701,1702,1706,1705,1703
1462,1461,1454,1457,1456,1455
3818,3820,3819,3817,3823,3824
2763,2762,1790,1791,873,875
2493,1585,1586,1458,1463,2495
552,555,554,553,2309,2308
1293,1291,1292,1294,1296,1295
2736,930,931,929,1868,3735,3736
1027,1839,1837,1028,1034,1032
4048,4047,4046,4044,4045,4049
1919,343,345,971,969,1920
2232,2227,2236,2238,2233,2235
3477,3478,3476,3481,3483,3475
967,323,1899,4066,4067,1909
2142,1160,1159,2127,2128,2141
394,395,1062,1061,1991,1992
600,599,612,1402,1405,184
2937,2936,2935,2934,3488,3490
2979,3518,4000,4002,3514
665,664,663,666,718,716
1947,1948,2867,2863,1946
317,951,952,319,955
2036,1075,2044,2977,2978,2043,2037
895,894,893,892,891
246,1637,1636,1682,1683,247
2909,2912,2911,2910,2908
67,68,53,2898,3447,3446
3166,2419,2418,2417,2416,3161
1298,1300,1299,1297,1438,1437
1901,2848,2846,1903,1902
598,166,167,610,612,599
3458,2901,2900,3451,3798,3797
2281,2282,2278,2279,2280,2277
977,3418,3419,980,323,967,968
1433,140,620,1430,1429,1434
2838,2836,1885,1892,1891,940
1504,1507,1495,1492,1501
1781,1782,1780,1778,856,848,849
331,2876,2877,1958,1953,330
1730,1731,3310,3698,3700
3124,3579,3578,3126,3128,3127,3125
1848,1856,1854,908,1847
1015,1014,1026,1025,1038,1039
1579,1580,1574,1576,2567,2570
533,1238,1239,1237,532
1802,2717,2718,877,1627,1629
885,891,892,287,286,58,886
3531,3530,3529,3527,3528,3532
2753,2752,2754,2757,2756,2755
2939,1986,1987,356,357,2940
1652,94,1164,1165,444,1650
1663,1662,2673,2671,1660,1661
3070,1380,1378,1379,1381,3072
2162,2161,1021,1022,1024,1023
1219,1220,1218,2177,2172
2659,2660,768,770,1643
3588,3584,3577,3579,3124,3120
1274,1264,1265,543,2252,2250
2741,2742,1777,1771,1775,1772
393,2884,2882,2889,2890,391
130,129,128,1246,1247,1231
2532,2534,1440,618,619
86,1134,1131,432,434
499,498,497,1223,1222,496,500
2201,3555,3556,3553,3552,2199,2202
1989,1992,1991,1993,1994,1990
1857,2728,2727,910,1853
803,805,804,808,807,802
3553,3549,3548,3551,3550,3552
3554,3067,3066,3549,3553,3556
3394,3393,2803,2802,3747,3961,3960,3389
3066,3068,3069,2386,3548,3549
2698,2696,1729,1731,1730,272
984,986,985,77,326
1645,783,781,450,439,1644
2217,2216,2207,2204,1263
4030,3921,3920,4039,4036
1548,1549,1547,1546,1545
3619,3620,4048,4049,3932,3929
220,678,679,183,187,186,219
2306,2307,1358,1355,549,1302
1523,1322,2323,2324,1319,1522
3063,3060,3061,3062,3064,3065
2290,2291,2288,2289,2292,2294,2293
1101,974,1925,1926,396,1098
137,2536,2539,140,1433,1435
884,886,58,761,762,881,882
1675,1678,2155,3054,3053,810
4081,4079,4077,4076,4078,4080
1486,1491,1490,1487,1485,1488,1489
3109,3107,115,223,1596
1365,1366,1347,1346,1349,1350,1345
1495,1496,1497,1494,1493,1492
3259,1572,218,1564,3260
2633,2634,2632,3294,3678,3681
3857,3856,3863,4008,4007,3858,3520
1908,4069,4070,3783,2917,948
2583,2584,2588,2587,2585,2586
3293,3296,2638,2637,2636,2635
2603,1592,731,2596,2598,2604
652,171,173,170,165,653
4056,4060,3666,3279,3280,3944
1591,2595,2593,221,1573
863,864,859,862,861,860
855,868,869,863,860,857
983,2859,2860,1940,1950,1949
3133,2358,2357,1330,1344,3132
3246,3245,2577,2574,2576,2575
3265,3264,2592,2591,2488,732
871,874,1792,1793,867,866
2746,2744,865,868,855,1779
2626,2625,1597,3654,3669,3668
455,1689,1686,252,251,1173,1171
1740,1737,1736,1738,1739,1741
304,923,921,927,926
3635,716,718,717,2580,3634
2691,2688,2152,2151,827,2686
2955,2952,1999,1998,1997,2948
1252,1253,584,581,582,583
3953,3952,1701,1704,1697,1708
2715,1766,1767,1768,2719
2465,2463,2486,3217,3620,3619,2464
3628,3629,2559,1567,1568,1569
2521,2460,3188,3189,2468,2520
1758,387,1619,2634,2633,1759
2067,2070,2071,2072,2068,2069
3314,3315,3130,2332,1728,2693
2366,2364,1331,2343,2344,1332
1199,1200,480,479,1195
2283,2286,2287,1286,1279,3282,3283
1625,1623,45,43,6,255
626,2510,2512,1444,628,627
439,450,451,448,90,438
2605,2604,2598,2599,2594,2593,2595
1607,3092,3090,2262,1608,1603
1731,1729,3316,3320,3311,3310
422,2110,421,1121,1120
2395,2398,2397,2396,3560,3557
1584,1583,2583,2586,1586,1585
465,464,3413,3412,2827,463
1147,1148,87,2352,2353,1336
4023,2459,2522,2519,4026
410,409,101,105,527,526,103
3311,3320,3321,3313,3315,3314,3312
2184,1227,1226,1225,1224,2182
566,1334,2347,2346,561,1346,1347
1123,1122,419,84,425,426
224,227,225,536,30
3921,3611,3203,3501,3500,3202,3920
1541,1544,1543,14,1542
175,643,644,171,652,651
3409,3406,2813,2812,2814,2815
3194,2464,3619,3929,3930,3195
1292,3661,3662,3104,3103,1294
728,729,2501,2502,1473,639
905,3383,3757,3754,2794,900,906
3894,3895,3896,3891,3892,3893
420,1119,1118,414,1115,1116,418
536,225,742,741,231,109
3577,3581,3583,3578,3579
2237,3085,3084,2214,1272,1273
505,504,510,511,501,502,503
630,629,1447,2451,2450,1442
2236,2345,3086,3085,2237,2238
1085,1087,1086,1088,1089,2074,2073
106,1219,2172,2171,514,515
1775,1771,2738,3349,3348,307,1774
3037,3036,2124,2123,2380,3032
3713,3711,3712,3709,3710,3714
3240,2568,3247,3246,2575,3242
3118,828,1161,3040,3042,3116
3026,3025,3029,3031,3023,3024
2352,87,559,557,2351
2655,2659,1643,1642,1641
3033,3032,2380,2382,2381,3147,3148
1331,556,2363,2362,2342,2343
3878,3879,3078,3077,3075,3074
1878,3767,3768,2157,1190,1889,1890,938
3639,3640,3643,3644,3653,3652,2582
3105,3889,3890,3106,3107,3109,3108
2534,2533,1437,1438,1439,1440
3221,3220,3464,3820,3818,3473
2263,2301,2303,1277,1278,2260
953,1099,1100,954,952,951
345,344,508,509,328,970,971
1232,1233,1234,1235,1236
2679,2677,2674,2676,2675,2678
1765,849,848,847,846,1761
41,271,826,825,39,40
2016,2015,2018,2017,2014,2013
1913,1912,1910,2851,2849,1911
2593,2594,1590,2500,2499,727,221
1526,830,1323,1524,2554,2553
902,3397,3396,1817,1833,1832
240,239,33,233,235
1654,1653,1652,1650,1651,1655
1276,1275,1274,2250,2259,2257
2363,2360,3140,3137,2361,2362
3838,3837,3834,3501,3203
2973,3859,3860,1726,1727,2974
3098,2283,3283,3284,2284,3097
1918,1919,1920,3788,3789,2852
3743,3745,3746,3744,3742,3741
58,286,284,59,763,761
1241,2186,2189,1240,1239,1238
4045,4044,3937,3939,3807,3928
3415,3765,3767,1878,2830,2833
2501,2503,2504,2505,2506,2502
1188,1189,467,1187,1186
2761,1798,1796,1797,3322,3324
3512,4003,4005,2966,2965
3919,3610,3611,3921,4030,4029
2590,2589,1587,2492,2490
1587,1588,1584,1585,2493,2492
2638,746,1612,1613,2637
1427,1428,3174,3602,3601,1421,1422
1963,2007,2024,2020,1965
1208,899,2790,2791,1828,99
859,279,1628,2642,2641,862
2314,2315,2313,3119,3115,2311,2312
3996,2845,2844,3848,4072,4074
1109,2121,2120,2093,1108
2526,3223,3222,2524,1490,1491
1905,1904,1913,1911,1907,1906
1900,2930,2931,1978,2844,2845
3198,3199,3194,3195,3193
3937,3942,3941,3940,3938,3939
4089,4064,3973,3974,3975
2764,2766,2763,875,876,870
1815,1816,1819,1820,2778,2777
2347,2348,2349,2369,2368,2346
1953,1958,1959,1952,1955,1954
4042,3936,2905,2907,3624,4041
76,379,380,378,1045,1042
640,641,642,1476,1477
1521,3230,3229,670,1303,1304
588,3157,3158,2388,590,589
1540,683,1408,1409,1530,1536
3888,3893,3892,3887,3890,3889
3096,3285,3564,3561,3095
3411,3410,3407,3406,3409,3408
1632,1633,822,818,242,241
519,520,106,515,516,107
548,3122,3121,1308,1311,1309
4002,4000,4001,4004,4006,4005,4003
3673,3674,3675,3676,3671,3670,3672
3562,3774,3772,2628,3885,3886
1204,489,493,494,2167,2165
1795,1794,278,279,859,864
3678,3294,3295,3296,3293,3677
1335,2350,3136,3135,2349,2348,1333
4078,4076,4032,4033,3926,3925
2850,1909,4067,4069,1908,2847
3616,3214,3213,3215,3216,3212,3615
2846,2847,1908,948,947,1903
1995,1996,1969,3452,3451,2900
243,2656,2657,773,245,244
1547,191,1394,2408,2407,1546
595,594,127,129,130,592
836,835,1737,1740,834
3992,3991,3990,3989,3993,3994
242,818,819,265,753,751
801,800,799,798,797,796
2266,2270,2271,2211,2215,2267
3348,3349,3734,3731,3350,3351
1679,2678,2675,454,1677
943,959,961,942,944
3525,2048,3531,3532,2990,2988,3526
558,1282,1283,3101,3100,1340,1339
3239,3641,3639,2582,3237
1498,1505,1504,1501,1500,1499
1029,1032,1034,1033,1031,1030
2189,2188,586,1233,1232,1240
3053,3054,3051,3050,3049,3052
3622,3621,3933,4043,4040,3623
2919,3994,3993,3478,3477,1977
525,521,2179,2180,520,519,524
3497,3495,3493,3494,3496,3498
1902,1903,947,3428,3426,1935,946
1348,563,562,2228,2371,2370
3971,3760,3402,3403,3404
842,1783,1784,277,388,389,843
550,551,1300,1298,1516,1515
1194,1195,479,478,531,530
2405,1302,549,1389,1388,2406
2831,2832,2833,2830,2829,2834,2835
2358,2359,2356,2355,2354,2357
3321,3319,2695,2694,3131,3313
112,110,10,31,32
851,2818,2817,894,895,850
1079,2968,2970,2963,1078
156,150,152,157,642,641
2507,630,1442,1446,2511
1411,603,2423,2426,675,674,1410
1530,1409,1410,674,673,1533
1206,1205,1204,2165,2166,1207,1203
2523,2915,2913,160,159
3682,2645,1634,3683
2884,2885,2883,3443,3445,2882
2384,2383,1337,1338,1367,1368
3185,3187,3186,3183,3182,3184
1518,667,182,1514,1513,1517
1572,1571,216,220,219,217,218
2537,2538,2535,2540,2539,2536
3375,3968,3969,3739,3746,3745
1608,2262,2261,1609,1610,1611
3686,3684,3954,3953,1708,1707
4067,4066,4065,4068,4070,4069
2323,2327,2326,2322,2325,2324
1962,1023,1024,1020,2005,2007,1963
2935,1980,1981,1982,1983,2934
2135,2134,2136,2137,2138,2133
1177,1176,1178,1179,1180
1006,73,75,74,1988,1984
1256,1254,537,13,12,121
1155,785,1657,1656,250,249,1154
1367,1338,1335,1333,1370
1407,1404,1401,602,603,1411
3585,3586,3905,3906,3584,3588,3587
4046,4041,3624,3942,3937,4044
979,3416,3418,977,978
2138,2137,2132,2131,2130,2129
3083,2226,2224,2225,3080
3508,2965,2966,2045,2700,3510
2239,2245,2249,2242,2241,2240
907,905,906,1845,1841
2920,3196,3198,3193,3186,3187
3946,3944,3280,3568,3570
1945,1943,945,1894,1897
2972,2974,1727,2317,2316,2039
289,292,3696,3695,2682
3018,3020,3019,3015,3016,3017
2552,2550,1522,1319,1317,551,550
1022,370,1019,1020,1024
2826,2825,2822,2821,2823,2824
2043,2978,2979,3514,3515,2969
2143,3047,3046,2140,1160,2142
3062,3061,2196,2197,2195,2198
3464,3806,3805,3462,3463,3819,3820
3732,3733,3411,3408,1861,915
745,744,743,1695,1692,1046
2735,2734,3342,3347,2733
2971,3513,3512,2965,3508,3506
3550,3551,2387,116,584,1253
539,30,108,542,540
3740,2787,3376,3377,2789,2788,3738
1005,1000,349,2933,3495,3497
1247,1246,1244,534,1245
618,1440,1439,547,126,143
470,469,1184,1185,1182,1181
2374,2375,2377,2379,2378,2376
4013,3033,3148,3146,3580,4014
3891,3571,3902,3901,3887,3892
2618,2619,2615,29,738
491,1826,1827,898,376,377,490
910,2727,2726,2773,2772,909
2529,2528,2530,2533,2534,2532,2531
3034,3546,3545,3036,3037,3035
2870,2869,2458,3178,3175,2452
1161,2150,3048,3047,2143,3041,3040
1218,529,528,1216,2176,2177
679,682,601,600,184,183
4032,4031,4029,4030,4036,4035,4033
3656,3655,3659,3658,3657
1267,3142,3141,2264,2268,2221,2218
3544,2141,2128,2124,3036,3545
2812,918,1858,2811,2814
388,277,1764,1762,1618
1112,1110,499,500,408,407
2778,1820,1821,1813,2774,2779
2388,3158,3159,2390,2389
1838,1834,1836,1835,1837,1839
3981,3976,4058,4055,3943,3660
3877,3559,3081,3078,3879
1565,1566,1537,1534,695,694
923,922,920,921
1390,565,1352,2398,2395
865,866,867,869,868
3391,3405,3762,3761,2803,3393
3720,3719,3718,3717,3715,3716
1659,2663,2665,1658,1656,1657
662,179,1509,1510,681,680,661
650,653,165,166,598,597
3528,3527,1966,1083,1084,2050,2989
155,1475,1474,659,655,154
1058,1059,1054,1057,1056,1055
2128,2127,2125,2126,2123,2124
2456,3482,3479,2921,2453,2457
2018,1039,1038,1037,1086,1087,2017
3924,3925,3926,3927,3923,3922
164,159,160,161,158,163
2371,2228,2229,2227,2232,2373
545,544,1281,1282,558,560
1956,1964,1965,2020,2021,987,1957
3113,1329,3541,3539,3111
718,666,662,661,660,717
174,176,175,651,1512,1511
315,310,311,1904,1905,309,314
4070,4068,3995,3991,3992,3783
1283,1284,2285,2286,2283,3098,3101
309,1905,1906,321,320
1950,1940,1939,1938,2454,2455,1951
1417,1420,139,138,616
704,198,195,22,21
2588,2516,1484,1482,1481,2587
912,914,887,889,890,888
2798,3390,3394,3389,3388,2796
2834,2829,2841,2839,1877
890,889,897,896,290,285
2494,2495,1463,1461,1462,1459,1460
2562,2560,713,3232,3235
1582,1579,2570,2569,1570
3280,3279,3656,3657,3569,3568
325,326,77,76,1042,1043,385
590,2388,2389,587,122,124
1828,2791,2792,1829,1827,1826
3199,3201,2465,2464,3194
3707,3708,2693,1728,1527,1525
1377,1376,1258,1259,541,573,574
3229,3227,1528,672,668,670
1969,997,996,998,1971,3453,3452
517,516,515,514,1214,1215,518
1630,766,765,764,821,822,1633
1893,1602,1599,1600,2842,2843
625,624,1424,2431,2429,172
927,921,920,297,299,306,928
3287,3274,3273,1291,1293,3288
2206,2295,2297,3093,3091,2205
3906,4012,4011,3581,3577,3584
3332,2733,3347,3346,2729,3359,3360
2472,2470,2482,2481,632,322
1316,1321,3123,3122,548,1314
297,60,61,300,299
1001,69,70,350,349,1000
2849,2851,2850,2847,2846,2848
1215,1214,1213,1212,1210,1211
3212,3216,3211,3205,3934,3935
3873,3874,3554,3556,3555
531,478,486,487,1226,1227
3680,3681,3678,3677,3679
141,142,125,1419,1418
2209,2210,1295,1296,2299,2296
601,597,598,599,600
3339,3340,2735,2733,3332,3334
3358,2731,1869,936,3356
675,2426,2427,596,593,676
837,838,795,794,2148,2149
1851,1847,908,2759,2758,1852
3099,3097,2284,1280,1342,1343
559,560,558,1339,1341,557
2811,1858,911,2809
2354,2355,1343,1342,3139,3140,2360
2288,1880,1879,63,546,1285,2289
3833,3832,2001,2950,2951,3502
1262,2203,2205,3091,3092,1607,1606
2810,2809,911,298,1859
2924,3612,3613,3204,2485,2486,2463
1970,1972,999,3460,3461,2902
2159,1186,1187,1191,2160
3761,3763,2801,2802,2803
85,2109,424,1127
2823,2821,2810,1859,1860,2820
1595,1451,1452,3263,3261,2613
1184,1183,1189,1188,1185
3170,3169,1431,141,1418,2428
2261,2260,1278,111,228,1609
2716,2714,2715,2719,2718,2717
2963,2970,2971,3506,3507,2964,2962
1552,687,688,684,685,1553
1074,2038,2037,2043,2969,2967
2881,1053,2710,2709,2029,2878
2896,995,994,3439,3441,2895
3558,3557,3560,3559,3877,3875
4011,4014,3580,3582,3583,3581
1209,1208,99,100
2598,2596,2601,2600,2597,2599
3638,3637,3640,3639,3641,3642
1889,1190,1192,1193,1886
3852,3851,3850,3853,3854
199,5,23,196,195,198
2148,794,442,443,2144
3218,2903,3804,3806,3464,3220
2768,2765,2767,2766,2764,2769
778,796,797,788,792,793
2563,2564,2571,2573,2566,2565
1648,1649,1645,1644,1647,1646
2724,62,1863,1864,852,2725
1173,251,253,459,1170,1174
3887,3901,3900,2617,3106,3890
307,3348,3351,932,1872,1871
1667,1671,1663,1661,804,805
3774,3773,3984,3982,3771,3772
3364,3741,3742,3371,3367,2786,2785
1881,1882,2831,2835,1879,1880
3486,3484,3924,3922,3485,3487
3140,3139,3138,3141,3142,3137
3461,3460,3701,3699,3790,3794,3459
1351,1345,1350,2375,2374,1354
284,291,289,2682,2681,59
3915,3184,3182,2459,4023,4024
153,151,2444,2445,1447,629
2089,2087,2088,2086,2090
3868,2775,1810,1807,2079,3867
3746,3739,3740,3738,3737,3744
190,700,1541,1542,3231
1927,1928,979,978,976,975
1706,1710,1709,2661,2658,1705
2670,2669,1664,1665,2674,2677
233,33,238,2630,2631,1616
637,638,1468,1472,635,636
1944,1941,1942,1943,1945
781,782,452,453,451,450
2857,1915,1918,2852,2854,2855
34,244,245,35,37,38
2817,2819,912,888,893,894
3605,3606,3191,1588,1587,2589
765,879,880,3303,3302,764
374,373,294,295,370,1022,1021
3416,3417,3787,3785,3419,3418
2264,2265,2266,2267,2268
3251,212,665,716,3635,3636
2961,1077,1076,1075,2036,2959
89,1153,1152,91,93,88
3952,3949,3308,1702,1701
35,245,773,1635,1637,246
352,324,325,385,384,354
261,37,35,246,247,262
3763,3975,3974,2804,2806,2801
3965,3726,3329,3331,3330,3970
1966,1967,1082,1081,1080,1083
1107,1103,1101,1098,1100,1099
1369,1370,1333,2348,2347,1334
2646,3299,3297,2649,2648,2647
3734,3736,3735,3733,3732,3731
72,7,8,9,358,359
353,352,354,1981,1980,355
3250,3252,3251,3636,3632
1272,2214,2213,1264,1274,1275
1416,1415,614,3165,3164,1399,1400
83,1106,1107,1099,953,316
1052,1051,831,833,832,835,836
3759,1848,1847,1851,1850
126,547,1301,2403,2404,1391
254,1624,1625,255,256,257
446,447,463,2827,2828,937,461
2621,2620,2619,2618,2622,2623
1994,1993,72,359,2004,2003
1502,1503,1506,1507,1504,1505
3483,3481,3480,3479,3482
346,1078,2963,2962,996,997
2639,1626,760,766,1630,2640
2789,3377,3379,3325,1745,2703
2913,2914,156,641,640,161,160
476,495,97,472,475
3022,3008,1111,416,1117
2951,2950,2953,2952,2955,2954
3849,3504,3505,3852,3854,3997,3998
1011,1012,1989,1990,1009,1010
973,1003,1004,1979,2927,2926
1072,2958,2956,2038,1074,1073
1132,1124,1123,426,427,1129
1393,592,130,1231,1230,1392
3751,3749,3381,3758,3757,3383,3382
999,272,1730,3700,3701,3460
1898,1895,222,733,734
1114,413,3020,3018,2101,2102
1742,1747,1746,841,55,1743
2055,2054,2059,3000,2999,2982,2983
3782,3781,3484,3486,2922
1424,2439,2436,1423,2432,2431
538,2376,2378,2226,3083,3082
3153,3154,2200,1254,1256,1255
2748,936,2751,2750,2749
1922,3422,3420,1930,1925,974
2822,2815,2814,2811,2809,2810,2821
3476,2922,3486,3487,2923,3480,3481
2747,2746,1779,1778,1780
2681,2682,3695,3694,3692,3691
1065,2888,2886,1077,2961,2960
3706,3707,1525,1529,3226,3225
2328,2330,3586,3585,2329
2616,2623,2622,736,25,114
4037,4038,3616,3615,3617,3618
3776,3780,3779,3775,3777,3778
1210,1212,329,333,335,507
815,259,254,257,52,814
3941,3219,3218,3220,3221,3940
1230,1231,1247,1245,2185
1115,414,415,412,413,1114
300,61,919,303,302
1554,1555,1553,685,722,721
1146,1150,2129,2130,440,1149
1414,609,623,622,615,614,1415
2368,2369,2365,2364,2366,2367
579,1372,1377,574,575,119
2917,3783,3992,3994,2919,2918
2942,3,392,1079,1078,346,2943
351,71,353,355,348
2453,2921,2920,3187,3185,3179
3760,3972,2800,2799,3402
614,615,2419,3166,3165
1907,1911,2849,2848,1901,950,949
1102,1924,1922,974,1101,1103
369,368,2032,2033,1070,361,360
1260,2254,2255,224,30,539,1261
452,445,446,461,462,453
2076,2075,2035,2032,368
3679,3677,3293,2635,1620,1621
2941,2943,346,997,1969,1996
1535,1536,1530,1533,1532,1531
2636,2637,1613,1614,743,744
1991,1061,1063,7,72,1993
3986,2843,2842,3780,3776,3983
3903,3904,4016,4012,3906,3905
495,1209,100,98,97
1202,1207,2166,2170,2164,1201
3785,3784,2928,2929,980,3419
3447,2898,2899,2896,2895,2897,3448
3722,3723,3721,3725,3724
2066,2065,2684,2685,1725,1724
1684,1683,1682,1681,1688,1687
794,795,793,792,791,442
703,1545,1546,2407,2409,1543,1544
2802,2801,2806,3727,3748,3747
3712,3324,3322,3323,3723,3722,3709
3883,3886,3885,3884,3882
2696,3509,3511,3317,3316,1729
45,44,41,40,42,43
3330,3331,2707,2706,3378,3376,2787
1464,2489,2494,1460,634,633
762,761,763,3304,3305
1897,1894,1896,1895,1898
415,417,411,409,410,412
580,579,119,572,571
193,20,1548,1545,703,702
2151,2152,2153,3045,3048,2150
1324,1327,1325,2327,2323,1322
2221,2268,2267,2215,2216,2217,2223
602,605,1398,2422,2423,603
1222,1223,1221,2183,2178
3735,1868,1867,3410,3411,3733
1914,1916,1917,1915,2857,2856
3188,3931,4051,4050,3190,3189
1734,1735,2321,2320,1732,1733
2708,1759,2633,3681,3680,2712
334,330,1953,1954,64,337
1299,552,2308,2304,1297
3781,4080,4078,3925,3924,3484
2042,2039,2316,2321,1735
1445,1441,1436,2437,2438,1443
1234,121,12,120,1235
1018,372,1029,1030,1013,1017
1664,1684,1687,1690,1665
1685,3300,3299,2646,252,1686
1670,46,51,50,1662,1663,1671
2483,2452,3175,3176,1448,2484
741,1611,1610,230,231
1224,1225,483,482,528,529
3403,3402,2799,2797,2795,3385
707,708,710,709,1550,706
3055,3057,1386,585,586,2188
170,173,172,2429,2430,1425,169
3967,3966,3965,3970,3969,3968
2949,2954,2955,2948,2947,3208,3209
1084,1083,1080,2053,2057,2056
228,111,112,32,229
3093,2297,2298,2302,2301,2263,3094
2799,2800,3392,3390,2798,2797
1722,1723,1721,2690,2692,2683
1399,3164,3162,2421,1397
429,1139,2122,2121,1109,400
955,319,318,963,965
3969,3970,3330,2787,3740,3739
2530,1516,1298,1437,2533
956,949,950,313,312,960
1822,1824,1825,3365,3366,1823
1955,1952,984,326,325,324
2566,2573,2572,714,713,2560
1350,1349,1348,2370,2377,2375
1812,2785,2786,1809,1805,1811
2004,359,358,2945,2946,2002
755,754,2643,2644,1631,239,240
2518,2517,1480,730,2462
2381,2382,2133,2138,2129,1150
900,2794,3398,3397,902,901
9,8,1072,1073,392,3
389,388,1618,1619,387,386
3269,2614,2615,2619,2620
2680,3955,767,1709,1710
3695,3696,3697,3959,3694
1833,1817,1818,1816,1815,1831
3038,3034,3035,4015,4016,3904
797,798,803,802,789,790,788
2927,1979,3492,3491,1978,2931
3126,1368,1367,1370,1369,3128
2200,2202,2199,1251,537,1254
2412,2413,2411,2414,2415
1419,125,2400,2399,139,1420
3737,3738,2788,2701,2782,3372
1346,561,563,1348,1349
3002,2063,2062,2061,2060,3003
1863,1862,2826,2824,2816,1864
2059,2056,2057,2058,2998,3000
1130,1129,427,3025,3026,2112
1385,1384,3059,2187,2191,2190
586,585,1255,1256,121,1234,1233
1506,18,1479,1478,1496,1495,1507
338,337,64,71,351,350,70
2326,569,2328,2329,1321,1316,2322
1846,3387,3386,1824,1822,1814
2198,2195,1250,1249,1248
1319,2324,2325,1320,1318,1317
3028,2115,2117,2116,2114,3030
2181,2182,1224,529,1218,1220
3756,3385,2795,3401,3395,3755
1733,1732,3572,3576,2333,2331
4017,4019,1417,616,617,3909
1438,1297,2304,2305,1301,547,1439
1242,1243,533,532,1229
3191,3192,2462,730,1583,1584,1588
270,269,268,823,826,271
1198,476,475,474,473
53,273,274,276,2899,2898
2329,3585,3587,3123,1321
4086,2992,2994,2063,3002,4087
3742,3744,3737,3372,3373,3371
2153,1162,2145,2147,3044,3045
1159,1158,89,88,2125,2127
4022,4021,4020,4019,4017,4018
3197,3200,3201,3199,3198,3196
712,1558,1557,202,203,711
3910,3911,149,148,147,146
1674,1673,2679,2678,1679,1680,1672
1680,1679,1677,1678,1675,1676
2278,11,2290,2293,2279
1318,1320,1315,554,555
1745,3325,3716,3715,275,840,1744
2060,2061,1719,1720,1721,1723
784,1655,1651,782,781,783
693,692,691,690,689
339,988,989,504,505,340
2234,2235,2233,2244,2247
383,1040,1041,73,1006,1008
1329,3117,3116,3042,3043,3542,3541
1791,1790,2748,2749,2754,2752
3217,3623,4040,4047,4048,3620
2730,1870,1873,1874,1869,2731
1703,1705,2658,2656,243,1698
182,2551,2552,550,1515,1514
477,473,474,1205,1206,485
2585,2587,1481,2503,2501,729
2216,2215,2211,2212,2208,2207
776,1668,1666,799,800
2230,2234,2247,2246,1271,1269
180,178,174,1511,1509,179
3216,3215,3209,3208,3210,3211
2612,3266,3265,732,731,1592
1456,1457,155,154,213,214
1035,2013,2014,381,380,379
50,48,260,2672,2673,1662
2808,1852,2758,3711,3713,2807
3823,3817,2909,2908,1974,3821
3730,2732,2734,2735,3340
1490,2524,2523,159,164,1487
854,853,851,850,1766,2715,2714
4040,4043,4042,4041,4046,4047
4009,4010,3001,2064,2065,2066,3861
2285,2294,2292,2287,2286
1578,727,2499,2498,1574,1580
1285,546,1287,1290,1279,1286
1639,1640,771,2650,2653,772
1082,2028,2031,1059,1058,1081
3468,3470,3469,3467,3802,3803
3086,3089,3088,3087,3084,3085
3102,3103,3104,3895,3894,3567
2555,2556,2553,2554,2558,2557
3182,3183,2461,2460,2521,2522,2459
3698,3310,3311,3312,3702,3705
401,400,1109,1108,402,403
2816,2824,2823,2820,2819,2817,2818
1728,2332,2334,830,1526,1527
3816,3813,3472,3224,3222,3223
2443,1304,1303,1305,1306,2440
1867,305,301,3407,3410
3728,2807,3713,3714,3329,3726
93,91,779,1649,1648,92
981,1977,3477,3475,1938,1939
3614,4034,4037,3618,3204,3613
3362,3360,3359,3358,3356,3357,3361
817,816,815,814,833,831
294,1842,1843,903,293,295
573,541,540,542,577
3580,3146,3143,2383,2384,3582
2923,3487,3485,2925,3200,3197
1140,1138,1137,430,431
2570,2567,3249,3247,2568,2569
206,188,189,210,211,207
2211,2271,2272,2210,2209,2212
2559,3651,3649,1563,715,1567
2877,2872,1956,1957,1959,1958
3295,750,749,748,2638,3296
3602,4022,4018,3908,3601
3515,3514,4002,4003,3512,3513
2411,1392,1230,2185,2414
2897,2895,3441,3440,2049,2894
2957,2960,2961,2959,2956,2958
2353,2352,2351,3134,3136,2350
3607,3912,4025,4028,3609,3608
1183,466,468,467,1189
376,898,1840,1842,294,373
2767,3361,3357,2762,2763,2766
1038,1025,1097,1096,1037
2204,2207,2208,2206,2205,2203
2549,2557,2558,2550,2552,2551
830,2334,2335,1328,1327,1324,1323
1128,423,86,434,435
1727,1726,829,1313,2318,2317
1978,3491,3504,3849,3848,2844
1619,1618,1762,1763,2632,2634
1301,2305,2306,1302,2405,2403
1537,1538,1539,1540,1536,1535,1534
3359,2729,2730,2731,3358
2473,2478,3607,3608,3603,631
2174,2175,2875,2876,331,332
1239,1240,1232,1236,1237
2316,2317,2318,2319,2320,2321
3913,3914,3915,4024,4025,3912
1468,1467,1469,1470,1471,1472
3244,3241,2563,2565,2561
145,144,589,590,124,123
2916,3826,3822,2914,2913,2915
1197,1199,1195,1194,1196
2783,2784,1742,1743,1751,1755
2772,2773,3335,3333,2770,2771
2674,1665,1690,1689,455,2676
587,2389,2390,2391,3149,3152,1387
1164,3052,3049,1163,1166,1165
2601,2487,2491,2489,1464,2600
3376,3378,3380,3379,3377
3134,2351,557,1341,2359,2358,3133
366,2077,2076,368,369,367
2224,2231,2230,1269,1268,2225
3243,3240,3242,3241,3244
3860,3861,2066,1724,829,1726
15,3064,3062,2198,1248,535
1448,3176,3180,3914,3913,2477
1746,1744,840,842,843,841
1805,1809,1808,273,53,68,1806
416,1111,1112,407,411,417
365,362,394,1992,1989,1012
3596,3156,3155,3592,3589,3599
2068,2072,393,391,1071,2034
568,3039,3903,3905,3586,2330
993,339,340,1916,1914,992
3305,3304,3690,3693,3307,3306
264,263,270,271,41,44
1487,164,163,162,1485
3313,3131,3129,3130,3315
3316,3317,3318,3319,3321,3320
1134,1133,1132,1129,1130,1131
3167,3168,3169,3170,3173,3172
472,97,98,492,493,489
1473,2502,2506,1474,1475
1296,1294,3103,3102,2300,2299
2052,1055,1056,2025,2996,2997
1323,1324,1322,1523,1524
3147,2381,1150,1146,3145
3253,3254,3255,3258,3257,3256
3413,3414,3764,3765,3415,3412
1590,1589,1466,1465,2496,2500
680,681,682,679,678
1076,2986,2987,2046,2044,1075
1116,1115,1114,2102,2104,1113
520,2180,2181,1220,1219,106
2156,457,1172,1175,1168,2154
3594,3590,3876,3881,3872
2662,1676,1675,810,809,2664
3872,3881,3880,3874,3873,3871
1869,1874,1876,2751,936
1406,1405,1402,1403,1401,1404
3650,3260,1564,1566,1565,1563,3649
3079,3080,2225,1268,1378,1380
425,84,1113,2104,2115,3028,3027
3853,3850,3844,3843,3918,3917
1925,1930,1929,1928,1927,1926
611,606,1413,1412,604,613
2721,2725,852,853,854,1769
2391,2394,2393,2392,3150,3149
335,333,334,337,338,336
623,1422,1421,621,622
3534,3866,3865,3004,3005,3006
1145,438,90,11,2278,2282
66,336,338,70,69
3748,3727,3728,3726,3965,3966
248,769,2651,2650,771
965,963,964,962,966
3704,3705,3702,3708,3707,3706,3703
1090,67,3446,3449,1968,1091
1279,1290,1289,2627,3281,3282
2853,2854,2852,3789,3787,3417
3008,3007,1110,1112,1111
1865,1866,925,924
2251,1262,1606,1605,226,2253
413,412,410,103,3019,3020
1175,1174,1170,1169,1167,1168
1104,1105,1102,1103,1107,1106
2007,2005,2006,2008,2023,2024
3146,3148,3147,3145,3144,3143
2599,2597,1589,1590,2594
2627,1289,3987,3984,3773
1172,1171,1173,1174,1175
1431,1432,619,618,143,142,141
3814,3811,3812,3813,3816,3815
829,1724,1725,2315,2314,1313
1699,1698,243,244,34,824
3542,3043,3547,3546,3034,3038,3540
2482,2483,2484,2480,2481
1178,95,468,466,1179
1413,1414,1415,1416,1412
162,163,158,18,1506,1503
98,100,99,1828,1826,491,492
2423,2422,2425,2424,2427,2426
1003,1002,1001,1000,1005,1004
3804,3803,3802,3801,3805,3806
2513,2514,2515,2516,2588,2584
2361,3137,3142,1267,1266
2310,2312,2311,3114,3112
479,480,477,485,486,478
3272,3770,3977,3980,3273,3274
2303,3565,3888,3889,3105,113,1277
2428,1418,1419,1420,1417,4019,4020
2866,1937,2858,2859,983,2865
2685,2684,2683,2692,2691,2686,2687
451,453,462,460,449,448
1879,2835,2834,1877,308,63
564,1364,1365,1345,1351,1353
134,123,124,122,3058,3059,1384
397,316,953,951,317
3779,2624,3277,3275,3775
2304,2308,2309,2307,2306,2305
1244,535,1248,1249,1228,534
1825,3374,3375,3745,3743,3365
546,63,308,939,1288,1287
671,2549,2551,182,667
3715,3717,3353,1786,1785,275
268,1707,1708,1697,1700,823
3428,947,948,2917,2918,3429
2466,2467,3814,3815,2525,1483
3870,3869,3868,3867,3865,3866
1792,2753,2755,1794,1795,1793
3056,1387,3152,3151,1386,3057
3995,4075,4073,3990,3991
1870,1773,1774,307,1871,1873
2088,404,1104,1106,83,2086
2906,2904,3465,3466,2903,3218,3219
42,40,39,36,49,47
2256,2257,2259,2258,2255,2254
1749,54,386,387,1758,1756
2081,2080,1090,1091,1094,1095
1125,1126,1120,1121,1122,1123,1124
3204,3618,3617,3621,3622,2485
1513,1514,1515,1516,2530,2528
551,1317,1318,555,552,1299,1300
4008,4083,4084,4010,4009,4007
904,901,902,1832,1836,1834
1303,670,668,1519,1520,1305
2558,2554,1524,1523,1522,2550
3009,2095,988,339,993,3012
509,507,335,336,66,328
1481,1482,1486,1489,2504,2503
1620,2635,2636,744,745,390
3450,3448,2897,2894,2893,2892
2860,2861,981,1939,1940
615,622,621,17,16,2418,2419
821,764,3302,3687,3689,820
3631,3632,3636,3635,3634,3633
809,810,3053,3052,1164,94
2365,1344,1330,556,1331,2364
2580,717,660,216,1571,2581
3566,3567,3894,3893,3888,3565
3023,3031,3030,2114,2118,2122,1139
2246,2247,2244,2243,2248,2249,2245
2372,2373,2232,2235,2234,2230,2231
2713,2712,3680,3679,1621,2030
291,290,896,288,292,289
2871,2870,2452,2483,2482,2470
3373,3372,2782,2784,2783,3368
3152,3149,3150,3154,3153,3151
3847,3829,3828,3830,3831,3845
2103,2101,3018,3017,2100,2096
1637,1635,1638,1640,1639,1636
1170,459,1177,1180,458,1169
3344,3345,1772,1775,1774,1773
443,442,1156,1151,441
2912,1976,2545,2547,347,2911
845,1748,1757,2711,2710,1053
1693,1694,817,831,1051,1050
632,2481,2480,2475,2476,1450
1328,1326,2337,2336,1325,1327
3591,3076,3558,3875,3876,3590
3666,3667,3267,3655,3656,3279
3177,2457,2453,3179,3181
1753,1752,1749,1756,1757,1748
3011,3010,3009,3012,3014,3013
1484,2527,2526,1491,1486,1482
2572,3238,3625,3626,1559,714
543,1263,2204,2203,1262,2251,2252
1213,2173,2174,332,329,1212
779,780,784,783,1645,1649
2397,1354,2374,2376,538,2396
3242,2575,2576,2564,2563,3241
3982,3983,3776,3778,3769,3771
133,147,148,135,136,132
358,9,3,2942,2945
3977,3979,3978,3976,3981,3980
1528,2555,2557,2549,671,672
893,888,890,285,287,892
3990,4073,4081,4080,3781,3782,3989
1281,2277,2280,1284,1283,1282
3342,3341,3343,3345,3344,3346,3347
234,757,755,240,235,236
347,2547,2548,1521,1304,2443,2442
1861,3408,3409,2815,2822,2825
2988,2990,2991,2051,2047,2046,2987
2040,2975,2972,2039,2042,2041
3489,3490,3488,3829,3847,3846
2259,2250,2252,2251,2253,2258
1459,1462,1455,1469,1467
2096,2100,2099,2095,3009,3010
738,29,28,27,737
4,720,719,23,5
1330,2357,2354,2360,2363,556
3228,3225,3226,3227,3229,3230
690,691,192,193,702,701,194
1135,2111,3024,3023,1139,429,428
4058,4057,4059,4060,4056,4055
1509,1511,1512,1508,1510
2446,669,2537,2536,137,2448
215,214,213,212,3251,3252
2337,2339,2341,2340,2338,2336
371,1027,1032,1029,372
3609,4028,4027,3192,3191,3606
944,942,1932,1931,941
2441,2440,1306,669,2446,2447
266,267,269,270,263
3844,3846,3847,3845,3842,3843
840,275,1785,1783,842
743,1614,1615,812,1696,1695
260,261,262,2668,2672
1718,834,1740,1741,1714,1713,1716
2710,2711,2708,2712,2713,2709
1271,2246,2245,2239,1270
909,2772,2771,1796,1798
2673,2672,2668,2669,2670,2671
3104,3662,3945,3947,3896,3895
122,587,1387,3056,3058
2873,1961,1964,1956,2872
1167,1169,458,469,470,96
1682,1636,1639,772,811,1681
23,719,205,24,197,196
2429,2431,2432,2433,2430
705,200,199,198,704
380,381,1085,2073,2078,378
3961,3747,3748,3966,3967,3964
1929,2853,3417,3416,979,1928
3173,3170,2428,4020,4021
205,204,708,707,24
3369,3368,2783,1755,1754,839
3164,3165,3166,3161,3163,3162
685,684,188,206,723,722
1778,1779,855,857,858,856
2125,88,93,92,2134,2135,2126
187,183,184,1405,1406,185
3828,1007,1985,1986,2939,3830
1916,340,505,503,342,1917
1574,2498,2497,1575,1577,1576
2333,3576,3575,1326,1328,2335
2062,1047,1049,1717,1719,2061
2652,2654,2645,3682,3298
2723,2722,2724,2725,2721,2720
3021,3022,1117,1118,1119
1569,1568,1552,1553,1555,1556
1961,1960,1962,1963,1965,1964
3286,3882,3884,3287,3288,3289
1721,1720,1716,1713,1712,2689,2690
4065,3996,4074,4075,3995,4068
341,102,107,516,517,513
2830,1878,938,2840,2841,2829
2427,2424,594,595,596
961,960,312,1933,1932,942
2782,2701,2702,1747,1742,2784
3802,3467,3459,3794,3793,1973,3801
3048,3045,3044,3046,3047
1936,1935,3426,3427,2858,1937
3350,3731,3732,915,917
3926,4033,4035,4034,3614,3927
4015,3035,3037,3032,3033,4013
2171,2172,2177,2176,2175,2174,2173
2837,1888,1887,1883,1884,1885,2836
608,1426,1427,1422,623,609
3273,3980,3981,3660,3661,1292,1291
3812,3808,3809,3471,3472,3813
3564,3563,3562,3886,3883,3561
3127,3128,1369,1334,566,567
3121,3120,3124,3125,1307,1308
127,2420,3065,3064,15,128,129
2788,2789,2703,2702,2701
3655,3267,3268,3271,3659
2241,2242,2256,2254,1260,1257
628,1444,1443,2438,2439,1424,624
1696,812,813,816,817,1694
1478,2509,2510,626,1497,1496
2010,2011,2012,3533,3536,2009
2258,2253,226,227,224,2255
2079,1807,1806,68,67,1090,2080
249,250,1654,1655,784,780
1118,1117,416,417,415,414
660,661,680,678,220,216
746,747,1617,3674,3673,1612
3503,3839,3838,3203,3611,3610
2776,2777,2778,2779,2781,2780
4082,4085,4086,4087,4084,4083
3911,3909,617,144,145,149
695,1534,1535,1531,19,698
2864,2865,983,1949,3431,3434
976,978,977,968,1910,1912
2539,2540,2529,2531,620,140
1447,2445,2441,2447,2451
1512,651,652,653,650,1508
2993,2997,2996,2995,2994,2992
4064,3759,1850,1849,3973
1383,1373,1372,579,580,1382
1943,1942,3433,3435,2471,945
1408,1407,1411,1410,1409
2243,1273,1272,1275,1276,2248
3084,3087,2219,2220,2213,2214
39,825,824,34,38,36
2977,2044,2046,2047,2980,3517,3516
2469,2466,1483,2515,2514
2136,1646,1647,1143,2132,2137
3438,3437,2881,2878,2879,2880
916,917,915,1861,2825,2826,1862
3384,3404,3403,3385,3756,3753
2163,2162,1023,1962,1960,327
2629,751,753,752,1622,3291,3292
486,485,1206,1203,488,487
1883,471,1,1601,1884
2947,2948,1997,2901,3458,3457
2858,3427,3430,2861,2860,2859
435,434,432,433,1141
3155,2406,1388,3076,3591,3592
684,688,693,689,189,188
3769,3778,3777,3979,3977,3770
3723,3323,2705,2704,3327,3721
1031,1033,2010,2009,1026,1014
165,170,169,168,167,166
3290,3291,1622,1623,1625,1624
3627,3628,1569,1556,1562
1325,2336,2338,569,2326,2327
2899,276,844,995,2896
169,1425,1426,608,607,168
3466,3468,3803,3804,2903
887,57,283,897,889
3081,3082,3083,3080,3079,3077,3078
861,862,2641,2643,754,756
3110,3111,3539,3538,2341,2339
1100,1098,396,310,315,954
1561,1562,1556,1555,1554,1557,1558
668,672,671,667,1518,1519
3378,2706,3724,3725,3328,3380
55,841,843,389,386,54
2432,1423,3171,3174,1428,2433
3159,3160,2402,2394,2391,2390
2519,2522,2521,2520,2517,2518
1568,1567,715,686,687,1552
3548,2386,2385,2387,3551
1988,74,363,364,356,1987
3796,3800,3470,3468,3466,3465
3426,3428,3429,3430,3427
3898,3270,3269,2620,2621,3899
2191,2187,2186,1241,2193
1341,1339,1340,2356,2359
1613,1612,3673,3672,1615,1614
753,265,266,263,264,752
2284,3284,3285,3096,2274,1280
2404,2403,2405,2406,3155,3156
3997,3854,3853,3917,3916,3999
819,820,3689,3688,267,266,265
6,43,42,47,51,46
1594,1595,2613,2609,1593
2496,1465,637,636,1575,2497
2229,1332,2344,2345,2236,2227
2486,2485,3622,3623,3217
405,406,404,2088,2087
584,116,570,117,581
318,314,309,320,964,963
2868,1951,2455,2458,2869
474,475,472,489,1204,1205
431,430,81,82,398
1840,1841,1845,1844,1843,1842
3633,3634,2580,2581,3647,3645
3718,3354,3355,3352,3353,3717
2031,2030,1621,1620,390,1054,1059
2893,2894,2049,3530,3531,2048
3386,3962,3963,3374,1825,1824
1386,3151,3153,1255,585
985,1036,1035,379,76,77
1941,2862,2864,3434,3433,1942
2729,3346,3344,1773,1870,2730
1890,1889,1886,1887,1888
934,935,916,1862,1863,62
833,814,52,777,775,832
167,168,607,606,611,610
528,482,481,65,1217,1216
142,143,126,1391,2401,2400,125
3517,2980,2983,2982,2981,3519
2338,2340,568,2330,2328,569
2525,3815,3816,3223,2526,2527
4063,4088,3762,3405
3463,3462,1975,2546,2545,1976
4035,4036,4039,4038,4037,4034
306,299,300,302,301,305
4016,4015,4013,4014,4011,4012
3171,3172,3173,4021,4022,3602,3174
991,992,1914,2856,3425,3424
2421,3162,3163,3063,3065,2420
321,1906,1907,949,956,957
1041,1044,366,367,75,73
3144,3145,1146,1149,1148,1147
227,226,1605,1604,742,225
3652,3653,3650,3649,3651
2668,262,247,1683,1684,1664,2669
2026,1691,1693,1050,1048,2027
709,209,190,3231,1550
749,237,234,236,232,748
748,232,747,746,2638
52,257,256,1669,1668,776,777
2999,3000,2998,4085,4082,3864
3520,3858,3859,2973,2984
2755,2756,1799,1801,278,1794
3300,3301,3298,3682,3683,3297,3299
1559,3626,3627,1562,1561,1560
1915,1917,342,343,1919,1918
2732,3336,3341,3342,2734
2090,2086,83,316,397
827,2151,2150,1161,828
806,1672,1680,1676,2662,2667
2439,2438,2437,2435,2434,2436
2123,2126,2135,2133,2382,2380
2451,2447,2446,2448,2449,2450
2841,2840,2837,2836,2838,2839
2964,3507,3509,2696,2698,2697
1968,3449,3450,2892,3444,3442
430,1137,1135,428,80,81
3930,3929,3932,4052,4051,3931
787,786,1659,1657,785
3647,2581,1571,1572,3259,3648
2535,1517,1513,2528,2529,2540
3583,3582,2384,1368,3126,3578
1026,2009,3536,3535,1097,1025
958,957,956,960,961,959
3379,3380,3328,3720,3716,3325
177,1499,1500,176,174,178
2468,3189,3190,2467,2466,2469
635,1472,1471,2578,2579,724
3444,2892,2893,2048,3525,3523
3963,3964,3967,3968,3375,3374
3262,631,3603,3604,2592,3264
3019,103,526,523,3015
1429,1430,1432,1431,3169,3168
213,154,655,656,664,665,212
1777,1776,1770,2737,2738,1771
1768,1767,885,886,884,883
1520,1519,1518,1517,2535,2538
1938,3475,3483,3482,2456,2454
3511,3510,2700,2699,3318,3317
3676,3292,3291,3290,3671
2341,3538,3537,3039,568,2340
1719,1717,1718,1716,1720
2891,2890,2889,2887,2886,2888
2344,2343,2342,3089,3086,2345
3843,3842,3503,3610,3919,3918
195,196,197,201,22
2956,2959,2036,2037,2038
2461,3195,3930,3931,3188,2460
253,2647,2648,437,1176,1177,459
1151,1156,1155,1154,1152,1153
3077,3079,1380,3070,3071,3075
1009,1990,1994,2003,2000
113,3105,3108,10,110
3522,3526,2988,2987,2986
3355,2745,2744,2746,2747,3352
3793,3794,3790,3792,3791
2512,2511,1446,1445,1443,1444
1739,1738,778,793,795,838
2280,2279,2293,2294,2285,1284
131,132,136,1385,2190,2192
2222,2223,2217,1263,543,1265
1094,1091,1968,3442,3443,2883
2196,2192,2190,2191,2193,2194,2197
2023,2008,382,2015,2016,2022
282,883,884,882,878,281
2145,2149,2148,2144,2146,2147
280,870,876,872,1787,1789
3005,3004,2081,1095,1092,2082
2078,2073,2074,2075,2076,2077
822,821,820,819,818
514,2171,2173,1213,1214
399,78,405,2087,2089
311,975,976,1912,1913,1904
