481,427,426,425,424,478
497,429,334,427,481,496
346,347,241,265,454,489,488
87,236,235,98,30
303,122,411,410,302
149,148,143,142,53,60,59
81,20,196,195,79
158,159,153,146,143,148
473,472,474,477,476,475
230,27,40,39,26,84,229
23,88,87,30,29
483,54,55,50,428,482
289,291,31,101,102,284
391,394,395,393,392,390
385,383,384,501,502
96,204,205,73,188,189
244,245,246,350,352,243
335,216,406,403,338
264,4,203,204,96,263
216,219,221,34,407,406
317,316,314,315,318
462,372,457,458,490,463
502,501,500,499,492
274,272,273,275,276
167,165,166,170,169,168
294,112,252,361,111,296
470,281,283,459,469
486,488,489,485,487
485,489,454,455,456,453
155,156,160,159,158,157
106,104,105,373,379,378
52,116,117,211,210,17
147,115,116,52,140,145
1,9,16,48,45
354,353,249,72,202,201
186,185,184,67,182,183
122,121,307,408,411
37,63,344,340,224
363,364,421,199,200
408,307,305,306,308,309,409
421,422,420,423,199
123,124,21,2,3
278,253,262,261,254,279
226,225,224,340,341,223,227
479,478,424,242,241,347
8,36,127,306,305
40,41,313,311,134,39
374,94,95,280,281,470,471
269,99,337,339,28,270
397,404,402,293,288,396
110,362,448,447,108,109
371,376,380,372,462,461
121,8,305,307
418,417,415,416,414,419
415,47,44,150,152,416
259,256,486,487,262,253
413,409,309,130,129,322
77,78,76,245,244,206
384,290,289,284,500,501
356,365,363,200,251
334,206,244,243,426,427
223,341,342,217,220,215
407,34,33,112,294,405
163,439,440,359,7
380,466,468,457,372
14,12,46,47,415,417
458,460,370,491,490
395,287,286,472,473,393
382,388,389,381,367
291,292,107,6,32,31
32,6,35,110,109,105,104
313,312,317,318,310,311
231,83,86,88,23
95,260,259,253,278,280
202,72,186,183,73,205
156,301,297,319,320,160
500,284,102,394,391,499
233,227,223,215,214,232
154,321,322,129,119,114
263,96,189,332,333,266
210,211,208,207,209,213,212
194,197,198,247,248
240,138,312,313,41
258,257,255,256,259,260
464,461,462,463,465
218,164,162,161,163,222
403,406,407,405,402,404
105,109,108,375,373
26,39,134,132,24
387,285,369,386
345,178,177,58,57,343
295,296,111,35,6,107
337,336,335,338,339
493,509,507,480,349,431
424,425,92,91,242
146,153,154,114,115,147
441,18,484,504,505,442
131,137,136,37,224,225
459,283,282,93,370,460
402,405,294,296,295,293
454,265,264,263,266,455
326,66,190,192,330
287,100,106,378,377,286
359,440,437,357,358,360
467,471,470,469,468,466
340,344,345,343,342,341
468,469,459,460,458,457
328,327,326,330,329
67,71,65,190,66
25,230,229,228
505,504,503,511,510,506
17,210,212,74,51
48,16,300,301,156,155,49
285,390,392,388,382,369
241,242,91,4,264,265
238,240,41,40,27
255,348,346,488,486,256
129,130,126,125,113,118,119
389,475,476,277,381
134,311,310,137,131,133,132
276,275,103,383,385
213,209,80,76,78
97,268,271,272,274
377,378,379,467,466,380,376
86,85,90,237,236,87,88
439,438,441,442,437,440
282,279,254,434,433,93
246,193,194,248,351,350
10,1,45,46,12
98,235,234,99,269,267
73,183,182,187,188
144,145,140,141,174,173
449,450,258,260,95,94
352,350,351,353,354,355
133,131,225,226,89
332,189,188,187,327,328,331
414,416,152,151,179,323
492,499,391,390,285,387
162,168,169,62,19,161
101,31,32,104,106,100
166,60,53,175,176,170
184,70,71,67
373,375,374,471,467,379
228,229,84,83,231
426,243,352,355,92,425
310,318,315,135,136,137
174,141,56,55,54,171
437,442,505,506,494,357
76,80,79,195,193,246,245
92,355,354,201,203,4,91
108,447,449,94,374,375
262,487,485,453,366,261
61,172,171,54,483,484,18
169,170,176,172,61,62
333,332,331,420,422
298,302,410,412,319,297
400,401,397,396,399,398
57,58,167,168,162,164
254,261,366,365,356,435,434
103,398,399,290,384,383
74,212,213,78,77,75
392,393,473,475,389,388
451,445,430,257,258,450
288,293,295,107,292
44,49,155,157,150
11,10,12,14,13
138,139,316,317,312
19,62,61,18,441,438
84,26,24,85,86,83
46,45,48,49,44,47
117,118,113,22,208,211
319,412,413,322,321,320
181,180,59,60,166,165
482,428,429,497,498
420,331,328,329,423
179,151,149,59,180
208,22,3,2,82,207
435,356,251,432
209,207,82,81,79,80
370,93,433,436,491
272,271,270,28,401,400,273
476,477,464,465,277
484,483,482,498,503,504
324,419,414,323,325
53,142,144,173,175
102,101,100,287,395,394
82,2,21,20,81
456,455,266,333,422,421,364
300,299,298,297,301
342,343,57,164,218,217
503,498,497,496,508,511
448,452,451,450,449,447
247,198,68,69,250
29,30,98,267,268,97
281,280,278,279,282,283
159,160,320,321,154,153
187,182,67,66,326,327
142,143,146,147,145,144
176,175,173,174,171,172
9,120,299,300,16
275,273,400,398,103
234,232,214,336,337,99
446,495,493,431,430,445
474,371,461,464,477
358,357,494,495,446,443
114,119,118,117,116,115
366,453,456,364,363,365
239,238,27,230,25
24,132,133,89,90,85
361,444,452,448,362
306,127,304,128,308
349,480,479,347,346,348
90,89,226,227,233,237
220,217,218,222,221,219
236,237,233,232,234,235
42,43,418,419,324,64
113,125,123,3,22
494,506,510,509,493,495
139,5,38,314,316
508,496,481,478,479,480,507
152,150,157,158,148,149,151
268,267,269,270,271
221,222,163,7,33,34
249,250,69,185,186,72
128,304,124,123,125,126
336,214,215,220,219,216,335
286,377,376,371,474,472
410,411,408,409,413,412
5,11,13,15,38
351,248,247,250,249,353
177,181,165,167,58
433,434,435,432,436
63,64,324,325,178,345,344
33,7,359,360,252,112
252,360,358,443,444,361
428,50,75,77,206,334,429
55,56,51,74,75,50
136,135,42,64,63,37
325,323,179,180,181,177,178
111,361,362,110,35
386,369,382,367,368
195,196,197,194,193
510,511,508,507,509
444,443,446,445,451,452
190,65,191,192
140,52,17,51,56,141
161,19,438,439,163
314,38,15,43,42,135,315
15,13,14,417,418,43
28,339,338,403,404,397,401
430,431,349,348,255,257
69,68,70,184,185
399,396,288,292,291,289,290
120,303,302,298,299
203,201,202,205,204
309,308,128,126,130
