8.66234167729019e-14,-2.73078781809488e-12
8.66234167729019e-14,0.0320598496051887
0.767620609080314,0.586728360121015
0.770393160485553,0.563222283521583
0.917279440585533,0.558463606547349
1.00000000007458,1.00000000008295
0.969433679730587,1.00000000008295
0.983192980433918,0.964285346329653
1.00000000007458,0.965371542248446
1.00000000006442,0.255693075154305
1.00000000008236,0.192748237030204
8.0029732840714e-14,0.066430132819849
0.275424018091543,0.461155929319104
0.0196990056817155,0.379176838369148
6.7612582199672e-14,0.407651391163287
0.12358309920851,0.548583802852471
0.100800851901686,0.525379144296115
0.0252432412268941,0.920356523867461
1.00000000007633,0.0258176766154452
1.00000000007633,0.0515704147335877
1.0000000000713,0.0787414329417554
0.884242822611942,8.54628867674734e-14
0.969743658260205,-2.73937816874792e-12
0.94379200194807,-2.73937469930097e-12
0.0835440794969356,0.299523606743155
8.34783631109559e-14,0.725230646826549
8.14660838788228e-14,0.693980118592874
7.58958867974613e-14,0.609423769091388
0.78508265514461,0.659882607410026
0.707675019231939,0.585958477274408
0.683795535830663,0.600289671817111
0.787978033652362,0.532751934574109
0.788192745814063,0.556754629840538
0.820802534083281,0.541809946087671
0.752507103044262,0.591688825692738
0.713968505891293,0.588208543099019
0.734940751156132,0.575621755874746
0.809965033461455,0.562319868270254
0.801522216739397,0.564563489186726
0.861535137300855,0.588571472802275
0.829605414737283,0.575197926355657
0.880715679072854,0.59835837139949
0.893570659849869,0.585427333838277
0.914435715396548,0.613110369389531
0.862458131010995,0.623728357542945
0.881692227788462,0.609431183055508
0.896227900459777,0.620545347595999
0.87410722839258,0.506960852438035
1.00000000007322,0.413353080835196
1.00000000007256,0.445694384256476
0.945590858575809,0.543726437076333
0.927919981453764,0.542106246199987
0.893936844488586,0.511503263856738
0.899756081359865,0.527181347636822
0.920633767117933,0.527702651033655
0.90593763575694,0.496428313195139
0.952413263241363,0.945710813576024
0.969638661769294,0.942729806040677
0.947723086366866,0.968242285479108
0.967560125069975,0.978213421497155
0.891130458285262,0.935494578228787
0.907432657745401,1.00000000008541
0.933794728355791,1.00000000008541
0.936685089675579,0.973512013870543
0.918694919396509,0.963577021914233
0.903407127265283,0.969706104433897
0.792274803648005,0.809983045566895
1.00000000008236,0.164243370217215
0.97340162302112,0.382766830425376
0.974918993374517,0.351982496782868
0.966567338198533,0.364101854269798
1.00000000007322,0.382313498660012
0.981012030695033,0.289201930780513
1.00000000006442,0.289306595783472
0.977892537395196,0.256609244213927
0.969669842831852,0.273093070541373
0.966839913256276,0.241150277028447
0.0310638774086203,0.288570402134208
0.022200491089144,0.300038380663775
8.0027998117238e-14,0.100716838726399
0.0117226575054987,0.269713569215357
0.128421881672584,0.529533218125045
0.114534633859356,0.518717006315659
0.116478137602302,0.502649422579385
0.0974653900125075,0.478791015211581
0.0985182359590334,0.494034740861527
0.185283799566965,0.293864958996741
0.294322657739212,0.459241697163121
0.976233218206493,0.224345162814186
9.00737817666197e-14,0.35018065753071
7.37587074750579e-14,0.378408848636281
0.0705879867993665,0.434844101652093
0.0839077657336681,0.423779777436401
0.0707287239599193,0.403591415637995
0.0823192654760714,0.409832686426491
0.0420613327870066,0.447581739030038
0.0534155219417375,0.427575628063116
0.049188289316214,0.417322581815668
0.0296402761187923,0.533434992360073
0.0203425828424601,0.608886753077254
0.0545782777879868,0.459965016440155
0.08522638842389,0.4714640650048
0.0843343170618558,0.456278518263613
0.0724661743757809,0.449063469825492
0.121922948606596,0.633521404052555
0.0729403063034289,0.539045390913579
0.0415313783463273,0.534680022419188
6.81260603485612e-14,1.00000000006539
0.0303440264614624,0.969943689845866
0.0234928563242088,0.975463177557502
0.029371032702515,0.927808500943253
0.0315113338671467,0.959733680877176
0.0212231981985553,0.94701907345806
0.0515318107747831,0.949561018959519
0.0481966355034575,0.932257538235772
9.11423714278214e-14,0.753799936453438
0.506781618707639,1.00000000006769
0.507665533254265,0.974464872064282
0.0233515918767256,1.0000000000647
0.0484548074731889,1.0000000000647
0.190296817111294,0.915830967642361
0.365142181545156,0.569274451721709
0.283773123410535,0.629715359232215
0.682926158874608,0.605182440977133
0.663477204692537,0.617965727753397
0.669893635314304,0.743143993240594
0.666432366865408,0.725190839587404
0.911604754309169,-2.68896016564213e-12
0.97702320430644,0.052391287046044
0.965112844869734,0.034875959895995
0.956414056903751,0.0355976915200175
0.943891155865976,0.0554321387496947
0.955722331908504,0.0725382192169908
0.967478723139225,0.0726787365113747
0.941754181273587,0.0229335326823231
0.927380461450092,0.0550912183029389
0.920136922518501,0.0315207355360839
0.913990545192136,0.0284961518930674
0.973255941166266,0.0247150252094772
1.000000000071,7.33284960530156e-14
0.106402682421979,0.279930933080769
0.0908205094607506,0.282071377580047
0.0670174990194748,0.388380616816066
0.0514261944486052,0.383686833473178
0.0232208823081267,0.352591115539301
0.0284285093564121,0.365859019583893
0.0473834320122031,0.368589925089125
0.055727775856868,0.357898668234519
0.365858929720875,0.0844627125486257
0.0229814633807406,0.69514340804382
0.0560984164954162,0.640884423389744
0.0295002944180677,0.625441711449364
0.0462698561822853,0.624238293493143
0.8429957579547,0.703003414308358
0.819775302527147,0.677541389971993
0.838655749358232,0.682758217192223
0.745661892938284,0.609810536543866
0.722144501494614,0.609311900900147
0.833249674365049,0.64591045914221
0.80232036797142,0.650259493047147
0.816773257152491,0.65665587343802
0.861386607724797,0.566738673411041
0.846762565139578,0.561502960578956
0.841168660487674,0.545650972770753
0.862001174410254,0.527565311517235
0.853565592809579,0.528194785269542
0.830316248030026,0.589349349492706
0.831187745935158,0.626585622995238
0.847155407272559,0.615622043352575
0.845914176347472,0.598435760676536
0.865533260111438,0.640417011080993
0.869857017753866,0.676920753614552
0.847827905039283,0.652558523385855
0.851267736434717,0.671496204133599
0.870101122296469,0.497417355730401
0.837648208427767,0.512285357160571
0.802840567667321,0.49925203879402
0.808388187462396,0.52414284165588
0.813925996161481,0.526707692921604
1.00000000006672,0.599022219070809
0.978131929331022,0.628290105806114
1.00000000006672,0.628792045862296
1.00000000006435,0.569871563863572
1.00000000006435,0.539186511271701
0.950495945520158,0.614398704031174
0.969382213898727,0.613374304453974
0.977030274049948,0.599114979477634
0.974995876235832,0.47628990402858
0.920234774348182,0.498149704080151
0.928789072512946,0.513306537036957
0.879032138611646,0.91983990716602
0.946277423279013,0.913388196640157
0.941345952572499,0.935904930699854
0.923023613912573,0.939828086745672
0.911306054076686,0.930073905296853
0.977914003172812,0.928998847070469
0.965581196428512,0.909923160230438
1.00000000006224,0.927291371839862
0.887570962502522,0.94586641865943
0.899533291293696,0.968176562211903
0.967648542231918,0.646078659109172
1.00000000005922,0.71272249366832
0.974570969128594,0.0799667081913851
1.00000000006487,0.106893608488748
0.972816738981474,0.105223398145372
1.00000000007313,0.13417919867223
0.841752798423346,0.438377404542079
0.864281946754909,0.385484362658461
0.858500422357926,0.403135592230983
0.916215953618583,0.423695144259818
0.969733588401886,0.305369674677822
0.945599345833733,0.33265348413432
0.96782554098164,0.333678440033723
0.976414574066944,0.321067208594579
1.00000000006535,0.322027678275756
0.951338255004616,0.27524781630604
0.942673861659228,0.30537549679131
0.948199705340852,0.301628465051901
1.00000000007119,0.223324659330593
9.00737817666197e-14,0.327374542530064
0.0316178665771979,0.288432786419856
0.043840094754274,0.272114564054716
0.0633334839626252,0.296826731237658
0.0554586364083725,0.303328906408976
0.064587199548165,0.328556387161762
0.053839730103043,0.312971379944096
0.0518819419553455,0.344065300312326
0.0323261405331788,0.338627590321505
0.0281590268445524,0.324767081930885
0.0291574894598384,0.322556637307842
0.0270985706302083,0.253285191126788
0.0324466330193965,0.253720746557955
0.193313274070905,0.445428238119239
0.169615374267324,0.443982816849664
0.192165246561785,0.47207025583067
0.198349198010235,0.466232498959856
0.262000213084134,0.446402413753895
0.123884104924727,0.497623919437153
0.146086987903243,0.424271002846405
0.165932050947454,0.43058622618611
0.177150453503467,0.415764911148677
0.173354608465113,0.40360189553432
0.143770652409963,0.410233908962718
0.155058384389295,0.39790488394596
0.129735621043076,0.331804923859615
0.128152468083514,0.352390284344125
0.202725017899532,0.325021826715249
0.176281201028568,0.372073607024401
0.185514055497338,0.388297150403039
0.19864813223325,0.389557741638405
0.187989186593917,0.35654600135723
0.21182448260179,0.310515794066931
0.204538793902199,0.294904953213616
0.25631093943712,0.26745868581263
0.328329325415657,0.282486000199072
0.355093848686281,0.555039952454003
0.348583378450788,0.517656856646129
0.251411315416544,0.484372636845824
0.268512460577692,0.481401041229243
0.302724911457737,0.472279632543081
0.272193351440459,0.283066861720443
0.503414679798133,0.482980132053683
0.502080371100395,0.458132619951944
0.541500209200799,0.542215668774984
0.621223546388948,0.467183574140639
0.608869986956154,0.442047122306481
0.9703466868215,0.193600581407807
0.964567487417373,0.20549021271372
0.974201142860987,0.133807655155434
0.96842494513018,0.109067345672166
0.688250799872117,0.264745043787637
0.720283816984241,0.245179268175922
0.675440921866935,0.273158910694217
0.844066012768624,0.221070365483508
0.735130514968186,0.236136942445764
0.755367305440221,0.248472204621425
0.82336200421511,0.209151295128722
0.852216947909644,8.54559478735695e-14
0.416619110645573,0.203765190692193
0.418502617307639,0.232014084686781
0.419714840441262,0.200576761303748
0.441614264355538,0.200142765351846
0.448279690006771,0.177547498559347
0.419422567690399,0.232813139815789
0.450881545438605,0.210644394619767
0.46895448539501,0.245277972140744
0.451978512308158,0.244837026935203
0.442217834646821,0.232178744997492
0.556987264154575,0.289564801996274
0.534965557946833,0.284712053288428
0.530114053785011,0.288333089062009
0.530886345947642,0.312852132523904
0.449771638787736,0.0525319612400445
0.485928073657158,0.108867643879713
0.596700295568946,0.0880886190337216
0.605136576661197,0.107752743029775
0.0212527568944964,0.435400597638478
0.0305482623506682,0.448003490022438
7.957870473696e-14,0.436964368097712
0.113511120192335,0.422408614460771
0.0992387604724338,0.432081524575699
0.0998939407176305,0.446811031557636
0.132829648005776,0.437944381409953
0.026522415962065,0.421439747528008
0.0168400301381313,0.407617696930976
0.0269188016959917,0.392991349286614
0.0407064300203459,0.394593223036544
0.054369964599057,0.520299636411171
0.0704177581491136,0.526095393152328
0.0837334032009902,0.505078188638852
0.0839152210735351,0.513782794572049
0.0424470438205276,0.478822859009981
0.0542181657732168,0.469526818624071
0.0489191710398301,0.503391016771043
0.0495644593151878,0.503758506029387
0.070748374401208,0.48004482809576
0.0699915526349701,0.494687446701892
0.140932192476433,0.500999580251505
0.10613092283603,0.631643803090886
0.0725447291023803,0.639249980406076
0.0969990487600144,0.651005360689536
0.0830076766151779,0.652392032924961
0.122682899623332,0.582039089464403
0.120011761191425,0.6011253512236
0.0514198213158728,0.551574068229795
0.059974977341565,0.552137589346577
0.0978374737125168,0.542555565162516
0.0899947161046229,0.546340099289401
0.114223601551352,0.551768020248586
0.108648210984815,0.57297067533816
0.645238883957444,0.606831074586324
0.643525855722094,0.596629497876445
0.628156349278797,0.623141783833795
0.609872795767564,0.614665284916545
0.609084404792465,0.59670966637283
0.621286001830866,0.587829190985345
0.668996133077483,0.580577714487967
0.654730092715726,0.581992778715907
0.607497035618308,0.533118637297088
0.578518636314045,0.537336868181461
0.636588676497764,0.532976757201874
0.645212186868788,0.550065339152052
0.640822975611895,0.559860004048459
0.608620071458159,0.534203700589366
0.621462165155021,0.567011897221132
0.609830211416241,0.559528347721253
0.606044256009951,0.512437379111073
0.61687325076595,0.475781467326027
0.628059996402591,0.498298360744024
0.720502648439527,0.826909071665433
8.68749516769185e-14,0.972567936235716
0.0593433182164091,0.921765215036841
0.0906275386356395,0.908012511353508
0.0298317711279039,0.90661282606508
0.0458346562891662,0.846598438709769
0.0268094461775981,0.780329781613932
0.18173806850029,0.645736414740207
0.152287614825141,0.750013449285131
0.0962160131770122,0.725476218484394
0.480547149362428,1.00000000006769
0.451134571139232,0.980311229784959
0.451031731186598,1.00000000005936
0.437809389604066,0.971874963424301
0.465102687460489,0.972485911847455
0.479397071243111,0.980161140077266
0.493999890257632,0.969916961316546
0.488279808353004,0.950301594151504
0.465274950854624,0.952139564558431
0.201817693190479,1.00000000007001
0.118643381848449,0.926914042411144
0.188619816330028,0.950042779427822
0.188114714963045,0.968637203100632
0.141664676784178,0.938364129455178
0.141442575643816,0.937708198117942
0.160037463119488,0.948067961418587
0.17374466920612,0.940995605430812
0.175152396237628,0.92306141383208
0.424513234754969,0.551596123491295
0.451736939930152,0.524056240045494
0.393181790994864,0.558656980296228
0.382624634384718,0.570683444022789
0.412783857876866,0.56240390762857
0.417439646952655,0.584583777108606
0.631250755604655,0.638192172168619
0.615873160634822,0.651081008499902
0.674451317910305,0.714283820066215
0.667559831420328,0.69593665042705
0.678755036194869,0.680909957351888
0.693922938271562,0.681821194882431
0.634125335387875,0.731316715484147
0.640794967014133,0.721550960953515
0.0807694271457195,0.269739160942235
0.0617867595443764,0.27262141808267
0.0599358847739817,0.271284735170287
0.0861904260738031,0.255571399333827
0.0757702983948626,0.361327658358103
0.107947184381771,0.357270709280655
0.0799656813387013,0.375839253036582
0.472416422524101,0.119962900772834
0.44210297316091,0.141298859655412
0.416099725373135,0.175590691678578
0.431812911793097,0.149256884958718
0.431025760086443,0.166400514154979
0.0751890603079231,0.669715836301518
0.0768798172372461,0.723807010464325
0.0711743565074343,0.703343688940937
0.0578725678267763,0.700142353072475
0.049122235769231,0.652933413285373
0.0586425134491646,0.671378537853056
0.051906169537539,0.681789073698683
0.0307024092309705,0.681382810022587
0.0221596787407185,0.63773031846637
0.0237574234609421,0.666150814097909
0.0305008372042261,0.654265082960039
8.14660838788228e-14,0.666374424753609
7.98961591330638e-14,0.638253383285112
0.808396622314283,0.68733399687728
0.787064865155282,0.682030342682143
0.778746923446559,0.689341019988095
0.682908540127705,0.749020708706522
0.791562095615298,0.773068524049763
0.755119257803196,0.772969962750987
0.777473569970743,0.788543095495627
0.768183835263372,0.788331612208081
0.730372654545649,0.676993877859036
0.759194116696598,0.687994919329933
0.750080985582558,0.674667359769281
0.772978192578941,0.624989306232579
0.751950870026826,0.621014564698273
0.740171082153739,0.641641745526114
0.772006362337079,0.653090189897833
0.756091514700454,0.658404646142782
0.700308569034635,0.625168157248732
0.713078616760933,0.623534411597175
0.688700445943301,0.644417238161682
0.72780496370477,0.643047656321646
0.706399330430728,0.661654044023812
0.71712847304607,0.660545138538809
0.869168629638458,0.562393719199571
0.890018301894557,0.569362400019962
0.901993773118537,0.556500667296504
0.893595804729825,0.537296239454222
0.873965348632108,0.539724081271739
0.800368707380864,0.627794710475786
0.813672801793829,0.618455432794839
0.813038851860277,0.600290577292124
0.779570940266831,0.620815199118465
0.781839198958617,0.595884749335843
0.796596544843006,0.590508901749645
0.881250936339565,0.664433310581579
0.877384888915299,0.646134394203893
0.894885958654029,0.636006057776674
0.901930056122039,0.668889627004347
0.911385228616969,0.648952446234356
0.88214894288096,0.323655870315572
0.86313608242124,0.320664997785502
0.944827113979302,0.362644413586782
0.939443638652012,0.338725724457954
0.917951493196177,0.337165999771095
0.850964734921046,0.490695264516042
0.838170839901096,0.498793207169326
0.822164196476571,0.489540711994231
0.821023371935103,0.466476062814571
0.838557944104909,0.459702606439528
0.851288503324749,0.468755292745194
0.942489955895621,0.599524509184648
0.923952729786232,0.570930360250024
0.913178912167683,0.590228382953369
0.918481353423871,0.600794920222386
0.969459068013489,0.585071655441917
0.952483289083915,0.554813552070408
0.943070638152034,0.573480260829627
0.949140077647629,0.584430544365301
0.97003360301165,0.556152286502876
0.977854452878935,0.569434351648084
1.00000000006219,0.506588601316281
0.980026189668965,0.538912989974025
1.00000000007256,0.47581718671186
0.967661186379506,0.491149987675226
0.954512228606016,0.493858416983522
0.980471392142652,0.50749518328908
0.970320906952321,0.524915405712558
0.955129811402735,0.524698785536546
0.946448380771777,0.513138823852441
0.947090154662634,0.849585473635365
0.939569755611789,0.877332683041604
0.880992514639565,0.90777974612288
0.863079738926434,0.891635314353838
0.935296545485869,0.903314276868949
0.918712072258947,0.872018173606095
0.914753731009845,0.908575081873756
0.901257870124728,0.89646122794773
0.901524101946343,0.888344270637444
0.939362087066278,0.663799878431739
0.955644992967569,0.645460928118222
0.920139973201739,0.64682365522028
0.943694864554392,0.627194536700889
0.928099694078692,0.62993030008743
0.975808199357692,0.657254390256914
1.0000000000724,0.657639985237452
1.0000000000724,0.683493645828359
0.97641875988825,0.710991769928644
0.946177430766424,0.699790767192454
0.958383907259466,0.681390175376337
0.975074148747355,0.685957361410321
0.968073185662642,0.680359445912659
0.930111728390595,0.698946688023267
0.906615556566139,0.67850974795662
0.922552086550261,0.682072652239822
1.00000000006934,0.740460484056228
1.00000000007945,0.801617737471079
0.897151375548468,0.478686595405347
0.883275087284129,0.477893900465365
0.87169646828332,0.461796983079867
0.867712487040263,0.414227462408347
0.861353141782419,0.434338148210962
0.887166389934397,0.413355073292843
0.89590015127095,0.424898260269298
0.875497359877904,0.449009553723599
0.889787262108847,0.44380887592912
0.966369861479048,0.394104130479476
0.977818077289026,0.413859884610723
0.976734361462193,0.44524608819764
0.967241473937616,0.461625507901777
0.967621868468002,0.429244850022899
0.951783234731188,0.428619822777471
0.924260638890579,0.441875665975665
0.910205922417118,0.462295060239304
0.90990303431314,0.458510333220476
0.940513233703758,0.443917474178978
0.947926382305617,0.460294896518307
0.935329770894412,0.478115454360236
0.936083233024048,0.477966749836769
1.0000000000717,0.352651439908641
7.65481428244286e-14,0.300424897350788
7.37396255168221e-14,0.27043404565078
0.0284172436079317,0.220597999989826
0.0144738898461878,0.23647451080534
6.95537377692901e-14,0.235872601256918
0.100470791968283,0.25093582479497
0.111764628823605,0.263233274368062
0.108563901509539,0.189123162632353
0.129556616722078,0.259882364787351
0.133505808906473,0.243554948252762
0.0772791180116719,0.127561544249731
0.190363063616042,0.0633140305303047
0.173265651429699,0.0523677054539922
0.158900269842353,0.0596274922713645
0.157360857275313,0.0789702455870847
0.175110399543871,0.0331521201715817
0.223244968930122,0.483482868299186
0.213413086909035,0.467790030329477
0.245088663671847,0.479420501191401
0.244095847048344,0.457145017267474
0.227339056330103,0.449986128539523
0.205721143242688,0.529482849094888
0.217903770092542,0.496666827097697
0.223850787824158,0.439409457087863
0.207866047063483,0.406948909118484
0.200822085027212,0.435291871114518
0.196910856547035,0.420913991829621
0.164703815862075,0.452583897152088
0.171297132530845,0.469418372365439
0.161696970277008,0.48355350269168
0.152140402262154,0.48394105220785
0.11485915327665,0.409360219594279
0.123539147007819,0.403127512200221
0.125027504460061,0.384217190057779
0.096504718465485,0.400189457946528
0.0961859948393861,0.381552355364694
0.105706992637971,0.375481031573637
0.135373811623032,0.358900750918182
0.13370092052888,0.378618091976041
0.154399487345263,0.355292736067125
0.16432726474675,0.37123111010573
0.152191416436972,0.385782273477727
0.12473429677678,0.326976680608007
0.120456261928334,0.295522998110455
0.177111978307909,0.340265175008885
0.160050956244819,0.342172441099735
0.177065485183379,0.312173143394848
0.185020653170419,0.324938745627471
0.15656883042664,0.312028971001527
0.150665572938519,0.329009051967839
0.200091963238072,0.356782747209387
0.235464952044801,0.358526358511756
0.222763887808458,0.374792014975872
0.211081017670072,0.374160830263409
0.211542208223524,0.341290720268493
0.226744383217231,0.342510645385074
0.266081801180634,0.24574127056631
0.234182107125157,0.282512639392416
0.24236400281621,0.269101044163713
0.213503303687,0.281160724873157
0.206828945548958,0.265123081863536
0.27512309783684,0.243788591882078
0.283637581315925,0.228900125384847
0.204707411482101,0.0976020054579184
0.16690451038266,0.111821114384258
0.186625011690506,0.0830716390525996
0.170487460035386,0.0888079738788793
0.387956557322841,0.540596423552109
0.367379099634783,0.535528337680611
0.362061462044963,0.522698618338768
0.379937123561186,0.503357611225263
0.331179966045734,0.527907495874264
0.248583136479523,0.508357437149914
0.2317369168551,0.512958068234396
0.226071760687313,0.527481866518232
0.323035133275543,0.472332339095735
0.343363741392082,0.494461318124997
0.330450218966344,0.491054446640715
0.336079620194281,0.303282730591135
0.361038351719761,0.371637243080794
0.358874149189119,0.396813621884527
0.351196990243653,0.401740399649005
0.278170418047057,0.281767123143447
0.289993912588744,0.260591729252876
0.30453220868595,0.259620742225445
0.314260872535601,0.280435791585364
0.298991567099724,0.295136181761265
0.300579714941823,0.444924165904067
0.232143059331516,0.4252874344698
0.22188903458981,0.407685564288376
0.233621235302006,0.391939053108318
0.246557747401987,0.392396961727475
0.498903531396787,0.487753834692409
0.466622880833747,0.511876355113837
0.53793702713758,0.503182033173655
0.553114885849438,0.527799871877915
0.569387309878894,0.526736511482406
0.43776228355954,0.462284595810931
0.444110767207777,0.486410934379965
0.472793100320636,0.482155963381728
0.463219842225965,0.490855725213217
0.425117366059423,0.459360368279712
0.407340473556534,0.476120357617509
0.590428858349109,0.587954239411295
0.59057631487467,0.568478619969268
0.575410634005035,0.558289973127036
0.575581602643059,0.419173594467821
0.609334234245021,0.441047873199825
0.635098648098474,0.413560696674852
0.633899886457693,0.431941268889324
0.596020076643083,0.364295662378939
0.576548839525527,0.354407474199893
0.840343558768722,0.404924492716343
0.831064683659699,0.427884524540162
0.766775510966312,0.313913425316982
0.675857901104916,0.294462200950091
0.754315919130942,0.441454866070683
0.792784892018253,0.494371605860051
0.973353868672564,0.162982247106016
0.963864707795092,0.176849973790625
0.94181429332813,0.173565026341471
0.966385061910777,0.143233174557464
0.931961785435962,0.183150626687651
0.942620105021853,0.08801393914639
0.952042805538399,0.107821567963009
0.920107563230524,0.0635505071928726
0.927212376178253,0.0864387975844642
0.916673382637038,0.0964142222771097
0.670260257381704,0.236059129452598
0.703012785549959,0.235713123696144
0.688053327334707,0.245080921240999
0.654735872321215,0.149628600366311
0.736513662475534,0.217724712492461
0.751646767794412,0.210038106741212
0.753145080564601,0.189207590298034
0.737491763164343,0.179472238486474
0.766902060388256,0.218869308808866
0.785170401956682,0.209566165005635
0.767354814477887,0.240797633652813
0.822066933867523,0.199450828561965
0.771642088187502,0.0968480642007551
0.525447596681492,0.165289285588349
0.47097403833814,0.209373809682064
0.522593482409857,0.189003963615066
0.535282387024219,0.199701290945634
0.503535281123711,0.194646680175522
0.620632925601626,0.209781920799732
0.636373025471464,0.219217350459563
0.60025323833213,0.225096768916517
0.600449830788051,0.235117762813321
0.655920681579427,0.2458330853575
0.656192507311237,0.265443072860421
0.636883002484782,0.23668037522755
0.624097841463571,0.246241684958245
0.503307923448474,0.262756443323074
0.509182053310326,0.284902317461761
0.477917443659698,0.265868750913673
0.527579686895139,0.222792900236099
0.50712005441618,0.256358904170125
0.562164038931023,0.308091789054223
0.574160962339321,0.34452158892913
0.551508794941111,0.337113298483006
0.549170249807216,0.319388677042433
0.383520368171872,0.403095939707451
0.684217028418564,0.0860079752603979
0.658549399324251,0.0557034038977709
0.68870455018699,0.0283706675116284
0.622467447560794,0.0346534857100259
0.630079850161085,0.0283902533644238
0.654422399111449,0.0321605971761148
0.661221881167231,0.0247708181171614
0.691983110854341,0.0330898747584927
0.693294283197758,0.0691442916426305
0.683598046866795,0.0540221278690204
0.711119192557386,0.0351456334281484
0.449582751466427,0.0340438397327622
0.630574404914352,0.126750212588505
0.624464896582118,0.110125554990264
0.661599323167968,0.117225218820866
0.649206515524824,0.130708146131906
0.654913419161721,0.0608007806114716
0.634881777758319,0.0953799806759487
0.664136717284299,0.0852503973420808
0.654254850938657,0.0973239715957193
0.549297474055374,0.197135126968489
0.565122877078688,0.217350300599652
0.586722362811608,0.196181859418513
0.583725948308757,0.21005288456839
0.618054637348909,0.141522353696605
0.505500395339401,0.0784404256953365
0.0286873775640986,0.476654022861747
0.0219090418610002,0.46390249006092
7.957870473696e-14,0.462952775316521
0.0214929095928187,0.520420995103318
0.0277040052754651,0.506853172940714
0.0179992358510547,0.49202969317443
7.51222001271756e-14,0.520979152497764
7.24923593375948e-14,0.491856148654343
0.0187119124226536,0.549670302079833
7.51222001271756e-14,0.54924849067279
7.13214209913104e-14,0.57947033174404
0.173067825754566,0.498557579466095
0.197911837376539,0.520657852773194
0.192194372575967,0.493135744793229
0.201771285152837,0.500797648354599
0.0995184261479252,0.621900910679397
0.104283726775724,0.606078562022467
0.079355434581155,0.623279117466113
0.26559987043703,0.74081845721341
0.271018661637068,0.717742329262201
0.264527771922986,0.710509358736665
0.243883136346597,0.680409038768675
0.248303831845293,0.743581105268423
0.293436269642549,0.688358017848538
0.270762460553853,0.687300355813223
0.265571629122242,0.680586794448991
0.277810965005729,0.654360174110546
0.271301019627941,0.657359909348283
0.0857884638285957,0.565970832482627
0.0978243192936307,0.575889950029652
0.0920805031807377,0.593420358205575
0.0713597243907531,0.5691698128127
0.539236371038686,0.950942559115091
0.513867797729824,0.971175441880983
0.519675586488499,0.950816877304132
0.560484044916442,1.00000000007278
0.545917619872836,0.968970031635381
0.534101244838586,0.979399546180465
0.535492005032141,1.00000000006313
0.547474433429216,0.938933736636766
0.560255950181312,0.938759417232892
0.620211705762688,1.000000000067
0.590520266214514,1.000000000067
0.573613503339338,0.891480221675203
0.564278325276214,0.909146126803203
0.571170885478846,0.920415363590808
0.592326293627122,0.893753932317333
0.656072005827881,0.817781645478418
0.864106182191699,0.953564017892425
0.652855423927245,1.00000000006052
8.68766864003945e-14,0.948261972614611
7.81007203354278e-14,0.920211996868307
0.0190270294788504,0.89213872908355
0.0293952640671004,0.874658081881308
0.0583514946310321,0.907964625516181
0.0479341812907884,0.901135202545594
0.0749408267057822,0.898151816944341
0.0474832180724805,0.879172618946665
0.0313438069557241,0.78715976916962
0.0300110995177448,0.815849560380454
0.0245562663792154,0.807665214398277
9.11406367043455e-14,0.779109733682976
0.085613195684372,0.692867473536568
0.0871243407304195,0.68421793932588
0.104524073385706,0.709542968904872
0.114259364747716,0.70651596793238
0.153050278398254,0.595107442583086
0.15167807938793,0.629704104539268
0.133006896167733,0.61078470375047
0.134423132356664,0.621016929084783
0.152322229516547,0.647191135007347
0.163884314768348,0.65424270828483
0.164701657398808,0.673649415304618
0.235556440842572,0.889997070385183
0.221037707132381,0.900764702118177
0.174743442912016,0.680288513685426
0.209282727006448,0.690935342526407
0.147803007619411,0.702235190625788
0.152167445764541,0.736347146410085
0.131991039712886,0.72508985494892
0.130948152622758,0.718147241729069
0.195229175172225,0.723401234649606
0.184072103782789,0.733221373795911
0.165204588776857,0.725873934249072
0.162990090257624,0.707843030576855
0.176542998064933,0.697687696655299
0.190690075009525,0.703811742962607
0.163848568682611,0.759958359364717
0.185198127571112,0.750315022414222
0.470376231289645,0.922361522432636
0.465876085451408,0.904143763864265
0.437483718412258,0.9547205716869
0.439601050820977,0.924113655827302
0.46169396027404,0.948744005825749
0.460772416728869,0.931852553483354
0.349066224152154,0.941986354568018
0.356059501962433,0.949815134092435
0.421385384465814,1.00000000006837
0.422484324286572,0.980508818549606
0.394365027570968,1.00000000006837
0.298837117037089,0.697052867538721
0.322880225818299,0.698703303958034
0.327719987861293,0.714249308550447
0.29246541706446,0.717948325716336
0.235226725644764,0.942330956462366
0.221727867696814,0.916170997468324
0.234560034965785,0.924353414611636
0.204832578716681,0.925698273390922
0.204566083402793,0.941888527759616
0.217306712453598,0.950349144458979
0.285586675029978,1.00000000007151
0.245523110357463,0.94921979947251
0.264343885138201,0.942303592694683
0.25068304456445,0.896792019315096
0.252536483955871,0.915064211525777
0.263758382457993,0.921705630228683
0.229696026482748,1.0000000000688
0.217187428023273,0.969061643588953
0.20202293039943,0.976330968185489
0.174537041643288,1.00000000007001
0.159223944778923,0.968416925230387
0.174608940110164,0.975609941240031
0.127014950036294,0.961458136675845
0.0756213240584653,1.00000000006139
0.0489397350182374,0.980267650552352
0.101049531010642,0.978112659783665
0.434094251262354,0.518193062639467
0.412459381702807,0.493216004704844
0.429761212529456,0.498925859673016
0.419701212325401,0.531056367030995
0.396194409120291,0.508779524399546
0.4014588022503,0.525927842921005
0.302052053813589,0.666641765978009
0.300897777396507,0.664013071004419
0.329863538458262,0.642197356495305
0.305350078388316,0.630375944821499
0.311982935406599,0.64012490234436
0.597293751478679,0.644141288175817
0.596350742307824,0.624675791338744
0.538168853652899,0.657193567594826
0.645624980816195,0.64429481477329
0.650379581821725,0.663645536311815
0.67030401600851,0.665488685714362
0.681870461490641,0.645612042544986
0.663557264777726,0.631700617447558
0.648409438175673,0.693165556773643
0.637207042469642,0.7052967246187
0.642851716575874,0.672796298550677
0.619440625744106,0.671536422289557
0.882772015898569,0.0267026445254212
0.897271974446191,0.0346740781365091
0.851451662590735,0.0209736149735972
0.867696553307542,0.0333809463539272
0.864669069969743,0.0481934163270724
0.0848392242478628,0.34883762707528
0.0982676718791823,0.34762081506213
0.0722233332718452,0.329359400589042
0.105383146006014,0.328702954853573
0.0911321991799429,0.31254024973939
0.093049557871652,0.313088027607706
0.423334984902106,0.113322936303746
0.452687132380314,0.113133006014325
0.442031244684074,0.120660421693207
0.452818580652802,0.0903279381260015
0.433503138111404,0.0613905757978252
0.43534708009095,0.0842358492525576
0.420908583620422,0.0928565422685776
0.321453118191856,0.0557782654137539
0.35115303144071,0.071714469928985
0.018520575510179,0.724158957796689
0.0288744058143938,0.707302171720798
0.0463514044573679,0.710856331177188
0.783271557232453,0.716261621630143
0.783097463047357,0.753689105610765
0.768163448814175,0.75151477139905
0.814266246025411,0.744804227336569
0.797871712272856,0.738931591957034
0.793359286121499,0.720889076232427
0.81151818453452,0.708133706751993
0.828966926581817,0.71525421741404
0.831637991125644,0.733008250552931
0.700040580654557,0.741585814493291
0.6847201161086,0.774134135864864
0.690466156352128,0.807806164818172
0.706762366000211,0.803806013221172
0.742398729562428,0.773136414515564
0.730161031031529,0.757671843047079
0.715078153676156,0.759743237989637
0.731620471126255,0.791327007563729
0.713390149994032,0.792104244866541
0.705446151306103,0.776398890010909
0.878770421186165,0.352968726759374
0.887467286862684,0.339205815741544
0.912202450103269,0.342856379769892
0.8512244465219,0.337085380722358
0.851486115786363,0.369152453045183
0.860007889406007,0.353514878270789
0.934178006765968,0.374684591358297
0.923606286949074,0.411626061552312
0.951000245071024,0.396440366795675
0.941951824497754,0.411092616699515
0.912116203700235,0.855466114797763
1.00000000007556,0.895661359373379
0.964693937100463,0.815614859699121
0.920750664513751,0.71185534222291
0.916880232783048,0.741650938533118
0.926952697033087,0.729134161178141
6.94028168268801e-14,0.137359842580532
0.0171559686357792,0.172084151185168
0.0291950873635348,0.191341339920541
0.0200802906491592,0.20449242132595
7.18383685871515e-14,0.17230174244977
7.18383685871515e-14,0.204242157034885
0.0435383137275614,0.190025930845803
0.0566122093294244,0.209936099362675
0.0764060482006673,0.197997583269994
0.0703502093065033,0.240041920266623
0.0732531345168412,0.231524318771287
0.0596842689948469,0.245586562710598
0.0464374514458164,0.241880518678434
0.0408923363568573,0.223087314588287
0.104233572515361,0.206273618215734
0.0882024271100218,0.224359071595118
0.0914702535840733,0.211469437793705
0.118948728413149,0.217517978340847
0.103894976910988,0.238370821694943
0.116677134618403,0.232037926004274
0.139326092651196,0.271630579435438
0.150984906610116,0.303665810255486
0.127094533179528,0.302125234413438
0.121559784268153,0.295794348753416
0.13006893341577,0.188995609583506
0.13405953246532,0.209826348929037
0.0292631243007255,0.157940970566663
0.0157834988572703,0.137366895103653
0.139645272366754,0.177182060402629
0.153843080311787,0.144459368222779
0.139285609217695,0.138476730482052
0.111599710701177,0.114715338084285
0.137311733185389,0.0867580471645751
0.136770439921639,0.115600623291218
0.141174780108895,0.110621710534867
0.0961720159773653,0.137857847697137
0.106243311694977,0.133287118872042
0.122821785415173,0.1593543895514
0.124998604186984,0.146923965845262
0.0576043314096319,-2.70335490104578e-12
0.0290045442682738,-2.73078434864793e-12
0.191258201016858,0.025842966573531
0.139967267426681,0.470363419209943
0.113116161574844,0.454944212718186
0.132708955954221,0.440679416354161
0.144751652749653,0.455537425142634
0.114887653951516,0.469137011121927
0.123769816877467,0.474732588262089
0.333929441016864,0.0765387759879663
0.325791150360756,0.072491448481971
0.305720870125087,0.0839974334361733
0.305393879693224,0.0986784971108957
0.205019712661431,0.0997074996586527
0.340175367529283,0.554967753950728
0.329082695509603,0.543349006740885
0.313462884549027,0.50479164689492
0.312913648686915,0.51338740270165
0.281896031924649,0.49398384161508
0.29601264127139,0.489562541321816
0.234829769165381,0.541667949419292
0.389399166294371,0.469670624782677
0.385868579089875,0.460462943917656
0.374273054244884,0.489167069417159
0.356593491666895,0.484310002362027
0.324866975666057,0.315945776089054
0.293018055181372,0.335824085443958
0.299897032622915,0.306752485383595
0.289660263027434,0.31812233554025
0.344365698204769,0.340397108827742
0.343122767658044,0.363731720370889
0.312695242482486,0.342407793186385
0.3265208378538,0.331629700479049
0.257096178330057,0.329982143146217
0.237988045011678,0.326583345153438
0.262520575541564,0.299692969740389
0.268160105491537,0.313992603870995
0.231703792880023,0.312079032162238
0.240523354637868,0.297776388551658
0.256545536943111,0.408357644303613
0.262550419656068,0.441696420853393
0.249160668411292,0.423587241026805
0.332376161478328,0.458034742452949
0.325901798921101,0.444526805803864
0.360774073718905,0.453425184049464
0.352526493059555,0.460801744457753
0.331356191066639,0.429639760513142
0.360817574155446,0.432834887363499
0.348855456985735,0.42363862294348
0.314513267358438,0.412339914105955
0.293360771857215,0.428642907191872
0.285736855065822,0.425791538916028
0.281966652627443,0.397470647468646
0.277235403487039,0.406590687274014
0.258373483720946,0.376316641421663
0.271813319216032,0.377475953400118
0.249427144816738,0.360193817989849
0.262417603690464,0.343473089774529
0.28057418029945,0.34843397749418
0.284268420879485,0.363930664405511
0.484521876897743,0.518656086727916
0.49998612896026,0.506663423355578
0.517762425024336,0.516088794644295
0.518916726077297,0.534839389746563
0.595918406917405,0.479715549853438
0.590623225431372,0.501625529189104
0.577164430689784,0.505682203965555
0.528352938590971,0.482896047177262
0.538969684257814,0.499625931097351
0.560677910989334,0.491026466612678
0.452605485668582,0.451762511838064
0.486736041411077,0.431914178295896
0.487621625242061,0.450304907828172
0.471560572291956,0.46050730279878
0.432823200215365,0.588961357318494
0.584199017195342,0.412415940417006
0.601524451613916,0.417029157001102
0.582411583042269,0.391776302292714
0.597546514711687,0.380288740919522
0.615406998051383,0.389521555582274
0.616953806256364,0.403640792744907
0.610362420482439,0.33233112873005
0.61220715731364,0.351605977981159
0.783254130186476,0.378138523211206
0.756034706693949,0.297489793682284
0.767235373553678,0.277652399547368
0.753172210781869,0.262935421956125
0.695753252933565,0.301930692500516
0.729294650139825,0.31942068267102
0.775207709896445,0.392664576567364
0.757462210437124,0.423022245406312
0.804515890145701,0.408212603483459
0.783631304475772,0.411718869570943
0.78063246836699,0.417255912072315
0.817566987827233,0.428423083985794
0.773758591297337,0.452161041170854
0.775054856786638,0.466432146709052
0.789490578413596,0.474471139157044
0.787726924936838,0.43922008169193
0.810617214063755,0.46111565685425
0.805351421595022,0.443145835557695
0.667887992476357,0.517754985346925
0.633543346400497,0.500039345981751
0.642883230874243,0.519524594821694
0.940310589099633,0.120542750421433
0.937877201654086,0.15136690871719
0.946786059986402,0.141716347456614
0.921045310969246,0.117617876359559
0.653035586670261,0.208970976132125
0.669704698008764,0.218170324004639
0.652467378238707,0.188193469413872
0.859923506755549,0.204555156629473
0.940987777756333,0.266526080669793
0.932754675399451,0.267010644333231
0.951870591204134,0.241909213014354
0.902638336394535,0.281740577184693
0.918805007118374,0.284718344785621
0.892985153169204,0.310068762763876
0.889406612346372,0.295464087519308
0.913569171866781,0.315156478947634
0.926338596137899,0.302458111252448
0.669979684604708,0.181163026081268
0.839250602671242,0.183282506613395
0.856455162876549,0.190526389213465
0.787204865095241,0.197181142261636
0.803320115906206,0.187572611632212
0.772878584793038,0.16394839255379
0.768559483050373,0.182174061511015
0.738148432111115,0.157147902993431
0.760691847214364,0.152715932424738
0.764739077999226,0.132260717020865
0.304247664023337,0.228328006447149
0.312772648403835,0.248462845435727
0.497516162136528,0.162150675970444
0.489816185404331,0.176043559149383
0.492472236189597,0.146815407577741
0.462830304580426,0.172901050065519
0.472758275392442,0.179260940034972
0.474722773738786,0.141493293001427
0.463931790469418,0.149132110630081
0.49913219159587,0.206020441035915
0.477584560793475,0.23504619163656
0.473301197589282,0.211092644588113
0.500408657245369,0.237420954786418
0.509297326184549,0.223377180415234
0.56096759962686,0.228500849279553
0.535673149656436,0.23214256240061
0.537531342176039,0.259749137397326
0.532068672870994,0.253764409259376
0.59052322814609,0.24572889792999
0.568940452677982,0.276069866803726
0.560810989933718,0.258661124718753
0.568805495679275,0.244132040863288
0.584193524534593,0.278305244843602
0.595278490387328,0.26765204791518
0.645510831224499,0.273044564356114
0.616358042232663,0.295611535979466
0.615644239838915,0.27172495230149
0.623488697008632,0.265672270506455
0.500283349172195,0.294159090799054
0.576162914341884,0.311315376296725
0.605469738235432,0.302463403515686
0.590628227658348,0.298606648170423
0.608069102010508,0.330489319654847
0.583475975412419,0.331075487128674
0.495447883737406,0.395769710207995
0.492984936078791,0.37379243742461
0.382599452318919,0.424798962503202
0.386856662056686,0.408278550210748
0.395500016852164,0.441070145242395
0.414825173813823,0.439133063961119
0.441117048624687,0.266121330202032
0.358650336603724,0.333544009508902
0.502064461002134,0.364553217807638
0.538646059700689,0.348966927471852
0.509942472088869,0.403841973963259
0.510548192032501,0.421611738997001
0.547958270091351,0.408852235086729
0.692490427834212,7.64648760975817e-14
0.659325299160111,9.03201125002084e-14
0.720219030433244,-2.82213488689287e-12
0.621083661375457,0.0457236019380857
0.637222196598927,0.0637765560448467
0.628187220552838,0.0803722168320217
0.605028303267124,0.0780164224906752
0.601695346013524,0.0588323575925029
0.769232968565551,0.0335084618185979
0.750290659727784,0.0661117871652999
0.741375828228285,0.0555327396728336
0.712676353116887,0.0680015352729541
0.719752840601948,0.0572977464678295
0.785445056309001,0.021061981913019
0.81852272795913,7.82585801717417e-14
0.621305603507085,0.156080681171083
0.638687306031896,0.163134557230365
0.642089763592561,0.181674711352173
0.607388465165907,0.168997323961047
0.610007507429363,0.187755903405487
0.618241745216906,0.193530685685859
0.482488158853078,0.0911780723082912
0.49212218685298,0.0797720659170316
0.460035948043927,0.0856862489728898
0.462844706976915,0.0609278331919474
0.479137809402654,0.0566296365123291
0.585834675735743,0.0510081215682885
0.570955860169013,0.0606980930333589
0.516945679894007,0.0880222081413337
0.538718284561174,0.0771701523567951
0.528157998229346,0.162869680984134
0.572945206013718,0.117718931257015
0.592898997425074,0.124079675380729
0.596491158175346,0.134466007912685
0.558681800056926,0.137264513022199
0.630379283646025,9.03201125002084e-14
0.0394947390596585,0.56538074258096
0.0287615004278942,0.565271697107845
0.0183358162093552,0.579451378850835
0.0283714467126864,0.596266588009982
0.177378901866765,0.523608002156816
0.16908773187502,0.511196283817022
0.172682954985119,0.537112084795431
0.155619356545937,0.54130420131031
0.143021848365373,0.525111084147569
0.147567163011621,0.514050759496324
0.137588107388702,0.558106230330216
0.150737786510931,0.553737994915952
0.134103572633905,0.577194664497815
0.151623510540963,0.587352646082255
0.165559153307129,0.570140540394379
0.173893507470685,0.569637210890097
0.200178553878981,0.549963297295898
0.183500913522592,0.550944793663142
0.215682760451799,0.636381061446746
0.234529765500517,0.66630610635383
0.250040978188315,0.646855640169262
0.242857659339468,0.764512525629645
0.238760958730201,0.733803800664738
0.2459270248969,0.711452500849616
0.21294969736974,0.72651373776481
0.219341850980033,0.734776711122059
0.222885088699712,0.701582748435838
0.235349524414148,0.700404627872007
0.0653938428690995,0.580922692814246
0.0435485741994812,0.595074643448581
0.0507627921767372,0.5831529543053
0.0534129317253666,0.611633292169853
0.0705146356197972,0.609922811115495
0.0766331740651947,0.596515686542673
0.493890305887968,0.941900314511446
0.487428104148511,0.925407008585585
0.513262665352976,0.942032399052574
0.65114552331635,0.851058542941476
0.629068119832164,0.831144503420691
0.641599870814477,0.832562355652066
0.585919854461207,0.922423501272331
0.618447515231177,0.927782973408797
0.611815818683937,0.909449841310032
0.598300267605357,0.906263628292995
0.638844050399741,0.748314769973215
0.654434040244285,0.754562374119111
0.677032091277149,0.796433549666892
0.677101811837726,0.78055114931914
0.655683269484114,0.808658978189236
0.644621577224926,0.799078040941935
0.656339072415751,0.772994931003214
0.645069340593564,0.781895888569938
0.619347172491999,0.814565578119265
0.62285407924223,0.806086067766264
0.681282091333463,0.865416329982292
0.669195120536646,0.849049526276359
0.702125715635889,0.854675542889288
0.702080052430767,0.839220530140448
0.684935362862796,0.828403774079635
0.675884476753578,0.831824286647229
0.622058844718568,0.763861841109316
0.623550590224893,0.772189770668421
0.612791967661172,0.786881287252143
0.587965768573288,0.775435349923377
0.594789368537462,0.786885267966307
0.726913430325051,0.828023678211285
0.744475856504979,0.80992494104874
0.753234428301345,0.81044968449592
0.817864041950018,0.837464294482719
0.753294910762095,0.912010820184319
0.862095830143698,0.968253106159562
0.874822960192238,0.979849775272733
0.874514871020018,1.00000000006621
0.854471513954385,0.894192516618294
0.829785438703159,0.94972791876084
0.826020397735338,0.914838952406761
0.845268728743662,0.917065240114693
0.853160196627427,0.92835828443886
0.85156530882316,0.939222617125756
0.680627175153619,0.868432539920405
0.656953402894617,0.882721635538144
0.666194466915441,0.900425493131726
0.693664364076615,0.890129801304679
0.6861061538135,0.900648161233421
0.692258525066134,0.922833576842315
7.80989856119518e-14,0.892489365719634
0.07534095028307,0.882544198633187
0.0585473752804282,0.859346504502278
0.0574504515821631,0.872349212577027
0.0615479769973221,0.774618996847367
0.0526409601789489,0.788840369191826
0.0243165233319885,0.864323263454838
0.032176151014766,0.847924399335769
0.0224981262262212,0.835228033217847
8.48071612935541e-14,0.862849406662231
8.38010216774876e-14,0.806861942763182
8.48071612935541e-14,0.836078990698033
0.119430596328365,0.687892463297559
0.109518615031089,0.664544629830756
0.107735752544376,0.675097500941873
0.129698054369688,0.654934013162758
0.133717698381099,0.656451035976443
0.141680835439444,0.682997907532866
0.14219502029343,0.68199700104173
0.165644248249162,0.604070504405936
0.165641396968855,0.620765815601863
0.181484676688749,0.630052010186263
0.197947302774133,0.618980599567997
0.192031688460808,0.898470011051976
0.204403809570581,0.891783526947093
0.223109816708623,0.784715983173162
0.22879074501932,0.768853690329801
0.21336270929424,0.753915847630362
0.196298139831752,0.758900803986931
0.159781428820205,0.912703002325412
0.150781046047945,0.915523841377349
0.119993760598703,0.910423547327139
0.103476502562328,0.900756540066795
0.133004981885432,0.902919246823521
0.135110837598919,0.888210296169576
0.130784544130002,0.853835489203848
0.133787053970923,0.833483018299329
0.129506496871853,0.760825477693333
0.0921421707749151,0.755702427388578
0.118752480794689,0.741250645818463
0.103151874074603,0.739958215633923
0.163319999642378,0.776625590034256
0.352748370757082,0.97031877550819
0.36656271787578,0.979033777478443
0.432628319566073,0.950268634351835
0.432245641135962,0.930107862669451
0.441775363508388,0.902430118896054
0.440671812230336,0.90357837223255
0.383289250134169,0.969622419345208
0.394205668190484,0.974330292523948
0.406383666302861,0.968861032447401
0.410379706442941,0.954429034804567
0.37821619439725,0.948758244069601
0.279832388841878,0.800169635733724
0.258494589743384,0.776014165563972
0.258277592008697,0.7899101121052
0.234194370782193,0.800308960351547
0.247336389982112,0.800249495800531
0.383685224582729,0.651501811726039
0.364752632311384,0.646851576120594
0.328891693992447,0.823876227785799
0.311022314239045,0.813338672689983
0.296949907061811,0.724020089643958
0.323809379613346,0.74349405099553
0.318861800725111,0.725790664999412
0.389650116877242,0.680947580375725
0.384336352787028,0.676644499200796
0.328353683334768,0.94711451173895
0.317466184821953,0.937200014250918
0.288073873219911,0.915331380985667
0.283060518927006,0.913303295550541
0.0920183714941293,0.969758168356305
0.0611702053853384,0.95517753324031
0.0626361445892922,0.971465662202923
0.0745577593906046,0.978157839442396
0.127861479590617,0.966014727356543
0.121622584181729,0.974642738990288
0.149214741272506,0.973910792278802
0.147120889118019,1.00000000008069
0.393496098889535,0.644424797562137
0.389287526791886,0.590533334506287
0.403360163686473,0.595162666970254
0.406772819465593,0.615799228713501
0.393295788874365,0.626093811681208
0.359696130377695,0.627761283772702
0.341611590427033,0.624771612007799
0.371207534130623,0.604848808673897
0.37172133454174,0.615782853924765
0.353672157419841,0.591073404498389
0.565333497831076,0.64433395298232
0.553072424611879,0.657967880215853
0.562960476611089,0.676499243549299
0.586984673394317,0.651894048745569
0.586132385262112,0.674279149160144
0.528686877101601,0.674714697823054
0.606881518909388,0.754192789510259
0.594057392628667,0.75832554967176
0.610730493321677,0.73108774299806
0.604343360480328,0.723926482311241
0.578244195563584,0.744110054802372
0.580545935075629,0.731797524449826
0.615419173314082,0.676380373609607
0.589627744400375,0.677871263984277
0.588237635338739,0.698765207049288
0.604902705714414,0.71019783329616
0.619049200709055,0.699729251831214
0.877993239843925,0.0637725212073302
0.897935415244885,0.0924630752982344
0.895337772849373,0.0636603418065127
0.894856249376217,0.0632723389278705
0.803973585140855,0.0839255642356201
0.780852776780001,0.0802864707301614
0.77740722769449,0.0569249831239978
0.773785934846059,0.0639074360159556
0.361402160231974,0.10126804871072
0.341478495861975,0.177177235192429
0.347334216498418,0.160310493292668
0.356453911733597,0.0537510022272636
0.375903239142333,0.0240925567550195
0.30182816627993,0.0483352121795775
0.221401310814097,-2.65507928143283e-12
0.24273127443388,0.088248244703165
0.222622997496986,0.0761710992924893
0.435785097254606,0.0253301512223332
0.435644770334182,8.96123453220099e-14
0.416759249511532,0.0546050683566051
0.415876252525414,0.0340336598639161
0.406006496738449,0.0271670850552688
0.380770404209642,0.0504769039077624
0.384038183004408,0.0333154950055051
0.405864821120855,9.05109320825659e-14
0.350443632284498,0.0266290949400453
0.337872182946162,0.0367860878208507
0.343533660256734,0.0361717636424697
0.346555587825408,7.25391968714462e-14
0.378432854892039,9.05126668060419e-14
0.0318311500448268,0.740395753532217
0.0296305246002891,0.752343680611816
0.0327897220638223,0.757624756582404
0.0569093138309939,0.761902787591142
0.0499505551322446,0.729789682067597
0.0672350947634542,0.745273765997206
0.0653728344888699,0.736739741784846
0.749612273629513,0.707530505648156
0.737154913865585,0.74137088108917
0.76373702079673,0.723678220953556
0.759279951767149,0.738371014522054
0.827489668236701,0.330233591054011
0.830952628346783,0.334928771507049
0.801711519888716,0.329086749153992
0.792596513395086,0.340748972822855
0.912081290840703,0.362754433708857
0.927803421946002,0.375458819854063
0.915311636596643,0.395422448666046
0.895446871071106,0.393917092408557
0.887319675996711,0.380235512213938
0.889611999860244,0.372576367194859
0.854669271635069,0.301439797131718
0.87183854843787,0.288784975011658
0.869483591995515,0.268188977446787
0.783787137477968,0.246355108779897
0.82044157946675,0.24655466705694
0.804864829186809,0.227912533997407
0.803319458587044,0.227827463412915
0.792434341181252,0.303239489324102
0.795621157998419,0.304404423044766
0.806474545052319,0.266739079856864
0.780808228085772,0.276926196731436
0.790739025569873,0.265574279188976
0.889077216808822,0.855042741282558
0.870908816426225,0.874213349512029
0.881864553029217,0.87062977389516
0.851730562517018,0.856350447621422
0.966334410723167,0.88186313805658
0.972788677796722,0.895474593040282
1.00000000007945,0.830949752872603
1.00000000007448,0.863832330247905
0.95192785713687,0.751298554623328
0.977666747001427,0.740670955981741
0.968535757572018,0.752064304495278
0.944207430168876,0.731300496752682
0.968698980404166,0.71775911840669
0.956904803771164,0.717038872769438
0.811909008699892,0.800755175415617
0.807162832326368,0.77575829264949
0.818302468579875,0.767124443038662
0.971714940054465,0.80108780200079
0.965423453709854,0.786459989232346
0.977099830450669,0.770667072824195
1.00000000007669,0.771958560086824
0.9455252278272,0.817834281454575
0.930441922662283,0.799902009755867
0.937074322748371,0.838765541398751
0.920501960646104,0.839951702245791
0.949329488140151,0.782830476451554
0.930884681849617,0.79789535435536
0.942772612305589,0.761600159670293
0.924638124753354,0.760485547638449
0.914483044224884,0.773577000982163
0.899215600982636,0.7405403360697
0.0778395672647306,0.187157906111054
0.0921440369561351,0.156701294256943
0.101619422436424,0.179513837681021
0.103096235345056,0.168418159616971
0.157772386499697,0.282459458568033
0.151328047509504,0.273457225417102
0.178754807116532,0.283975333073522
0.164123795617758,0.251069979834627
0.187883767942244,0.260818021940271
0.18605714897729,0.257909125162196
0.106324437132851,0.106313533124278
0.0255666784735695,0.0660546747513343
0.0485045776645311,0.0340008208180764
0.026668215347661,0.0333676277802484
0.029182430690202,0.0315294171380866
0.0185383865040567,0.101636079479462
0.0290621339682838,0.0919683887136135
0.0286400212008748,0.124011590527397
0.0420457071424861,0.125027882844508
0.0606061487792585,0.02323195315708
0.0779676612230987,0.0289795357745699
0.0937320571320554,0.0135101705146482
0.160179676653421,0.0232368026774486
0.192412162373682,-2.65507754670935e-12
0.16035407824489,8.59520787876988e-14
0.0937793110039771,7.2324091160425e-14
0.129042948549314,8.45122583026381e-14
0.247828298635271,0.233688845648355
0.230730107324379,0.250391613706929
0.221270900646411,0.249053944507135
0.144138229012062,0.238307120752135
0.160721872920557,0.243981454851766
0.143832343887689,0.214114360224519
0.155532473227044,0.163623580694011
0.141765374637352,0.176926547143208
0.193092949793361,0.115885013292638
0.166262296560712,0.136903991080809
0.168884451721655,0.114320341742673
0.184839688940515,0.146218620698899
0.199578772849699,0.1357030884507
0.260577048226577,0.161534843618396
0.343585490435212,0.592580805958212
0.334199859989945,0.610505658564207
0.330017599736225,0.577788914327665
0.313208430589021,0.578776749810142
0.313241607347998,0.610004341548312
0.305614333881091,0.599291537016766
0.285431530600629,0.599732100539676
0.277842487118028,0.622596718446683
0.295616404392322,0.525358434668953
0.260809466789368,0.517284597086066
0.277978930397099,0.5092360332582
0.331192426263257,0.370451428560424
0.331570868150372,0.393170583153156
0.303741374105993,0.370583664605403
0.314041285131487,0.364068768564625
0.314914537843924,0.403139969487428
0.30191798388797,0.392687407037579
0.535453559987246,0.464076350829474
0.518978457745039,0.450330642607293
0.539341367223191,0.4270356038222
0.522186345227103,0.431537426694428
0.564440485089751,0.474239169621612
0.573004569003637,0.437840571907387
0.554703809693663,0.444911417617421
0.549904266008264,0.459808969733722
0.587494989948372,0.450203983597916
0.584081028630674,0.468166314569659
0.526897900474711,0.571237383679464
0.544571651332655,0.557205081311316
0.559980014888399,0.564921733709691
0.507292947473448,0.544911285996037
0.509460927833309,0.563204737747517
0.487417418482634,0.538045624612698
0.493687181266849,0.575482410870333
0.649518327238328,0.405256931441271
0.682782736931908,0.387528010575165
0.634298841878816,0.324803975849592
0.664019125749841,0.302547871821738
0.634255699528644,0.302009381878704
0.645354173315605,0.29517323189564
0.768923774568516,0.359579385562847
0.781603462123677,0.341661497612306
0.764757570229562,0.321680322275261
0.746142287662932,0.331468651230902
0.736211738293247,0.295998504860328
0.729773325576404,0.301679593093538
0.705997605044955,0.294154053338727
0.706003544984043,0.272927161234194
0.720403368120217,0.264486411428627
0.734277079413942,0.271814021227136
0.751154550698955,0.392341979023184
0.745473228658046,0.410537922662242
0.677868088490877,0.564609786496741
0.698319873795476,0.562772232749392
0.703508113855062,0.554516008697536
0.667134083903976,0.547459167152641
0.675644758569528,0.530218726028973
0.693369486804478,0.531172170150167
0.73656185016527,0.562337669465839
0.723864294126517,0.550332741738709
0.756617789244795,0.553796332055324
0.741588887128878,0.448196762154411
0.758308788010295,0.47789517606119
0.740556178815466,0.467587140847059
0.724407454363695,0.477109103361089
0.911834555432205,0.12676176545369
0.915143176435527,0.1478726009846
0.784268863951604,0.125384029490006
0.786598676805637,0.116381474816744
0.805213315495153,0.106238571580229
0.821438904912839,0.114370246588361
0.940371619225761,0.230154223344004
0.945455452685246,0.209830714255227
0.931622945957739,0.197492331339986
0.720306945437534,0.207878624116431
0.703087875081587,0.217641509185148
0.720103995176855,0.18845553327365
0.705265862268636,0.179754802250701
0.686488217547248,0.207168069385228
0.68628691463626,0.192770729578145
0.835437122323494,0.167637099920115
0.823258959400082,0.131585179254969
0.848047587446512,0.137323724937967
0.850779057674894,0.15391368176886
0.703060029322183,0.164362119574367
0.674215305170173,0.156106664749563
0.311847852101454,0.216963217044843
0.329014259766934,0.183109869014761
0.33507193113559,0.211125131286329
0.331805256545362,0.215465998904664
0.358385278672978,0.206786493033863
0.393254529763572,0.202944998171893
0.36131152620871,0.190980603543839
0.33175699166103,0.248301769776112
0.339649726219028,0.238366728392537
0.340108779912726,0.269917190720639
0.357737596355956,0.271443563628571
0.51728439799899,0.321769393576495
0.504223580911679,0.316026067987598
0.519400395419093,0.340180778697318
0.502161108111435,0.354151380672772
0.483712668067167,0.33849157819698
0.486017562473314,0.325818200887126
0.452535728252634,0.432150547354294
0.475568386981791,0.422837383974599
0.475826396428346,0.405849912348385
0.443180241193055,0.298180041180098
0.455794552939227,0.312592559987615
0.47028522704919,0.309854119337644
0.450569535540751,0.27886067109223
0.471891114517653,0.277789704207725
0.479288891579324,0.291931629306955
0.418148382953274,0.263228118819734
0.420651294419145,0.26570551882985
0.39421618672929,0.262781840397973
0.546620789084914,0.40385046374354
0.526432153803183,0.393131066507921
0.526032875106952,0.376146508564668
0.540163678497454,0.364264544477985
0.560244870514886,0.373843135561998
0.562613618125225,0.382973228774377
0.784186295391164,8.92359103277229e-14
0.752505064704783,0.0289828323791359
0.747732141975744,0.0318838477001938
0.722338589313871,0.0239903948386229
0.753498593399595,8.92359103277229e-14
0.722786752849702,0.0891145456839665
0.747724553851904,0.119305198287432
0.753392191431585,0.0994707431672939
0.743468441631303,0.0877608296984744
0.818419717646551,0.0214564095387772
0.833242049936286,0.0311660709289955
0.802387344180669,0.0307462734111113
0.801886347833458,0.0502392388689806
0.598644614768147,0.0227395734500691
0.585451657643383,0.0324792293177579
0.535318435125093,0.0583405113410991
0.550329245162181,0.0456415402866932
0.514030056478179,0.0510572146078352
0.547614067099069,0.0823819322508399
0.582637945274871,0.087989874931396
0.569183406109577,0.0717668556410865
0.569063964810054,0.107670514241216
0.550827806583572,0.101185766408088
0.502931119070385,0.114906677225915
0.51745622468765,0.102985515185429
0.506474472876388,0.132506206568533
0.536901590167208,0.112829910629736
0.526175943517999,0.138889172620651
0.538226632324701,0.12896945222744
0.548727579746782,0.164923014473934
0.55822210745733,0.181848354303452
0.575092847254745,0.181204895263796
0.561674900140506,0.146476815578399
0.586087431654281,0.16116761063368
0.583658000075721,0.154473525244302
0.22598734936898,0.665215546899609
0.212954356450361,0.645542837065725
0.208328052829485,0.681016131338027
0.192930118685189,0.653860589137051
0.192917622859769,0.670660260683841
0.248369305265235,0.639976698447038
0.228635339047937,0.629904520268534
0.261522876110781,0.62204141776098
0.231540897844666,0.609564039726666
0.250339426189547,0.604693255754175
0.620832641739317,0.984090557169889
0.668926230929942,0.929084325125097
0.636607841411906,0.927989819106144
0.64465460107158,0.91661585864434
0.658077599898918,0.915378067068252
0.594079216053611,0.833938796436148
0.600611537919112,0.818326735075705
0.587562463634219,0.802642239079119
0.574877909169454,0.80569044127226
0.814872537582079,0.925386134526778
0.816007230604189,0.939478943208672
0.76410942336038,0.822688550403347
0.76174054147789,0.842439501771691
0.784637187519364,0.85082961137086
0.789924710576225,0.816729755207426
0.797374891760111,0.83318907002195
0.73653586072465,0.844563247882929
0.75418021105487,0.847750207427312
0.755912271964487,0.873813894881894
0.787885343292849,0.862014174740102
0.770639208144386,0.87986726721934
0.837182077281959,0.863650875547594
0.821267959409499,0.855471376382808
0.836271276111201,0.883042014249169
0.803696905440196,0.868869470623253
0.821061349711953,0.892277517664786
0.807661304946064,0.887684423060613
0.829906960751701,0.967257273320374
0.84265150919592,0.97648744169083
0.842294066364419,1.00000000006872
0.747077803565389,0.972839108502484
0.731836507187242,0.967741447630654
0.74350743613478,0.934678760333219
0.778042667693606,1.00000000007641
0.62801048517634,0.895261667225477
0.632130237823796,0.896134463506598
0.644173586474432,0.862865914944527
0.654014909328952,0.881758915268766
0.716282381113297,0.918140990983873
0.731343704210518,0.937709860971129
0.725735274497646,0.947592449777106
0.695129675665265,0.924645861340252
0.716096651305713,0.980005713238953
0.717379286387408,1.00000000006076
0.683902379729864,1.00000000006076
0.19881760390951,0.612125055593544
0.218866414640085,0.598976149374264
0.186717709387712,0.582824235011875
0.183659327794942,0.596179490483882
0.23326402583509,0.874489073643226
0.244582844687561,0.862737922675193
0.149885412143983,0.863180750695199
0.148169046530803,0.880812631478286
0.174763501002172,0.888031353307951
0.16573686803224,0.891528800954033
0.0890332806119966,0.874124118096259
0.120393362008398,0.859379135892595
0.105127074951511,0.883334722616265
0.117693982034135,0.876567538484597
0.11394416083964,0.823481626191279
0.171294542756172,0.784223768959863
0.198857523811079,0.807428772440515
0.202440273792726,0.788549801005003
0.193671278412357,0.779542492033375
0.145048020105224,0.827753173929523
0.147617452326021,0.809395237604394
0.177656104787576,0.812041252530953
0.169765117275061,0.80438828957013
0.339555609741035,0.975567838298243
0.31167505081597,0.972624083920609
0.325483680351107,0.967127011209649
0.312600685010548,1.00000000007151
0.366890740914353,1.00000000006754
0.337651539060976,1.00000000007594
0.442077901807144,0.883756288722505
0.424574184402605,0.874317626217327
0.327644430388573,0.871283855401209
0.329197924217256,0.836807099176221
0.31303285105913,0.859078989642576
0.313598062444089,0.847830750721685
0.320862708384174,0.920113632258017
0.325636593759439,0.885726115345647
0.308934398305615,0.892948890999498
0.305982826424961,0.907842881262002
0.257503195924325,0.82846276133552
0.258896897535889,0.825630805773138
0.278123504723614,0.817322023943331
0.29406548816427,0.829042775795459
0.294572517029172,0.834122419066793
0.330060776178019,0.686949574969544
0.325895826662188,0.673305218431973
0.355088552457377,0.689484456753253
0.361172141812543,0.679476107517818
0.337574102312264,0.657355188172442
0.352942823748735,0.659292127365706
0.309875679420446,0.802661208661012
0.291424442756946,0.792130000343521
0.498227874566298,0.911480908628554
0.516739189579025,0.852318868539518
0.503459860673562,0.851403668608963
0.494017480607269,0.834535837553637
0.444734197902975,0.671535697422692
0.412624164351111,0.652156219205557
0.413679634427782,0.672994716472622
0.422339367648079,0.679365972589874
0.273264108216128,0.948350787214364
0.294575489410891,0.941629932607904
0.297576447697109,0.943157131405043
0.302101775736092,0.968352557871088
0.285015154628786,0.976078436386526
0.273365219857574,0.96943241869026
0.245719749937012,0.969332946481561
0.257577324191268,0.976309080551826
0.2297483750862,0.976495781578383
0.257527258749911,1.00000000006849
0.293879576032448,0.870452700195426
0.292582247202979,0.878169339582423
0.258648169316462,0.863828476035362
0.266391456485525,0.885942087732401
0.275998364021811,0.888552551112576
0.269860640736554,0.852257657360747
0.279025859735705,0.852319418977818
0.0926797377605236,0.95760007075535
0.108179327943739,0.934281560508912
0.107021177097419,0.947850159203153
0.077200919324753,0.946413500870364
0.089121131707562,0.923871070693847
0.0782765920261877,0.931143297634074
0.0990833687255767,1.00000000005653
0.126911552784108,1.00000000008069
0.478821165646215,0.660600736716065
0.500460853847185,0.659819154915675
0.508636044419826,0.675754619760515
0.502280119723601,0.689037484384375
0.469681038485179,0.642860393039863
0.468125996497805,0.603826011681696
0.530443361862061,0.646388442928117
0.507102157036014,0.647100733417074
0.545832280561597,0.726720951020692
0.567934549453153,0.71642154587229
0.569692803064724,0.708013178235424
0.555830265420522,0.690427078546517
0.539188854310243,0.692952334210554
0.858368380511094,0.12556054700251
0.887264219694238,0.100338481069062
0.890345873081296,0.122504370682757
0.88074497557838,0.131619814023853
0.33632504009902,0.10650088795237
0.343557702157871,0.109592582988075
0.322526533296448,0.110863988449402
0.349517004527686,0.131043331679831
0.338355035130862,0.145652500901524
0.389372011462669,0.113927101788211
0.380644638170103,0.117072741066347
0.408986521410355,0.139607183905858
0.408143005679519,0.124818296961948
0.372333037470107,0.133712287462785
0.289593830802963,0.0728945320518304
0.28957050917268,0.0583528275249147
0.272906287977368,0.0838992385309046
0.257655384483065,0.0773263083167427
0.268916201346929,0.0478101921094508
0.255326221483261,0.0590613063094521
0.319724665089892,-2.72845981919012e-12
0.203815160460514,0.0575575066160445
0.221016041508074,0.0671307267444759
0.237387120012491,0.0521377077299689
0.205989605354587,0.034659195783952
0.386196360947854,0.058302040298985
0.407072523975471,0.0616242611416004
0.378486095825993,0.0807365205820966
0.395077238693755,0.0927693953864371
0.408469811400355,0.0875108726384646
0.732808659548052,0.709704669979602
0.726516861550687,0.72562449672156
0.722194972204109,0.695745961224392
0.704110533715106,0.696440930124819
0.694851080069976,0.714938303119056
0.704055862679194,0.729592088134053
0.836567810880705,0.371350430954701
0.823708895738824,0.358257049708227
0.828143293427857,0.391658392531066
0.812086640069142,0.393891531125596
0.79885836617948,0.375818709375317
0.806497890838434,0.361340083283758
0.861159932006313,0.26256450237979
0.843287564075973,0.267121639423698
0.829180487870334,0.246824839472639
0.84537576818603,0.229875881879351
0.862398544424792,0.240160014139225
0.811871637726525,0.297025284056451
0.816860288556878,0.281006844837411
0.838062025047336,0.277248057335825
0.830122510715285,0.310650604360901
0.84903883071949,0.299873292324753
0.974707888825127,0.832156157509358
0.966948241326308,0.848325423363943
0.976548489853572,0.863471558926279
0.891659315670276,0.722277746496799
0.894286707646507,0.697155128358772
0.899057261072508,0.709541949829618
0.874066245799268,0.691563478715206
0.861135242906893,0.707811921761355
0.86721390246629,0.723292547626936
0.0514844640015721,0.176880339117143
0.0679813144547444,0.174630829476126
0.0735212090799359,0.160337947939231
0.0393799348457002,0.157756061907288
0.0634125759582151,0.145109907225019
0.0511238358195648,0.144182547083938
0.0565890083977488,0.0574240081548253
0.0519415232716426,0.0638414537738681
0.131895674320865,0.0837057251299799
0.111728880148178,0.0893877708904181
0.195457201706335,0.22988334239524
0.211018059210022,0.231292868514996
0.324511281146396,0.144491322139582
0.315274246066974,0.13100638357015
0.266918158276993,0.175356359802714
0.27533056264867,0.211648422879801
0.210841060595551,0.139029546975631
0.242534045218636,0.157172403298362
0.294027189023249,0.535577922485313
0.309290742808248,0.549389301018065
0.30473218164106,0.568535033969008
0.473818216573501,0.549748792096017
0.442202002180181,0.55582239735051
0.455719007173945,0.544096813271931
0.477660707412218,0.569172399856816
0.447632194630013,0.577808547039813
0.46140878303453,0.58178282612563
0.711735411763786,0.330114245901023
0.696381026990217,0.321616271885969
0.6457647401835,0.332784811120993
0.680019773975977,0.349918041309336
0.664641235629888,0.322761717229098
0.679631391067156,0.331501999574948
0.746093009354764,0.383554110121191
0.744516706434765,0.347027421373473
0.759084056929213,0.360241122312183
0.642978415750572,0.461893290507786
0.646467069326314,0.442486678833788
0.724567732738502,0.493385671749665
0.706433382365217,0.517468860951331
0.705915488757811,0.506462073681043
0.728147149373627,0.530090057559174
0.882961167554782,0.150362305356741
0.870859550991911,0.162180977554997
0.872370364083527,0.175000721631234
0.893703271777362,0.187077510114913
0.907512551308944,0.172713035772427
0.906090671109635,0.157366060766597
0.920933690420582,0.234298975383998
0.917255412615119,0.251041577418905
0.894599436790061,0.259095110052076
0.804249900576972,0.172571519954464
0.821261302490733,0.162067633451118
0.787820553549416,0.159776435163991
0.794832072899482,0.13938127296781
0.816709777600676,0.139185204647182
0.320066990197795,0.180704322590009
0.310912878492491,0.163332785011301
0.29608608596772,0.161465486941492
0.281944214527907,0.178520810173381
0.301896426358458,0.197038907603262
0.29001200612566,0.194684391622982
0.384292375691769,0.217140329536717
0.367685867281663,0.217632863828364
0.394224323532838,0.233345618622333
0.386005668124596,0.250240519134979
0.367487937733261,0.250076410967125
0.35893506758002,0.23848116442986
0.469129493259514,0.371408984686248
0.462285290018709,0.394872026096398
0.410947170483288,0.407708610593946
0.446612843474762,0.398012475587484
0.422130997975392,0.425730290870111
0.440995787854504,0.422647307756656
0.41994456748986,0.389683197878578
0.43358432427751,0.387120044990402
0.385636914551263,0.282567807601245
0.364766880333367,0.281361371633648
0.355762609860247,0.305115272055787
0.362621164644059,0.314214649955931
0.427706420999462,0.352136572372713
0.440064492831632,0.365459076573453
0.449119910376079,0.329799417905617
0.432717612998262,0.33473810516529
0.466010938669784,0.347125203816905
0.462216995914063,0.36171193073608
0.376400530024818,0.346642903655226
0.393925651877157,0.339047617055628
0.373124594472752,0.365894576845237
0.409460800058006,0.357204959002212
0.390663908070618,0.377013319986533
0.403394090559055,0.373157837597127
0.714297259795771,0.102257637575576
0.691444100947227,0.099607686312924
0.680470950830855,0.120150642595398
0.686261354393589,0.129939232911346
0.843417016494427,0.0562599086960548
0.833830227252845,0.0490606416732922
0.811635564562921,0.0770563250473729
0.811419297570086,0.0582675493067471
0.599333473448588,8.84483458696295e-14
0.484596870151876,0.047944549431031
0.566308289596715,0.023024283992374
0.550509169398453,0.0343511432510522
0.604698527165576,0.968858757319429
0.593400110153862,0.936833348892374
0.610974548683793,0.937736914577272
0.616466817575442,0.952925864228935
0.664609156745375,0.945998282728723
0.652354423425493,0.978548180511913
0.63934099537405,0.970827991181941
0.63637991045679,0.956834159450704
0.644007256960479,0.946375774560555
0.477915317636675,0.708667845252603
0.484506640000927,0.692204441975582
0.45475663135787,0.678934500044065
0.471160276260442,0.67577017373466
0.778868565194231,0.93872216849688
0.761219033368457,0.9483852496609
0.7592039239501,0.96540960409457
0.795348811616339,0.952764757527015
0.742125276287125,0.880567017502525
0.738650605608538,0.899657956667824
0.720977863477841,0.904991333512443
0.707106336642558,0.888979242531148
0.719387751785699,0.866950097487804
0.721095710267256,0.866659524896675
0.76136301082917,0.91069991501691
0.774453314794624,0.891092310904264
0.794458954740675,0.898012030669167
0.795880837869206,0.916742149506722
0.780289533169546,0.927243751323451
0.810569676315518,0.976809521394307
0.795062830831115,0.965907529649519
0.778507536671826,0.976082182280879
0.810263164221715,1.0000000000733
0.748034579048109,1.00000000007115
0.618128381182539,0.878167672833427
0.601486301728738,0.877974153922654
0.592986376783069,0.86396322444706
0.626819229002527,0.863425543368471
0.602869404564889,0.846935369020789
0.617202204946302,0.847546820642475
0.234634030248342,0.575562321876938
0.218607017984095,0.590755967101388
0.201918962587175,0.577813374828696
0.224075764664111,0.557594175801028
0.207321431559443,0.558019803879796
0.237200000358369,0.835529331158536
0.234377285142128,0.841761654568906
0.208433113501542,0.817752272047328
0.224505744042359,0.815957551628889
0.159545483005792,0.857064963529709
0.160871849893187,0.837313011221073
0.175696801195683,0.83043428449824
0.180891175795381,0.865362238035874
0.103301171577512,0.849405024981876
0.105891700470303,0.828059201647897
0.0778252337452161,0.849330296119819
0.0893017132068742,0.85610145927635
0.0873541950667545,0.797314256392387
0.0810143268303071,0.777705776420632
0.0932888128015757,0.763171439065416
0.480315231808871,0.833535177791755
0.413268241800948,0.880317231222222
0.414525678469202,0.901431811557168
0.336699379690313,0.748339365855308
0.346894660093105,0.718228977483806
0.35943581702047,0.704908092080854
0.351635012283665,0.736247367365397
0.365993814398933,0.74095919953873
0.338686786544013,0.897059571533217
0.335521185023392,0.914150978332789
0.351366480187053,0.926068412342887
0.364375194586052,0.919084402985751
0.292029373097892,0.778353695744426
0.292575154691377,0.744596219428308
0.307431668100379,0.755437093641314
0.3076403568065,0.767422029045424
0.276665545528701,0.750244159456053
0.274922727042798,0.766367559498385
0.520768561796672,0.923531974125525
0.513398257356284,0.912701783840877
0.538233108893116,0.923697791469504
0.547092139585452,0.90769153795217
0.499709942820123,0.881626389531603
0.491580258765173,0.865950195442533
0.473105577767175,0.89461314233469
0.490185393090586,0.895509972705474
0.525033676020799,0.866231479663792
0.540213867714033,0.895948829260272
0.515857991648943,0.882625120408492
0.523151178315301,0.894508386674661
0.576360475816282,0.863415384745653
0.567515944585588,0.880612655236419
0.549340561840553,0.879011251503299
0.542437199377851,0.866940199973734
0.527149950286396,0.837151572330936
0.565509668778368,0.77496095924741
0.53285734491009,0.760812219993281
0.561459796121202,0.752693126443782
0.551938533695325,0.748670367968829
0.443862148003751,0.650025643794307
0.458180481821011,0.640211906998254
0.425881244732325,0.642914452134013
0.423890242316003,0.621915359247252
0.437782229657333,0.612003976012578
0.451279863361291,0.6157981565391
0.529371247303114,0.588190640869597
0.535584384145337,0.625441869700584
0.497015092295163,0.593358567673407
0.479248322537956,0.607209474138218
0.513405737514819,0.600890591870611
0.5154808401697,0.615164584976481
0.486859556061237,0.626702843943518
0.499910522524962,0.630095661616566
0.541494388775517,0.724765768076933
0.533587807566163,0.702256553111939
0.512654565481974,0.704731583014523
0.855439145919341,0.11063093530848
0.836054889690366,0.102683012803176
0.86546726272801,0.0818570663249982
0.870046444400214,0.0952568689704561
0.834561759933574,0.0844763538895952
0.844571422380327,0.0755963783489376
0.368960534915517,0.159636308806293
0.377592090529039,0.147094211432158
0.397676734209921,0.150611738976122
0.402421675597788,0.170735255515246
0.385232026224072,0.18399516664336
0.376623191689841,0.181624534654183
0.233757361588494,0.033929017913682
0.222378703535543,0.0280414303391585
0.268426565921554,0.032605391842312
0.253043550500765,0.0228953006514355
0.252399790393828,8.79921135954476e-14
0.881875804442103,0.839677557267403
0.855816524971066,0.843592569353493
0.901498208837382,0.774743184366714
0.890984835346353,0.788694147035465
0.889212488220159,0.753508842850612
0.0827893174354223,0.0447459568680994
0.0762445905071702,0.0552994326551946
0.0867824041015566,0.0751040334358359
0.0992977484826988,0.0748703805330682
0.0496081146705598,0.0960487314317553
0.0586378986437181,0.0859841960891777
0.0531173897562792,0.112585520603646
0.077112597143896,0.0874184360324831
0.0751302869787822,0.118527472970466
0.0839044037454352,0.105809998511593
0.127972205516614,0.0590695400473582
0.112247801710793,0.0297308747333924
0.107236370399663,0.0457124627634976
0.111996442609429,0.0545987935846838
0.141803284734529,0.0498840399373835
0.127566630884142,0.0229521302442989
0.141791732151384,0.0328100658312714
0.172616616868735,0.224200477445206
0.189026251062021,0.223134527474138
0.158680339428773,0.208328438864542
0.162543856551108,0.197232899677925
0.22454627170232,0.21465200606639
0.252853983741148,0.191733450889018
0.24628034935224,0.22359868625343
0.259387959197479,0.208803753707463
0.230699519917143,0.167373311956558
0.215712704314077,0.16410408810874
0.236616995931324,0.187768637472603
0.221444056757893,0.201710254880716
0.273540993665019,0.142458814057098
0.285333755524407,0.141885714316171
0.293497397842229,0.131048697414505
0.276027954737433,0.105228044404916
0.287588247701363,0.109757977917788
0.225851197193036,0.130282608662765
0.239558706403278,0.137343345639713
0.225746827531714,0.112524165326256
0.242362695839105,0.1019257870314
0.259888650485647,0.11480512916236
0.258424897640999,0.12694273323309
0.281680995415695,0.570238354409971
0.277728712467437,0.590447884787246
0.245851238721108,0.57679925938851
0.254890922119525,0.593660080931977
0.28029387806184,0.543174250638558
0.24856699403424,0.543212500438243
0.260480402493589,0.532928483957149
0.256105868720377,0.563922654526049
0.276796496739152,0.564364749321701
0.646342197978673,0.349404922738094
0.63133767022561,0.376809048377042
0.630286684132427,0.361211048096598
0.664445277897407,0.359657834813224
0.650230039556659,0.386882677521959
0.664165722816407,0.377869656672628
0.715207325892538,0.387784483234701
0.727988669173197,0.378595261989557
0.696361556653832,0.379074056000181
0.696359520883234,0.358896542299136
0.713066141305119,0.349647272410715
0.725075679875625,0.356075687951297
0.664431891881375,0.436382155217715
0.666174491608701,0.415073315361543
0.682124067997868,0.407432286329408
0.708695490036523,0.467413774468247
0.677382623983542,0.445572719959775
0.741009655681416,0.523514912459535
0.774625963092155,0.52503375410061
0.75749007875938,0.533468166004015
0.742497497917116,0.504645401901901
0.774209828265554,0.504526058273146
0.758448570903451,0.495365124956008
0.911470671103185,0.208564314242972
0.910534913482563,0.223729464035348
0.894345700999697,0.195310493536047
0.876913880039952,0.211190912841392
0.882189369985118,0.231181920482105
0.884900826030024,0.232563401885022
0.393226326534236,0.294059064549575
0.419066433047318,0.321190264621329
0.397396292227276,0.327499846729093
0.386624701056835,0.311807920812968
0.423294683527167,0.30087709099072
0.416012752737535,0.293271548773416
0.736109976426171,0.1241015151565
0.719356257576914,0.117674221609392
0.704563431210291,0.13331810722999
0.73374542818037,0.153240909712849
0.712176794584927,0.15288624188478
0.467108989912565,0.0244460471462175
0.481384689348073,0.0320414898917662
0.465945222134004,8.86079404294193e-14
0.589135631996806,0.979423849229746
0.597817555287042,0.969487727628129
0.562251541438012,0.972203458313109
0.563517174959061,0.974171321309511
0.571047087755467,0.951645732172392
0.584942074212625,0.950227714586573
0.669965598939685,0.953015502157437
0.668126365307257,0.969890347907573
0.684281664959404,0.981521062910203
0.699917630892958,0.971039902254547
0.698073876475223,0.950014967898738
0.698804525471876,0.950702743393786
0.183550600997427,0.864021543080659
0.206254824814467,0.871716731921672
0.212457584958079,0.867563404220766
0.215054658737091,0.848142029730771
0.20227681814494,0.837559611282459
0.190103516575562,0.840835463816145
0.0829666271574019,0.803912231498739
0.0862470551267593,0.82104775235653
0.0751407545282046,0.831992180584844
0.0586025981390264,0.802875393135947
0.0554370041154962,0.826949861848461
0.0509927978805149,0.817814456113616
0.117665367694763,0.803596110567323
0.109148161554774,0.794758109852706
0.141844965315014,0.783111341532824
0.138252613941127,0.799372403734623
0.127752165117974,0.767172428131714
0.11299052039299,0.774188304320732
0.420458725042174,0.820259672065976
0.470843241803094,0.846506887412459
0.478954756084255,0.864382887873203
0.454309812950602,0.874508695045225
0.466476780067447,0.877036995908918
0.398425900217959,0.8737018121365
0.402496560358838,0.849095947467638
0.391125266803076,0.841166113847795
0.40728544962688,0.909382551275216
0.395414496112105,0.908347955084154
0.41341093094255,0.925268367226362
0.40214129809925,0.941632411689184
0.384874460852502,0.939776521523509
0.380382277246071,0.926231013525535
0.340327145886274,0.764653539328612
0.324602616171273,0.778177129726334
0.325648066257517,0.788724185669495
0.379685630280679,0.731201099915861
0.390857659161955,0.699663491181786
0.375967135288797,0.710424227613796
0.430319805298627,0.80020248883407
0.518882933850475,0.751405060276319
0.521139350039735,0.733863592170744
0.495593191670691,0.723984971853978
0.506013706873627,0.720957089336732
0.549998616499923,0.823691270088685
0.541770682072596,0.837053126863106
0.550424717496592,0.851729549302832
0.568612361007133,0.851389729085057
0.575687257219219,0.834924844761036
0.567629886027407,0.823425252198708
0.541850358429138,0.8073475884379
0.534146935369044,0.774015272995554
0.55822028343862,0.791319090816968
0.557848873081304,0.783926277854956
0.470576780174803,0.761317954256571
0.478742872652219,0.774564463516021
0.477674193803788,0.744510034919388
0.487716191972096,0.741635770006883
0.499374338383156,0.772684750018255
0.504794370229046,0.756772415007798
0.496718618109112,0.803378186573
0.506976892949542,0.818786786513359
0.516236127340183,0.819601786091941
0.530575317065026,0.805095516874845
0.507698819900647,0.785117909780698
0.522508507163239,0.786658253471937
0.559354712770065,0.589631494078122
0.547002056899396,0.596064897101081
0.576331565564187,0.59707390929343
0.577768990187944,0.616557381490754
0.562649212332801,0.628029739724056
0.545451157093742,0.620615616778962
0.285569045716927,0.0215823764067921
0.301020966410148,0.0308268713255844
0.317605901180982,0.020826126004149
0.284929854624987,8.26231444372993e-14
0.885556078426217,0.830604505195524
0.879043542256442,0.815085337720819
0.892596133137423,0.797091872929376
0.910349816181933,0.826495164371199
0.913796573167771,0.809299080093767
0.86894013420168,0.78138924315116
0.834919484177767,0.771055729806838
0.827957760665649,0.826576544601839
0.848041148592808,0.829315475446726
0.822638309601695,0.804985869505514
0.839165044432021,0.793664825264719
0.859644731598584,0.810462444514654
0.854948398967986,0.798867100579748
0.193208210904258,0.200856052926978
0.205461848910682,0.194846106239352
0.175317110409498,0.190651056472653
0.205006001416899,0.171573567935075
0.177706343589094,0.170456032237028
0.184723466590603,0.165271073434841
0.692130211093301,0.47482091955371
0.676869215936178,0.463906526812776
0.672642511675525,0.50138912000969
0.689780579434236,0.494580948240192
0.655234518252425,0.484624294948152
0.655980060260944,0.474618607142582
0.696159303238667,0.437172280199351
0.69613116980708,0.416186567355157
0.725365756855262,0.439125510390298
0.710011616321566,0.445682150835634
0.727404516855756,0.415468920652572
0.715696155523429,0.407373909233725
0.454665985346772,0.817492850215749
0.472068892853685,0.817825687822664
0.451632445480017,0.790051233894568
0.44587655922896,0.798743026893177
0.472632147773071,0.788457703218787
0.481053633201992,0.803002238728878
0.424208899770577,0.827162329627065
0.427976385177336,0.85657380031126
0.417673564347854,0.845923013658081
0.446382285295468,0.829621472400104
0.447476094375692,0.853230173146439
0.452135708054509,0.84629810999795
0.34396396479422,0.863370230183268
0.344780191105541,0.846928117617219
0.360602602378857,0.838242380654948
0.374669243000655,0.84793145469044
0.383839616993011,0.893800234642996
0.389067738199181,0.87721332712823
0.372670269763522,0.865896462664804
0.357532679896552,0.87274643026552
0.356115416169102,0.891201354078772
0.365301004925676,0.898404199858084
0.369268869737487,0.760879459937814
0.356735902322553,0.771365013409712
0.393247062469433,0.735657832319709
0.876288249826059,0.754144935364842
0.865033465358713,0.768157070555328
0.845312464123777,0.76324544053436
0.843885957972708,0.739609117762809
0.862926357950706,0.732616977695835
0.565789176297671,8.69495447863855e-14
0.40101507782976,0.815357275941929
0.391961221546437,0.821281760744524
0.449285911805182,0.762240917008292
0.444459408260687,0.76842020779033
0.400824834941662,0.791331230385287
0.390248794013452,0.785256639603384
0.417566745004181,0.786150440676821
0.388095960832715,0.766432543107808
0.397399723539209,0.757895968714608
0.423172956482259,0.769397488066935
0.4167315279886,0.760346309290495
0.499601564458178,0.0184556047713293
0.51670461173914,0.0310448822542853
0.532816436995845,0.0223247253352221
0.499356719030997,7.97573812549857e-14
0.533948588162925,8.69495447863855e-14
0.36102160760659,0.822417056772648
0.373940552580782,0.813680309023147
0.343406277121151,0.812706303121837
0.342732595518746,0.798967219935603
0.358775401376101,0.787361859194876
0.372976680407778,0.794908887156889
0.425775616906242,0.736667377721644
0.422926979657308,0.6998827759854
0.407197457078132,0.7084711631496
0.407060548118907,0.726848543993551
0.444460536835835,0.738922067843041
0.433975025642955,0.734007879118091
0.461885870205169,0.731499893144686
0.465445288548965,0.712946524824394
0.450705450197466,0.703032398414635
0.436750336486229,0.707669582968712
