544,118,1194,1196,545
1989,929,931,930,1057,1987
3682,3680,3685,3684,1665,1663
3192,3229,5136,5135,2184,3191
3654,3649,3650,3651,3648,3653
848,851,2665,2666,257
2060,3107,3105,2022,2025,2027
4163,5020,5019,3142,3144,3138
2989,1902,1901,1026,4943,4944
391,392,393,1017,1016,397,398
3238,3239,3241,3243,3242,3240
1926,1925,2985,2983,3007,3006
5571,5567,5018,5017,5019,5020
126,551,1431,1432,3508,3507,606
3669,3670,3666,3665,3667,3668
5962,5152,5155,5154,5151,5965
3033,3032,3027,3028,3026,4073,4074
5379,5377,5374,5376,5375,5378
3509,3507,3508,4376,4377,3510
38,49,48,39,40,37,36
1228,2186,2187,1227,1230,1229
2262,577,3261,3260,578,2261
2400,3485,3488,2403,2406
3349,2345,2344,2343,2342,3343
3570,3566,3529,2520,3568
657,653,654,655,656
348,349,337,1780,1783,1163
5068,5619,5882,5881,5615,5617
1911,4086,4087,3044,3075,3072
4882,4883,4879,4880,4881,4878,4877
306,307,293,309,308
4410,4409,3551,3552,3553
2826,2828,2825,1659,4513,4514
5722,5723,5724,5726,5725
4496,4497,3653,3648,4486,4485
3341,3339,1333,1338,3358,3357
2912,2914,1839,1840,1838
5304,4508,3679,3677,3678,5305
2029,1085,463,464,462,2030
3067,3073,3074,3068,3069,3070
4136,2037,3115,4133,5576,5577
2984,2979,2987,2990,4052,4054
1537,1534,1535,1532,1533,1536
3718,3717,3720,3719,3716,3715
5911,4424,5666,5667,3562,4420,5910
3836,5463,5462,4702,3838,3837
4175,5094,5093,3152,2121,2119,2120
2583,2582,2939,4621,5393,5392
3020,3019,3018,3016,3017,3021
2662,2663,2659,2660,2661
2924,2929,2928,5419,5417,2925
2036,225,224,223,222,2035
2227,2223,2242,2241,2224,2226
4588,4587,4589,4590,4592,4591
4965,4963,4575,4576,4574,4573
2434,2432,2433,3455,3454,2435
5675,5913,5912,4422,3571,4430
3861,4771,4773,3858,3859,3860
5793,5792,5790,5789,5791
4266,4263,4262,4264,4265,4261,4267
5042,5573,5572,5582,5583,5047,5036
3810,3811,3807,4663,4662,3808,3809
5316,5314,4523,4519,5322,5323
4577,4571,4569,3732,4579
3144,3142,5075,5072,3143
3386,3385,2377,4302,4303,3312
1094,1095,1091,1090,1092,1093
4766,4765,4758,4760,2799,3889
5434,5433,839,1626,1625,4239,4240
1467,685,682,680,687,1468
400,398,397,395,396,399
267,114,115,177,178,268
5732,5733,3767,4609,4652,4653
518,522,15,641,642,144
5391,5390,4613,4614,4612,5387
3790,3791,833,62,2731
427,2813,2814,429,428,426
46,38,36,136,137
5502,3974,3967,3970,2899,5501
2468,615,1408,1406,1220,2470
1030,1893,1900,1902,2989,2988
824,825,181,180,175,174,52
4338,5202,5205,5204,4462,4341
1852,1853,1856,1855,1860,1859
1953,1952,1950,1951,1947,1948,1949
3765,4604,5735,5734,2723,2722,2711
2653,235,234,232,1552,2651
2850,2851,2842,2840,2841,2843
2208,1267,569,2223,2227,2228
2993,1887,2996,2998,4057,4059
5497,5496,5495,5493,5494
854,1672,1675,855,856,857
3573,4435,4436,2547,2546,3574
3588,1504,3657,3656,2575,4439,4440
4888,4884,4885,4886,4887
682,681,4404,4405,2524,2523,680
4023,5422,5424,1863,4025
4331,3447,4336,4339,4333
1458,1456,678,2296,4284
1995,1994,1060,1990,3102,3101,1059
5265,5266,4474,4475,4477,4476
4120,4121,4122,4124,4125,4123
3738,4594,5377,5379,3739
1245,3979,3978,2189,2188,1246
5339,5336,5333,4551,4552
5152,3540,4242,5157,5155
1659,291,2658,4512,4513
1495,707,708,2587,2586,1494
5878,5623,5308,5309,5690,5879
1032,1029,1896,1893,1030,1031
987,986,74,73,371,372
591,1344,1343,1346,1347
2190,2185,3202,3203,2884,2191
482,1097,3128,3129,2043,483
818,819,820,821,1582,1578
2775,2776,2772,2773,2774
4527,4526,4515,4522,4524
3608,2571,2572,2570,2573,3606
1498,2596,3622,3623,3445,3444
5650,5905,5964,5967,5651
3512,4378,5660,5662,4372,3511
4053,4054,4052,5530,5531,4938
3838,4702,4703,4705,4708
4293,5183,5185,4288,3310,3311
2154,1191,1189,1188,524,525,2153
3420,3425,3432,3434,2390,3421
659,1440,1439,603,605,33
4592,4590,4585,3733,3735,3734
5227,5226,5223,5224,5225
1686,3868,3867,4784,4785,3903
5406,5409,4607,4608,4605,4606
5058,5059,5057,5885,5886,5590
2975,2974,4068,4070,2976,2977
122,580,1319,1318,592,4320,4319
5764,5762,5763,5765,5766,5767
2698,3739,5379,5378,2697,2699
132,133,135,140,2442,2441,612
1625,1626,1627,2285,2286,1628
2053,2049,1102,1088,465,1086
1134,2046,2044,1137,2096,2095
3563,4425,5676,5677,4428,3564
1580,1579,1577,3692,5528,5527
4461,5839,5840,4622,2949,4457
3945,3944,1806,1831,1828,2874
3747,3746,3745,4495,4494,3748
4738,5770,5775,5777,4737,4739
5004,5861,5859,4110,3099,3100,5003
2451,2449,2450,3490,3491,2452
2104,2103,2105,2108,2107,2106
3313,4299,4298,3328,3324,2331
4412,4413,4415,4414,3559,3558
2313,3314,3316,1323,1321,590
2487,1047,1040,1046,1045,2488
1763,1764,1765,1767,1769
718,720,183,182,180,181
3702,3703,3722,4566,4565,1613,1614
5142,4271,5174,5173,3232,5146
73,74,375,374,1798,1796,968
2687,3707,3708,4535,4538,2686
2516,2518,2514,1447,1448,1446
4802,5494,5493,4805,4804,4803
3201,3207,4841,4840,2888,3205
4127,4126,3114,3115,2037
5531,5530,5847,5848,5841,5842
3822,2779,3852,3853,3821
1065,1064,2004,1999,1066
5695,5529,4525,4526,4527,5693
3485,3486,3487,3489,3488
2159,1212,549,2174,3172,3171
5724,3731,3730,2689,2688,5726
810,63,275,276,259,811
259,276,849,848,257,256,258
3293,4280,4279,3828,3830,3294
1965,1966,1969,1968,1961,1962,1963
5023,1093,1092,2020,4119,5021
2943,2942,3064,4101,4100,2940
4743,3870,4738,4739,3874,4747,4748
3048,3049,3051,3052,3050,3047
3660,3659,3658,3655,3656,3657
5241,4389,3539,577,2262,2263,5240
50,45,154,152,654,653
1582,821,267,268,269,1581
4665,4666,2750,2749,838,1012,1011
5839,5982,5981,5936,5935,5840
154,155,153,150,151,152
4962,2970,3727,3726,4575,4963
1040,1916,1917,1039,1044,1046
783,1554,1553,781,3110,3111
5799,5800,5804,5803,5801,5802
352,955,1655,1654,342,353
4342,3466,3467,3468,4345
2255,1310,2254,4824,4823,2258
1692,1691,1690,1689,1688
4775,4776,4777,4774,5176,5175
5358,5366,5722,5725,3723,5360
2207,3228,3227,4198,4196,3231
309,293,836,834,292
956,11,10,4790,4793,1653
5134,5133,671,2171,3197,3196
4037,1885,1886,1887,2993,4038
3018,988,987,372,1888,3016
116,83,431,433,432,117
5122,5123,5128,5125,4188
1296,1298,1297,1295,2235,2239
838,2749,2747,1623,1851,1850
853,814,1762,1764,1763,852
4194,3218,2198,2197,3211,3212,4193
3405,3401,3403,3402,3404
5469,4733,4732,3867,3868,5470
5321,5694,5693,4527,4524,4523,5314
5844,5843,4055,1882,4063,4061
4380,4382,4381,4388,4386,4379
2419,2420,1368,1496,1497,2425,2424
2182,3193,3195,3186,3188,2472
2823,1621,835,1620,2824
3438,3439,2394,1320,118,544
3497,2469,2468,2470,2471,3495
5254,5251,3557,3556,4423,5253
4681,5781,5780,4680,4682,4683
524,1188,1190,510,1175,1176
3442,3441,4326,4324,3440
4626,4047,4917,4916,4044,4628
3683,4509,4510,3680,3682,3681
4672,4671,4711,4709,2931,2932
890,883,1726,1725,312,888
5139,5140,5137,5466,5800,5799,5138
1155,1156,1158,1159,2122,2126,1157
2702,2704,4600,4601,3743,3744
475,100,101,102,103,476
2349,2350,2351,2352,2353,2355,2354
303,300,1673,1672,854,284
2289,2293,2290,1318,1319
2969,2968,2963,2962,2964,2965
67,328,876,873,301,302
2592,2588,2590,2589,2591
1542,1543,196,1508,1519
977,975,1805,1802,971
5834,5518,4920,4921,4922,5837
986,984,380,375,74
4354,4355,3494,1215,1214,1216,2169
5794,3885,4753,4751,3857,5797
2532,1469,1467,1468,3533,3532
3616,2583,5392,5951,5950,4908
5969,5968,5252,5261,5259,3560
3820,3821,3853,3854,2781,2783
1303,1299,324,908,1740,1744
1841,1846,1003,1002,1715,1714
4719,4716,2730,1616,1617
1250,1249,1245,1246,1247,1248
1395,4364,5214,5213,1408,615
3824,4677,4676,5420,5422,4023,4024
5372,5369,5370,5371,5373
5438,5442,5758,5759,5751,5752
1800,1801,1731,1730,1727,1728,1729
1647,863,862,63,810,1646
3525,4398,4400,4399,3527,3526
2745,2746,837,1710,1708
1393,1392,1452,3502,4363,4362
639,1436,1435,155,154,45
4910,4912,4914,4913,4911
5569,5568,5566,5567,5571,5570
5066,5065,5618,5619,5068,5067
690,1459,1461,1460,679,689
2921,1010,1014,1690,1691,2919
4281,4683,4682,4278,4279,4280
150,153,658,660,48,49
3900,4779,4783,4206,4207
4191,4193,3212,3216,2199,3221
513,2133,2136,4380,4379,3514
3480,3451,3453,3462,3481
1988,1989,1987,1986,1985
5690,5309,5302,5307,4507,5692
166,163,165,164,167
5713,5712,5714,5715,5928,5926
3435,4312,4311,3441,3442,2395
1451,1813,5009,5014,5013,3501
2489,2488,1045,1041,1934,1935
1533,1532,757,755,1523,1522
3552,3551,3543,3546,5226,5227,4391
5425,5423,4672,2932,2930,2926
5374,4595,3747,3748,3737,5376
3470,3444,3445,3443,3446,3474
5927,5926,5928,5929,5931,5930
2126,2122,2123,2124,2125
744,743,742,741,2626,2625
3948,4815,4814,2883,1806,3944
1741,1743,1744,1740,1738,1739,1742
1839,1837,2911,2910,997,1840
628,620,1416,2460,2463,627
5258,5972,5970,4419,4418
5700,2676,1587,2681,3699,5701
572,1000,998,383,4220,4218
1854,2920,2919,1691,1692,1858,1857
5131,4195,3223,3222,672,671,5133
4502,3644,3646,3649,3654,4503
3467,2593,2594,2595,2598,2597,3468
4196,4198,4197,4195,5131,5132
2158,2157,2154,2153,2155,2156
1412,1405,2490,2496,1409
3785,3786,2619,3670,3669,1481
1280,1279,1278,2211,2210,1289,1290
917,1759,1758,911,912,910
466,467,468,2041,4156,4155
1028,107,108,110,112,1027
4687,4688,4686,5441,5440
5244,5243,5236,5237,4403,4401
18,2396,2398,534,536
2348,2346,4282,4283,5117,5116,586
3340,3338,3337,3339,3341,3342
4073,3026,3022,394,4969,4966
39,33,605,604,34,35,40
1914,1910,1909,3041,4085,4084,1915
738,737,744,2625,2624,722,185
4021,4024,4023,4025,4026,4022
5786,5785,2760,1630,3871,3872
1102,1103,1089,1095,1094,1088
42,29,30,19,141,142
379,75,378,1827,1832
3316,3317,2315,1332,1322,1323
1996,1998,1997,1994,1995
3230,3231,4196,5132,5136,3229
900,902,361,360,899,897
5428,5427,4670,5421,5420,4676
3596,2559,3595,3592,3597
3721,5918,5919,4583,5364,5365
2459,1414,1918,3049,3048,2461
431,430,1065,1066,434,433
2057,2058,1133,4161,4162,2069
209,208,478,477,1127,1126
5668,5669,5671,5670,5667,5666
2386,2388,2387,3407,3414,3411
2320,2321,2303,2304,2300
4375,4374,2452,3491,3492,1429
1020,962,317,385,1018
1262,3240,3242,3250,3251,1263
1849,1850,1851,2743,2744,1847,1848
5533,5532,817,819,818,4939
2834,2833,1679,1678,1680,1681,1682
1374,1377,1376,1375,1380,2450,2449
5534,1576,1572,816,817,5532
4440,4439,3609,4442,4441
4725,4726,3865,2793,2792,3862
4370,4369,4367,4368,5219,5222
3017,3016,1888,3023,3028,3027
925,926,918,919,921,920
298,1661,1662,3683,3681,864
753,754,1513,1517,752
595,596,2337,2338,2325,1327
2293,2294,2292,2291,2290
1613,4565,4567,1606,1610
4144,778,216,219,4143
4642,4643,4627,2956,2957,3777
3410,3411,3414,3413,3412
156,158,157,16,1442,1443
1756,1755,1757,2838,2839,1758,1759
5726,2688,1595,3725
740,736,735,737,738,739
121,579,582,584
4103,4104,3091,3088,3089,3090
5591,5590,5886,5884,5593,5592
3427,3426,3428,3429,3433,3432,3425
3224,3225,3226,3227,3228
4395,5233,5232,4394,4392,4393
3102,1990,1991,1993,1992,3104
4718,4717,4715,4716,4719,4720
3804,3803,2740,2741,3807,3811
4202,4203,4201,5137,5140
5875,5874,5989,5990,5958,5872,5873
2957,2956,2966,2967,3760,3762,2958
5648,5649,5644,5645,5643,5646,5647
2465,2466,2467,3496,4353,4352
3794,1709,1711,2736,4659,4660
130,2434,2435,128,131
5098,3145,1996,1995,1059,5096
5667,5670,5246,4398,3525,3562
326,889,888,312,311,313,325
5185,5186,5177,4289,4291,4290,4288
3583,3582,3581,3584,3586,3585
2880,1286,1285,1294,1293,2881
2805,2845,3923,3922,1644,2806
5654,5656,5655,5652,5653
1064,426,428,417,2003,2004
138,139,137,136,134,135,133
2216,2217,5139,5138,4211,2215
4039,4038,2993,4059,4058,2994
2616,1503,2694,2693,172,171,2615
3656,3655,2617,1485,2576,2575
4432,4431,4438,4437,4433,4434
5645,5247,5638,5639,5124,5643
2652,2651,1552,1556,1555,1553,1554
288,284,854,857,283,289
3265,3291,3292,3287,3285,3266
5000,4997,4998,4999,5555,5556
3366,4318,4317,3371,3373,3374
2089,3143,5072,5073,4164,3139,2090
198,199,1521,2637,2636,197
4327,4328,5200,5202,4338,4337
4752,4754,3881,3883,3882
1980,1054,1978,1976,1984
3369,3368,5197,5196,3322,2363
4582,4581,4530,4529,3717,3718,3729
250,251,247,248,249
3527,4399,5235,5233,4395,3528
5447,5448,5449,5771,5774,5768
3395,598,600,599,123,3393
1938,413,414,1942,1943
4436,5264,5263,2544,2545,2547
3632,3633,3630,4466,4469
2690,3715,3716,191,1596
5827,5826,5823,5824,5822,5825
641,15,1172,1171,146,644
4697,3835,4691,4692,4698,4700
1255,1257,3224,3228,2207,1261
421,420,1981,1982,1062,1063
2514,2515,2168,552,1447
3432,3433,4309,4312,3435,3434
1650,3915,3913,2821,2820,1649
3071,3072,3075,3076,3077,3074,3073
5697,5696,5695,5693,5694,5698
1426,143,619,634,633,1425
4545,4549,4550,4546,4547,4548
5871,5873,5872,5604,5606,5594
862,861,1666,1669,275,63
1380,1375,2455,2457,1379
5097,5096,1059,3101,3103,5099,5100
5831,5830,5514,5948,5947,5515
5119,4257,4259,2193,4187,5120
605,603,609,607,602,604
5822,5824,4034,4906,5521,5522
4146,4145,4144,4143,4151,4149
5248,1314,2280,5640,5638,5247
5038,4138,5044,5041,4139,5037
3249,2215,4211,4212,2220,3248
1166,1782,1784,422,507,509
5169,5170,4244,4243,4252,4254
3082,1956,1955,1954,3079
5236,5238,5241,5240,5239,5237
1758,2839,2836,1683,911
5895,5896,5633,5097,5100,5104
4294,3312,4303,4299,3313,4295
2941,2940,4100,4098,1930,1929
5892,5891,5889,5887,5888,5890
1220,1406,1407,630,629,1219
5331,4578,4577,4579,4580,5330
4044,4916,4915,4910,4911,4043,4045
125,25,126,606,608
4168,3150,5090,5087,4173
5099,3103,3137,3134,5101
1702,1698,1706,1705,1697,1703
3931,3930,345,346,343,344
5259,5261,5262,5908,5909,5674,5260
2105,497,496,2109,2110,2108
3384,1348,3390,3391,2379,2378
3483,3484,3480,3481,3482,3479
5127,5118,5120,4187,4186,5126
1666,1667,1671,1670,1668,1669
3508,1432,5221,5220,4376
4922,4921,4046,4919,4917,4047
450,444,445,446,448
791,1562,1566,790,792
302,301,300,303,304,305
1643,1642,1635,1634,299,843
1402,3047,3050,2486,1403,1404
5959,5961,5053,5039,5040,5060
3742,3741,2682,2683,2612,2701
424,423,427,426,1064,1065,430
4967,4966,4969,4968,4970,4971
2442,140,142,141,2437,2443
3267,3266,3285,3290,4273,4272
4863,4866,4865,4864,4861,4862
1571,1570,1569,799,2674,2675
3453,3452,3461,3457,3465,3462
5393,4621,5397,5399,5954,5956
5751,5759,5761,5762,5764,5750
5788,5784,5783,5785,5786,5787
1038,1037,494,495,2103,2104,1141
1449,2517,2516,1446,663,664
1678,1679,1619,1621,2823,2822
2771,1632,272,841,1631,2770
4364,4365,4362,4363,4366,5216,5214
3381,3380,3378,3379,3377,3382,3383
7,56,55,4,3
3011,3010,4937,4936,3008,3009
2503,2501,2499,2500,2502,2504
1472,1474,690,689,692,693
238,237,240,1560,1557,236
4150,4151,4143,219,218,57,214
2717,2715,2719,3783,3784,2716
5583,5582,5581,5580,5579,5578
3289,3286,3282,4269,4270,4200
1845,1636,1638,844,1003,1846
4137,4136,5577,5575,5043
48,660,659,33,39
1549,776,7,3,1550
5115,3299,4178,5109,5107,5114
3166,3170,3173,2162,3164
5657,4481,5689,5687,5976,5977
3030,4971,4970,1022,1024,1023
1381,1385,1383,700,702
4879,4022,4026,4876,4880
3320,3319,3315,3317,3316,3314
3893,3892,4851,4848,4770,4767
826,827,188,729,732,187
4334,4330,4331,4333,4332,4335
404,401,487,489,403
123,599,1353,1352,597,594
3025,370,969,970,393,392,3024
556,2885,2886,3950,3953,1236
5795,5794,5797,5798,5796
5403,5400,5401,5405,5404,5402
5047,5583,5578,5048,5045,5046
5458,5457,5456,5455,5454,5453
850,866,1664,851,848,849
1313,1316,1317,2279,2280,1314
2628,5616,5613,2629,749
1909,1964,1965,1963,3040,3041
342,1654,3916,3915,1650,341
4332,4333,4339,4340,3626,2601
222,223,227,229,228
3575,2551,2717,2716,2552,3578
4453,4455,4456,4454,3616,4452
2755,3825,3541,5907,5906
5490,5489,5487,5492,5491,5488
5262,5253,4423,4424,5911,5908
626,627,2463,2464,1387,622
3664,1600,1602,4594,3738,3663
258,256,260,1760,1761
5394,4030,4031,4892,4893,5395
683,679,1460,4406,4404,681
4463,5203,5659,5679,5678,3634
5116,5117,5115,5114,5113,5112
4520,4521,4516,1586,1587,2676
5408,5410,5409,5406,5407
371,73,968,969,370
1510,5067,5068,5617,5616,2628,1509
1954,1955,1913,1916,1040,1047
4768,4767,4770,4769,5487,5489
1640,1641,2798,3880,5484,5483
2777,5,2,2772,2776
527,119,14,145,650,649,526
775,201,205,207,773
4838,4839,3998,3997,3996,2907,2906
789,788,246,244,243,242
3897,2795,4736,4735,2802,2803,3898
2187,2191,2884,2885,556,1227
4359,4357,4356,4358,4361,4360
1919,406,408,407,1921,1923
1045,1046,1044,1043,1042,1041
34,604,602,28,27,32
5148,5651,5967,5966,5150,5149,5147
1109,1106,469,1105,1101
3548,2753,5904,5905,5650,3544
4989,4990,4988,4985,4986,4987
4563,3704,4543,4544,3706,4562
2222,3257,3259,886,891,1266
1778,1777,935,939,938,927,1773
1991,1063,1062,1061,1993
3638,4482,4483,3636,3635,3637
2426,2591,2589,2593,3467,3466
5199,3473,3474,3446,4329,5201
3776,2712,2958,3762,3761,4629,4630
650,145,144,642,643,647
3392,3393,123,594,1325,2380
3806,3802,3803,3804,3805
2510,4373,4375,1429,637,1367
3728,5318,5320,5315,4570
358,359,352,353,355,354
5708,5707,5702,5704,4528,5324
4231,4233,5162,5163,5165,5164
2065,2056,2057,2069,2070,2068
5032,5031,5030,5034,5035,5033
4930,4933,5327,5326,4543,3704
5780,5787,5786,3872,3873,4680
14,519,518,144,145
3924,2849,2848,2851,2850,3927
5055,5056,5054,5053,5961,5960
4662,4663,2739,3798,4661
3712,4049,4931,4930,3704,4563,4564
687,680,2523,2522,1258,686
2077,2078,1125,1121,471,472
5144,5143,5142,5146,5145,5141
1056,1055,12,89,88,415
1015,1013,1849,1848,1009,1008
3846,2768,2771,2770,2769,3848
1673,1674,1677,1676,1675,1672
542,1211,1210,1192,2157,2158,1204
2445,1371,2422,2423,1369,2446
2204,1254,1253,3220,3219,2206
5976,5687,5686,5294,5295,5974
2194,4188,5125,5130,2196,2195
3831,3832,4684,4694,4693
5430,5431,5426,5427,5428,5429
2684,2685,2686,4538,4537,1500,1501
5427,5426,4674,3823,4669,4670
1727,1730,892,893,1732,1733
5123,5124,5639,5637,5118,5127,5128
4852,3862,2792,4856,4857,4853
1563,264,263,809,815,1564
4089,3058,3057,3056,3059,4091
2971,1877,1878,4923,4924
1797,1800,1729,963,967
4954,4953,5539,5536,4956,4955
491,387,951,952,1146,1147
970,967,963,1021,1017,393
329,1752,1753,331,330
492,493,491,1147,1148,495,494
635,618,623,625,621,636
1051,3036,3039,1950,1952
4574,4576,4578,5331,5328
4041,4040,4037,4038,4039,4036
4669,3823,2782,4712,4711,4671
5351,5350,4561,5354,5355,3713,3714
4000,3237,3236,3993,3997,3998
637,1429,3492,4445,4446,3613
1948,1947,1049,1895,1896,1029
3750,3751,3756,3755,3754,3753,3752
4076,4075,3030,1023,414,413
4692,4691,4693,4694,4690,4689
3757,3758,2959,2709,3763,3764
722,2624,3675,3673,723
4119,2020,2021,5874,5875,5869
912,911,1683,1684,872,875
4793,4790,4791,4792,4795,4794
5951,5392,5393,5956,5957,5949
5631,5630,5095,5094,4175,4174,5092
1135,1136,482,483,484,485
5276,5275,1484,3602
4214,4213,5144,5141,4215,4217,4216
4130,4129,5029,5026,4132,4131
5914,5978,5973,5916,5915
3648,3651,3642,3643,4487,4486
5418,3841,3840,2763,4667,5416
4624,5736,5739,5384,4602
4033,2948,3060,3061,4900,4899
5176,4774,3899,4778,4779,3900,5172
2166,2161,3169,3170,3166,3168
1398,1397,2474,3504,3503,1396
1943,1942,1941,1939,1940,1944
5641,3281,4255,4257,5119,5642
4262,3275,3278,2271,1311,4264
5375,5376,3737,4504,4506,3736
2142,2146,3515,3513,2513,1174
4713,3847,3845,3846,3848,3849,4714
2304,2303,2306,3304,3305,2305
2494,2491,1413,1415,1417
1721,330,331,332,923,922,1718
2619,3662,3661,2621,3666,3670
2897,2898,3235,3237,4000,3999
5811,5813,5812,5814,5815,5816
3853,3852,3851,3850,3854
4991,4992,4105,4104,4103,4102
5947,5948,5946,5945,5944,5943
4622,5840,5935,5934,5736,4624,4623
318,321,366,368,64
3315,3323,3326,2314,2315,3317
2595,2581,2580,2599,2598
2099,2100,2097,2098,2102,2101
3523,4393,4392,5249,5250,3531
2359,2530,3537,3536,1455,2361
4032,4033,4899,4902,4901
3957,3958,3987,3986,1281,4816,4817
515,1182,3175,3181,3179,516
51,648,651,163,166
5282,5277,5268,5269,5273,5281
3206,3205,2888,3959,3956,2893
468,460,95,94,2040,2041
1664,1663,1665,2663,2662,851
4043,4911,4913,2955,2963,2968
1579,1581,269,270,1577
4538,4535,4534,4536,4537
1312,2250,2251,2272,3279,3276
1604,4476,4477,2718,2719,2715
5346,5345,5344,5343,5342,5347
3212,3211,3214,3213,3215,3216
4773,5488,5491,4728,4729,3858
609,608,606,3507,3509,607
5646,5643,5124,5123,5122,5121
4140,5036,5047,5046,4142,4141
5108,5110,2178,1226,549,1212
5773,4869,4867,4868,4870,5772
1411,5215,5217,1412,1409,1410
3034,3035,3037,3038,3039,3036
5789,5790,5459,5450,5452,4704
350,895,896,349,348,347
3077,3076,1050,1908,1904,1946
537,533,540,539,532
5552,5553,5866,5865,5858
3906,279,277,282,3907
933,813,230,231,339,932
3698,3697,824,52,1593,1594
5886,5885,5892,5890,5883,5884
2491,2492,2481,2485,2483,1413
5504,5816,5815,4731,4732,4733
5939,5940,5749,5743,5415,5414
4169,4167,4168,4173,4172,4171,4170
4932,4935,4934,4933,4930,4931
5930,5931,5729,4597,4596,5381
4661,3798,3799,3801,3800
953,1793,1794,3150,4168,4167
2054,2059,2058,2057,2056,2055
5061,4154,4153,5985,5988
5537,4951,4950,4926,5852,5853
5337,5335,5334,5332,5333,5336
3937,3938,3939,3936,3940,3941
4433,4437,4435,3573,3572,2607
2939,4887,4886,5396,5397,4621
4825,3270,3271,2283,3973,4826
3965,373,1820,1821,1810,1811,3966
1992,1993,1061,79,97,98
4020,4015,4013,2937,4018
2907,3996,3995,3991,3988
486,1142,2106,2107,1149,109
5163,5162,5653,5652,5161,5159,5160
4814,4813,2880,2881,2882,2883
1971,1970,5546,5550,1968,1969
670,2200,2202,673,1222,1221
5077,5078,5591,5592,5076,5083,5084
1983,1984,1976,1975,2063,2062,78
2344,1477,1480,696,695,2343
712,3652,4488,4489,1505
3649,3646,3647,2700,3639,3650
4654,4653,4652,5408,5407,4650,4651
490,486,109,108,107
4529,4531,1598,1597,3720,3717
1473,1476,1475,1474,1472
5017,5018,4152,5059,5058,4118
5681,5915,5916,5682,5292,5293
3054,1927,3005,3003,1883,3053
2010,2005,1076,1074,1075
1767,1765,1776,1779,1772
1338,1333,3345,3346,1339
4443,1490,1491,2578,4450,4451
2837,2784,2786,1615,3919,3920
5893,5895,5104,5105,5095,5630
1225,2183,2182,2472,3499,3498,1224
511,1167,2134,2133,513,514,512
5483,5484,5485,5486,5482,5481
1293,1294,2230,2234,1291,1292
1442,16,17,25,125,1441
1431,1430,4370,5222,5221,1432
4005,4006,4001,4004,4003,4002
5275,5274,3600,1488,1489,1484
3400,2541,2542,2543,2540,3398
2829,2822,2823,2824,2825,2828
3602,1484,1489,3603,3604,3599
4164,5073,5077,5084,5082
2790,2791,3863,4850,4851,3892
2422,2421,2420,2419,2423
321,320,315,314,72,367,366
3593,2557,3589,2558,2561,3591
4473,5680,5681,5293,5288,4472
760,761,1510,1509,748,747
3859,3858,4729,4730,2911,1837
2765,2764,6,9,272,1632
1706,1707,2854,2852,1704,1705
3129,3131,2042,2074,2073,2043
5051,4147,4149,4151,4150,4148,5050
5184,5180,5179,5178,5177,5186
477,478,475,476,480,479
4547,4546,5372,5373,3722,3703
3273,4251,4250,3272,3271,3270
230,2669,2670,801,787,231
5040,5039,5038,5037,5611,5609
4184,5106,5108,1212,2159,2160,2163
4308,4314,3330,3329,3430,3431
5739,5738,5385,5386,5730,5731,5384
2864,2866,2865,2868,2869
5862,5863,4991,4102,3092,4112
4105,974,973,1892,3091,4104
5476,5475,5478,5477,5479,5480
5972,5971,5968,5969,5970
5593,5884,5883,5624,5070,5071
3863,4724,4725,3862,4852,4850
2709,2959,2961,2950,4559,4560,2710
281,280,278,279,3906,3905
1206,1205,530,531,529,1202
5817,5818,5821,5820,5819
2987,2988,2989,4944,4945,2990
2554,3668,3667,3659,3660,3581,3582
1287,1290,1289,1288,1285,1286
3305,3304,3309,3308,3307,3306
256,257,2666,2668,812,260
1781,942,945,944,943,1785
4383,4386,4388,4387,4385,4384
2337,3410,3412,2336,2339,2338
3939,2870,2876,2875,2871,2872,3936
5524,5522,5521,5520,5519,5523
4741,4742,4743,4748,4750
3471,3472,3469,3470,3474,3473
1112,1087,1132,1133,2058,2059
5344,3763,2709,2710,2708,5343
2586,2587,2585,4455,4453,2584
4607,3775,3776,4630,4634,4608
1561,1563,1564,1565,1566,1562
5935,5936,5932,5933,5934
5587,5586,5584,5585,5589,5588
3309,3359,3360,2356,1337,1336,3308
5922,5921,5708,5324,5325,5920
4142,5046,5045,4147,5051,5049
5685,1873,1874,4478,5294,5686
65,66,329,330,1721,1723
5095,5105,5103,5093,5094
3890,4762,4766,3889,3891
2692,2696,2695,2693,2694
1253,2194,2195,3217,3220
509,507,508,2097,2100
3549,2539,2538,5228,5230
5410,5402,5404,3775,4607,5409
4786,4787,2810,2809,2808,3901
3255,3256,3252,3253,3254
3875,3876,2795,3897,4777,4776
654,152,151,149,148,655
772,774,775,773,771,1546,1545
1482,1483,2556,2553,2572,2571
4810,4811,4808,4809,4806,4807
4659,2736,2737,3797,4656
3103,3101,3102,3104,3136,3137
1060,419,421,1063,1991,1990
178,177,719,717,179
4801,4800,292,834,1619,1679,2833
2291,2292,593,4296,4297,2312
5589,5585,5052,4508,5304,5303
4979,4978,5541,5543,5548,5547
5717,5349,5348,5350,5351,5721
5606,5604,5601,5602,5603,5605
5271,3574,2546,3576,3579,3601,5272
3518,3164,2162,2465,4352,4350
1805,2878,2879,1804,1803,1802
1774,934,933,932,935,1777
1997,436,437,419,1060,1994
3903,4785,4786,3901,3902,3904
4400,4401,4403,4402,5234,5235,4399
2294,3389,3387,593,2292
2389,3427,3425,3420,3422
2890,3955,3957,4817,4821
2754,2755,5906,5904,2753
1108,99,1119,1120,469,1106
345,920,921,335,336,346
312,1725,4811,4810,316,311
5443,5444,4874,4871,4873,4872
2950,2951,4050,4051,4558,4559
735,734,733,743,744,737
1132,5024,5569,5570,4161,1133
3336,3335,3332,3331,3333,3334
4274,4272,4273,4277,4276,4275
5029,5028,5027,5025,5026
1821,1822,1815,978,1809,1810
5729,5728,5337,5336,5339,5338,4597
787,801,800,788,789,786
585,2347,2348,586,1181,1180
3116,2035,222,228,3112,3117
1780,1781,1785,1784,1782,1783
4823,4824,4825,4826,4828,4830
5727,5347,5342,5335,5337,5728
4287,4286,5180,5184,5181
2588,1494,2586,2584,1492,2590
3881,2797,3861,3860,2913,3883
3713,5355,5356,3707,2687,3711
3064,3065,3066,4097,4101
5232,5231,1315,1316,1313,4394
5507,5505,5811,5816,5504,5506
2124,2123,176,203,202,183,720
3753,3754,2705,2706,2707
141,19,20,1373,2438,2437
3745,5380,5381,4596,4493,4495
3581,3660,3657,1504,3584
3179,3181,3182,3178,3177,3180
5661,5665,5664,5663,5662,5660
1394,4360,4361,4365,4364,1395
742,54,212,211,190,741
2647,2645,2648,2649,2646
5849,5851,5533,4939,4940,4941
1306,1273,2221,3256,3255,1308
3188,3186,3183,3185,3184,3187,3189
3760,2967,2969,2965,3759
4068,4955,4956,4067,4069,4070
4356,3189,3187,1392,1393,4358
1233,1231,1823,1820,373
3503,3504,3937,3941,4106,4107
3492,3491,3490,3493,4444,4445
457,86,447,1068,1067,90,458
5568,5021,4119,5869,5870,5566
294,296,2831,2832,1660,297
4853,4857,4854,4010,4849
3651,3650,3639,3640,3641,3642
3241,3244,3246,2217,2216,3243
4080,3012,3020,3021,3031,4079
3833,4016,4017,2934,2758,3834
3817,2925,5417,5746,5937,5938
4420,3562,3525,3526,3565,4421
1089,2033,2031,1091,1095
2803,2802,3890,3891,2801,2804
576,574,570,563,1274,1275
5107,5109,5111,5110,5108,5106
2315,2314,2328,3335,3336,2332,1332
2612,2683,2684,1501,1502,2613
3300,2300,2304,2305,4286,4287,3303
5006,4114,5552,5858,5860,5005
1633,2767,2766,2768,3846,3845
5957,5956,5954,5955,5952,5953
3402,3403,1478,1479,1480,1477
316,4810,4807,314,315
1603,2713,3750,3752,3781,3782
4876,4026,4025,1863,1865,1864,4875
3131,3130,1113,2050,2051,1116,2042
922,923,926,925,924
938,939,936,937,940,941
1771,1772,1779,1778,1773,1770
579,581,580,122,583,582
409,410,1034,1036,412,411
3935,3929,3928,3930,3931,3934
2311,2312,4297,4305,4304,2310
5954,5399,5398,5828,5833,5955
4062,4061,4063,4948,4952,4064
4261,4265,2281,2282,4258,4256
5069,5064,5311,5310,5621,5622
2178,2179,2180,2183,1225,1226
3153,3157,2138,2139,2140,2141
5388,4620,4611,4613,5390
2700,2701,2612,2613,2614,3640,3639
5291,5290,3638,3637,4474,5266
1739,1738,907,327,980
2873,2874,1828,1826,1833,1834
1514,2630,2631,1516
2185,3198,3199,3208,3207,3201,3202
3190,3191,2184,2181,2180,2179
1833,1826,1829,376,3013,3014
1675,1676,295,296,294,855
363,959,960,957,954,362
2257,2256,2255,2258,4836,4837
867,868,869,870,1671,1667
5611,5037,4139,2039,5063,5612
4259,4260,3983,3984,2903,2193
5971,5673,5255,5252,5968
2523,2524,2528,2527,2525,2526,2522
2455,2456,2453,2454,2458,2457
2450,1380,1379,1378,3493,3490
4058,4059,4057,4060,4914,4912
4893,4892,4898,4897,4895,4894
793,253,808,254,795
5847,5846,5850,5851,5849,5848
322,64,368,369,901,903
3158,2148,515,516,2138,3157
2278,2264,2266,2265,2268,2269,2276
3511,4372,4373,2510,2508,2509
1913,1912,1914,1915,1917,1916
175,180,182,772,1545,1548
88,89,2008,2009,4122,4121
90,1067,1070,91,1084,1083
2321,2322,2299,2298,2306,2303
3988,3991,3990,3989,3986,3987
5250,5249,5248,5247,5645,5644
4641,4625,4626,4628,4627,4643
440,442,443,441,438,439
1559,792,790,235,2653,2654
2199,3216,3215,2201,2202,2200
3260,4226,4224,2250,1312,578
2820,2821,2815,2817,2816,2819,2818
2760,2759,5447,5768,5769,1630
5401,4640,4642,3777,3778,5405
1152,5091,5092,4174,1154,500
4415,4418,4419,4417,4416,4414
4286,2305,3305,3306,5179,5180
437,435,82,420,421,419
374,982,981,964,1799,1798
5545,5544,3033,4074,4972,4974
3256,2221,4222,4223,3257,2222,3252
1904,1908,1907,1903,1906,1905
554,553,546,4369,4370,1430
5495,2787,2789,2788,3855,4805,5493
3629,4434,4433,2607,5279,5278
1283,1284,1287,1286,2880,4813,4812
218,219,216,8,217
3521,3165,3519,3517,2519,3522
4078,4976,4977,4075,4076,4077
1959,1957,1910,1914,1912
851,2662,2661,2664,2665
5706,5323,5322,5699,5702,5707
3253,3252,2222,1266,1265,2244
4566,5362,5363,4567,4565
3184,3185,1223,677,1454,1453
1012,838,1850,1849,1013
1784,1785,943,440,439,422
1975,1974,416,3106,3108,2063
1889,3029,4078,4077,1890
1572,1573,1161,2130,2132,816
1531,1530,2644,2642,1535,1534
206,204,100,475,478,208
3298,4183,4180,4176,4178,3299
2682,4556,4557,2685,2684,2683
4258,2282,4833,4834,3983,4260
1704,2852,2853,1709,3794,3795,2733
1728,1727,1733,1737,317,962
4739,4737,3869,3877,3874
877,1008,1009,1707,1706,1698
1711,1710,837,2737,2736
1240,1239,1235,1824,1823,1231
4873,4871,5805,5807,4865,4866
3280,4267,4261,4256,4255,3281
5804,5796,5798,4721,4722,4723,5803
1176,1175,2143,2144,1178,1177
4206,4783,4782,3884,3886,4204
2543,4427,4425,3563,1470,2540
5382,5383,5927,5930,5381,5380
3343,2342,1464,2529,2531,3344
3110,781,225,2036,3109
759,5079,5080,5066,5067,1510,761
4223,4221,3258,3259,3257
2768,2766,2765,1632,2771
473,479,480,756,1525,1524,474
5735,5731,5730,5733,5732,5734
3208,3209,3210,4842,4841,3207
1962,1961,1889,1890,3037,3035
4390,3538,5148,5147,3539,4389
5575,5577,5576,5574,5572,5573
2128,2129,505,501,115,114
2335,2333,3364,3363,2298,2299
3115,3114,3116,3117,4134,4133
1627,3837,3838,4708,4707,2285
4688,4019,4016,3833,4686
1161,1162,1160,2127,2130
1524,1525,1537,1536,1527,1526
3908,1651,1652,1657,1658,3911
3774,3769,3768,3749,4599,4598,3773
3172,2174,2175,2177,2176,3174
561,1263,3251,3247,2212,562
4035,4907,5983,5982,5839,4461,4460
5452,5450,5451,5784,5788,5778
998,1005,1004,382,76,383
1599,2707,2706,1601,1602,1600
4998,4109,4108,4996,4994,4999
5664,3506,2498,2497,4371,5663
3498,3499,4357,4359,3500
2630,2635,2634,1511,2631
4806,4809,3935,3934,3933,3932
4535,3708,4548,4547,3703,3702,4534
4232,3296,3297,5654,5653,5162,4233
3177,3178,2164,2167,2165,1213
2176,2177,2172,2173,2467,2466
4437,4438,5267,5264,4436,4435
3356,3357,3358,3355,3361,3362
5491,5492,3866,5473,5472,4728
3433,3429,2393,4310,4309
1372,23,170,2421,2422,1371
1317,2270,4266,4267,3280,2279
2405,2404,2401,2402,3447,4331,4330
4594,4593,4595,5374,5377
798,794,793,795,796,797
112,110,111,499,498,113
872,1684,2835,2834,1682,871
246,245,249,248,794,798,244
666,2512,2511,1450,665,667
127,1370,2432,2434,130
4471,4467,4432,4434,3629,3628
61,797,796,255,445,444
4536,4534,3702,1614,1612,832
1230,1227,556,1236,1238,1237
3555,4410,3553,2538,2539
4351,4350,4352,4353,4355,4354
4568,5317,5316,5323,5706,5705
197,2636,2635,2630,1514,1515
5852,4926,4928,2970,4962,5854
5637,5642,5119,5120,5118
1353,1355,1354,2388,2386,1352
1768,1769,1767,1772,1771,1766
240,239,791,792,1559,1560
4427,4426,5260,5674,5676,4425
781,1553,1555,779,224,225
876,910,912,875,874,873
2935,2933,4021,4022,4879,4883
4172,4173,5087,5086,5902,5903
2792,2793,2918,2917,4860,4856
1205,2156,2155,517,520,530
3992,1262,1263,561,3994
3686,3689,3690,3691,3688
5928,5715,5346,5347,5727,5929
661,160,161,156,1443,1444
4450,2578,2577,3610,4449
692,689,679,683,684,691
1034,1033,1035,1037,1038,1036
5514,4901,4902,5517,5946,5948
2079,2081,2082,2078,2077,2080
408,1905,1906,2982,2980,407
4845,4847,4846,5505,5507,4844
4492,5341,5340,3740,3645,4491
923,332,334,333,918,926
5074,4118,5058,5590,5591,5078
703,702,700,701,698,699
4694,4684,5439,5442,5438,4690
1732,893,894,895,350,1734
4161,5570,5571,5020,4163,4162
5486,5485,3878,2796,2797,3881,4754
802,241,251,250,804
97,79,80,99,1108,1107
1748,842,1755,1756,915,1747
5909,5908,5911,5910,5912,5913
336,335,68,287,285,278,280
5572,5574,5032,5033,5581,5582
4615,4636,5400,5403,4609,3767
1823,1824,1825,1822,1821,1820
234,233,261,262,232
496,4170,4171,3149,3148,2109
3624,2604,2603,1499,3625
243,244,798,797,61,60
136,36,37,43,134
2659,1567,1568,1570,1571,2660
4956,5536,5855,5856,4072,4067
287,288,289,286,285
1695,1693,2846,2845,2805,2807
5841,5848,5849,4941,4055,5843
1434,147,159,160,661,1437
1803,1804,3942,3943,2876,2870
1146,952,953,4167,4169,1144
5432,5464,5463,3836,1629
498,499,2118,2113,1151
907,906,318,64,322,323,327
2997,4958,4957,4953,4954,2991
531,530,520,519,14,119
1341,1342,2318,2319,2317,2316
1569,2656,59,252,799
4284,2296,2295,4182,4183,3298,4285
2373,2372,3380,3381,2376,2371
1725,1726,1724,2858,4808,4811
2953,1876,2973,4048,4050,2951
2794,1639,2791,2790,3888,3887
4757,4756,3893,4767,4768,3896
2364,2365,2373,2371,1345,589
469,1120,2028,2026,1104,1105
5306,5305,3678,2650,215
1680,1678,2822,2829,2830
4667,2763,2762,2752,3814,4668
5812,3927,2850,2843,1694,5814
5567,5566,5870,5871,5594,4152,5018
4711,4712,4713,4714,4710,4709
4239,1625,1628,2252,3264,4238
5815,5814,1694,1696,1685,4731
1216,1214,2501,2503,547
1981,1979,1980,1984,1983,1982
1247,1246,2188,2186,1228,1243
5627,5632,5631,5092,5091
1568,2657,2656,1569,1570
4303,4302,4301,4300,4298,4299
4406,4407,4408,5649,5648,4405,4404
2440,2444,2436,2433,2432,1370
4977,4973,4967,4971,3030,4075
3674,2623,721,3671
2576,1485,1486,1487,2574
5683,5684,5298,5299,4483,4482
2854,2855,2856,2853,2852
1082,1083,1084,1081,2012,2014
2001,2002,418,1054,1980,1979
3456,3459,2428,5207,5209
3572,3573,3574,5271,5270
3909,3907,282,1648,1651,3908
3661,3663,3738,3739,2698,2621
4674,4673,3820,2783,2782,3823
2666,2665,2664,2672,2671,2667,2668
2152,1198,3155,3153,2141,3161,3159
4125,4124,1073,2015,2016,1072,2023
5128,5127,5126,5129,5130,5125
4298,4300,2381,1328,3327,3328
2909,2908,1687,1637,1638,1636
1322,1332,2332,2334,2297
973,1807,1808,983,1891,1892
3879,2800,3895,3894,2796,3878
2663,1665,3684,3687,1567,2659
3849,3848,2769,2761,3839,3843
5677,5675,4430,4429,4428
4803,4804,3856,2786,2784,2785
4171,4172,5903,5898,3149
1159,1158,2093,2091,715,716
985,564,566,381,380,984
2396,2397,3440,4324,4323,3436,2398
1735,1734,350,347,946,947,351
1847,2744,2745,1708,2856,2855
1699,1700,2734,2735,2847,2844
5638,5640,5641,5642,5637,5639
2966,4045,4043,2968,2969,2967
3318,2331,3324,3323,3315,3319
945,341,1650,1649,81,944
4917,4919,4918,4915,4916
2430,3479,3482,3463,2431,3487,3486
432,433,434,435,437,436
5105,5104,5100,5099,5101,5102,5103
2251,4245,4247,2273,2272
273,274,1750,1752,329,66
1764,1762,1761,1760,1775,1776,1765
2731,62,307,306,2729
4069,4067,4072,4071,2978,2972
3337,2341,3348,3345,1333,3339
665,1450,1449,664,157,158
5539,5538,5537,5853,5855,5536
4152,5594,5606,5605,5057,5059
1309,1308,3255,3254,2248,2240
3758,3759,2965,2964,2960,2961,2959
2520,3529,3530,3524,1462,1463
2165,2167,2166,3168,3167,4381,4382
1405,4113,5562,5561,2493,2490
2471,2470,1220,1219,1217,1218
2896,2894,5000,5556,5557,5010
1325,594,597,596,595,1326
4995,4107,4106,4993,5867,5868
3589,3590,4441,4442,2558
4634,4630,4629,4632,4631,4633
3039,3038,1938,1943,1944,1951,1950
5855,5853,5852,5854,5857,5856
47,148,149,46,137,139
708,2415,2416,706,2585,2587
1513,1512,1515,1514,1516,1517
2132,2130,2127,2129,2128,2131
546,547,2503,2504,4367,4369
2945,2946,2947,2942,2943,2944
3830,3828,4749,4746,3827,3829
5702,5699,5700,5701,5703,5704
2917,2916,1852,1859,4859,4860
5190,5191,5192,5187,5188,5189
800,807,806,245,246,788
2506,3510,4377,4378,3512,2505,2507
4807,4806,3932,958,72,314
840,271,1622,2741,2740
2263,2262,2261,2267,2266,2264
5925,5924,5921,5922,5923
2238,2239,2235,2236,2237
3851,2778,2775,2774,2767,1633,3850
629,630,1419,1418,631,632
5044,5043,5575,5573,5042,5041
5929,5727,5728,5729,5931
4791,3905,3906,3907,3909,3910,4792
1423,1422,2495,2494,1417,1416,620
678,2533,2534,1256,2295,2296
2617,2615,171,711,1486,1485
3808,4662,4661,3800,2748
3382,3377,2367,2368,2370,2369
1842,1844,1845,1846,1841,1843
5720,5721,5351,3714,3710,3709
4723,4722,573,574,576,575
1794,1795,2864,2869,5089,5090,3150
3154,3156,3158,3157,3153,3155
5917,5923,5922,5920,5919,5918
4890,4889,5827,5825,5512,4891
2324,2297,2334,2335,2299,2322
2678,2679,189,736,740,1583
4429,4430,3571,3570,3568,3567,3569
3428,2369,2370,2366,2393,3429
5210,5209,5207,5208,5211,5212
1244,1243,1228,1229,557,559
3835,3831,4693,4691
5869,5875,5873,5871,5870
1241,1237,1238,1239,1240,1242
756,1531,1534,1537,1525
3099,4110,4111,1972,3084
2160,2159,3171,3169,2161
2634,2632,764,1518,1511
2978,4071,4964,4965,4573,4934,4935
3922,3923,5497,5494,4802,3921
2086,2083,1126,1127,1128,1129,1130
3215,3213,168,169,2201
1500,4537,4536,832,1607,1608
2697,5378,5375,3736,2696,2692
3028,3023,3025,3024,3022,3026
901,369,365,357,361,902
3673,3675,3676,3674,3671,3672
3917,4797,4801,2833,2834,2835
762,2647,2646,1544,1541,763
2339,2336,2340,3338,3340,2326
2232,2226,2224,1298,1296,2233
2046,3135,3132,2047,2045,2044
3105,4123,4125,2023,2024,2022
1311,2271,2274,1310,2255,2256
2860,1754,1746,1747,915,916,2863
5636,5098,5096,5097,5633
2589,2590,1492,1493,2594,2593
1067,1068,1069,1071,1070
3448,2405,4330,4334
3391,3390,3394,3395,3393,3392
2220,4212,4210,2218,2219
3505,1428,1427,1424,2498,3506
1277,1276,1275,1274,1273,1306,1307
5153,5156,4235,4237,4236,4234
1715,1002,273,66,65,1716
2383,3404,3402,1477,2344,2345
3345,3348,3349,3343,3344,3347,3346
3918,3920,3919,4796,4797,3917
5298,5297,5296,5301,5300,5299
4598,4599,5383,5382,4601,4600
1592,1591,53,104,188,827
4747,3874,3877,3876,3875,4745
5342,5343,2708,5718,5719,5334,5335
1048,1940,1939,402,401,404,405
5285,5283,5284,5286,5287
189,187,732,734,735,736
4423,3556,5668,5666,4424
4946,4942,4056,5535,5850,5846
3084,1972,3096,3095,1967,1958,3085
2838,2837,3920,3918,2836,2839
3678,3677,1549,1550,2650
5618,5620,5876,5882,5619
35,34,32,31,30,29
418,1985,1986,1058,1977,1978,1054
5256,5257,4413,4412,4411
4972,4074,4073,4966,4967,4973
21,22,26,610,1363,1362,24
1238,1236,3953,3954,1235,1239
2708,2710,4560,5716,5718
2286,2285,4707,4706,2288,2287
3078,3079,1954,1047,2487,3052,3051
5464,5793,5791,5462,5463
1057,930,928,338,13,12,1055
1651,1648,1647,1646,1645,1652
3013,376,377,3019,3020,3012
176,716,715,106,200,203
684,683,681,682,685
2370,2368,1340,1342,1341,2366
2605,3628,3629,5278,5280
751,766,767,1512,1513,754
2884,3203,3204,2887,2886,2885
3478,4349,4347,3476,3477,3475
3692,1577,270,823,3693,3694
2961,2960,2952,2953,2951,2950
1187,538,1203,1201,1186
2288,4706,5782,5781,4681,3295
487,488,1143,1142,486,490,489
5235,5234,5231,5232,5233
1086,465,5022,5024,1132,1087
171,172,713,714,709,711
1122,1123,1131,2638,2640
4265,4264,1311,2256,2257,2281
3735,3733,3721,5365,5367
3877,3869,4734,4736,2795,3876
2773,2772,2,6,2764
248,247,253,793,794
2741,1622,2739,4663,3807
4829,4830,4828,5503,5498,4827
5086,5085,5634,5894,5901,5902
846,847,913,1751,1750,274
1427,1425,633,1377,1374,1424
892,904,900,897,894,893
4081,4082,4080,4079,5542,5540
1376,636,621,2456,2455,1375
4087,4083,3046,3045,3043,3044
2224,2241,2243,568,1297,1298
771,773,207,206,208,209
1272,1277,1307,1305,569,1267
5053,5054,3118,4138,5038,5039
993,2237,2236,564,985,991
4326,4325,4322,4321,4323,4324
4960,3002,3009,3008,2995,4066,4961
5239,5240,2263,2264,2278,4397
1464,1465,1466,1469,2532,2529
4552,4551,4555,4556,2682,3741
1035,389,492,494,1037
4056,265,266,1575,1576,5534,5535
5912,5910,4420,4421,4422
4816,1281,1283,4812,4818
1173,1178,2144,2142,1174,1170
1480,1479,1473,1472,693,696
5546,5547,5548,5549,5551,5550
1829,1830,996,995,377,376
5126,4186,2192,1249,1250,5129
4836,2258,4823,4830,4829,4835
3217,2195,2196,1251,1252,2198,3218
3326,3325,1330,2327,2328,2314
1694,2843,2841,1693,1695,1696
2528,5647,5646,5121,2521,2527
1827,378,989,994,996,1830
5437,5436,5433,5434,5435
4199,4200,4270,4271,5142,5143
3242,3243,2216,2215,3249,3250
507,422,439,438,83,116,508
5776,5772,4870,5478,5475
4392,4394,1313,1314,5248,5249
2515,3516,4351,4354,2169,2168
583,122,4319,4318,3366,3365
3100,3099,3084,3085,3086,3087
5876,5877,5878,5879,5880,5881,5882
5610,5609,5611,5612,5608,5607
5083,5076,4160,5065,5066,5080
3973,2283,2284,3968,3967,3974
5089,2869,2868,2867,4165,5088
5461,4697,4700,4701,5460
1104,2026,2034,2033,1089,1103
3388,3384,2378,2377,3385
5296,4479,3765,2711,5301
570,572,4218,4219,563
3571,4422,4421,3565,3566,3570
481,1130,1129,213,212,54
2028,2027,2025,2032,2034,2026
2341,2384,2383,2345,3349,3348
5880,5879,5690,5692,5691
3856,4720,4719,1617,1615,2786
1907,1949,1948,1029,1032,1903
2476,2480,2479,2478,2477,2475
1486,711,709,710,1487
748,1509,2628,749,745
343,346,336,280,281,70
2248,3254,3253,2244,2245,2246,2247
600,3417,3416,1355,1353,599
4046,4042,4036,4039,2994,4918,4919
3436,4323,4321,3439,3438,3437
3520,3522,2519,2518,2516,2517
2973,2972,2978,4935,4932,4048
814,811,259,258,1761,1762
1790,948,950,2866,2864,1795
671,672,670,1221,2170,2171
1687,1686,3903,3904,845,1637
4283,4285,3298,3299,5115,5117
1076,458,90,1083,1082,1074
2295,1256,1260,1259,4181,4182
388,384,1788,1786,951,387
1003,844,846,274,273,1002
1208,1209,545,1210,1211
1685,1696,1695,2807,4789,4788
4512,2658,3690,3689,4511
1787,351,947,948,1790,1791
3530,3528,4395,4393,3523,3524
5754,5752,5751,5750,5753,5755
3121,4131,4132,4128,3119,3122
3983,4834,4831,3982,3981,3984
1872,4623,4624,4602,4603,3766
4052,2990,4945,4946,5846,5847,5530
4309,4310,4313,4314,4308,4311,4312
5056,3122,3119,3120,3118,5054
5541,5540,5542,5544,5545,5543
4617,5943,5944,5835,4618,4619
557,1229,1230,1237,1241,558
1009,1848,1847,2855,2854,1707
1129,1128,473,474,210,213
438,441,424,430,431,83
5182,5181,5184,5186,5185,5183
705,699,698,4889,4890,2938
5806,5468,5817,5819,5467,5810
5758,5757,5756,5760,5761,5759
4187,2193,2903,2902,2192,4186
4205,4204,3886,3885,5794,5795,5465
5085,5088,4165,4166,5635,5634
2355,2353,2346,2348,2347
2403,3488,3489,2429,2401,2404
3487,2431,3478,3475,2429,3489
3163,3159,3161,3160,3162
1657,1652,1645,853,852,1656
5211,5208,4342,4345,4344,4343
3061,4984,4982,4988,4990,4900
365,364,363,362,356,357
5672,3554,3550,3557,5251
4940,4939,818,1578,1879,1881
5404,5405,3778,2712,3776,3775
3693,823,822,825,824,3697
2473,971,1802,1803,2870,3939,3938
76,382,1712,1713,881,880
510,512,514,2145,2143,1175
445,255,264,1563,1561,84,446
1811,1810,1809,4109,4998,4997
4019,4020,4018,4017,4016
5864,5862,4112,4111,4110,5859
4727,5471,5470,3868,1686,1687,2908
3952,2891,2889,972,1818,3951
5155,5157,5158,5156,5153,5154
614,612,2441,2439,613
2230,2231,2232,2233,2234
4487,3643,2609,4484
896,898,69,337,349
5701,3699,3700,3701,5703
2720,3788,3787,3772,3771,3755,3756
913,914,1745,1746,1754,1751
1193,2309,2308,1198,2152,2151
4176,4180,4179,3192,3191,3190,4177
4066,2995,4062,4064,4065
727,725,724,726,728
2428,2427,2426,3466,4342,5208,5207
4477,4475,1603,3782,3780,2718
5268,5270,5271,5272,5269
4084,4085,4083,4087,4086
1260,1261,2207,3231,3230,1259
2172,3500,4359,4360,1394,1391,2173
1733,1732,1734,1735,1736,1737
5441,4686,3833,3834,5756,5757
299,1634,2785,2784,2837,2838,1757
4927,4925,5697,5698,5319,4929
283,857,856,868,867,290
1196,1194,1193,2151,2150,1195,1197
5801,5803,4723,575,1264
2076,2075,1117,2054,2055,1124
1934,1041,1042,1936,1937,1933
1301,1302,1304,1303,1744,1743
1344,1345,2371,2376,2375,1343
724,723,3673,3672,726
5673,5672,5251,5254,5255
3310,4288,4290,3156,3154
5900,5901,5894,5896,5895,5893
1897,403,489,490,107,1028,1898
2519,3517,3516,2515,2514,2518
3066,3070,3069,3062,3063,4096,4097
5904,5906,5907,5963,5964,5905
5866,5868,5867,5863,5862,5864,5865
1268,1271,1272,1267,2208,2209
4483,5299,5300,1605,2714,3636
3118,3120,4137,5043,5044,4138
5625,5626,5622,5621,5623,5878,5877
5111,4177,3190,2179,2178,5110
5704,5703,3701,2677,4532,4533,4528
2267,2261,578,1312,3276,3277
163,651,652,638,640,165
1928,1922,1926,3006,3005,1927
1462,3524,3523,3531,4408,4407
1329,1326,595,1327,1331
1864,1865,1867,1866,1862,1861
3873,3872,3871,3870,4743,4742
3947,3948,3944,3945,3943,3942
764,1540,1542,1519,1518
2438,1373,1372,1371,2445,2448
2847,2735,2732,2787,5495,5496
3477,3476,2399,4328,4327,1361
5287,5286,4888,4887,2939,2582,3615
5325,5324,4528,4533,4530,4581
5179,3306,3307,2301,2302,5178
1354,1358,1357,1351,2387,2388
2006,1078,457,458,1076,2005
2274,2275,2259,2253,2254,1310
12,13,1080,2007,2008,89
4229,4228,4227,4225,4224,4226
2937,4013,4679,4677,3824,2936
4599,3749,5713,5926,5927,5383
5975,5974,5295,5297,5298,5684
4682,4680,3873,4742,4741,4278
3330,3301,3300,3303,3302,3329
688,1470,3563,3564,1471,694
2719,2718,3780,4645,4649,3783
3559,4414,4416,2542,2541
2842,1703,1697,1700,1699,2840
1894,405,404,403,1897,1899
619,632,631,618,635,634
4918,2994,4058,4912,4910,4915
2282,2281,2257,4837,4833
3913,3914,3912,3911,1658,2815,2821
1217,1219,629,632,619,143
2626,741,190,750,1507,2627
3793,2738,1618,833,3791
1360,2395,3442,3440,2397,1359
3043,3045,1051,1952,1953,1052
5542,4079,3031,3032,3033,5544
4784,4788,4789,4787,4786,4785
4387,3521,3522,3520,4385
5662,5663,4371,4374,4375,4373,4372
2040,94,221,5028,5029,4129
5445,4877,4878,4028,4874,5444
3307,3308,1336,1334,2301
2781,3854,3850,1633,3845,3847
4328,2399,3471,3473,5199,5200
2996,3001,4959,4958,2997,2998
4734,5476,5480,4735,4736
1207,1204,2158,2156,1205,1206
842,843,299,1757,1755
5413,5411,2921,2919,2920
3007,2983,4053,4938,4937,3010
4446,4445,4444,4443,4451,4448
1017,1021,1020,1018,1019,1016
5584,5049,5051,5050,5052,5585
5462,5791,5789,4704,4703,4702
4349,4348,5210,5212,4346,4347
1555,1556,220,780,779
4896,5523,5519,3060,2948
3640,2614,2611,2610,3641
5373,5371,5359,5362,4566,3722
4639,4638,4641,4643,4642,4640
3412,3413,3408,2382,2340,2336
2481,5001,5002,2482,2484,2485
2329,2326,3340,3342,3331,3332
1722,1723,1721,1718,1719,1720
2252,1628,2286,2287,3297,3296
4557,4553,3711,2687,2686,2685
1760,260,812,934,1774,1775
5302,5303,5304,5305,5306,5307
5711,5709,5925,5923,5917,5710
37,40,35,29,42,43
4703,4704,5452,5778,5779,4705
416,415,88,4121,4120,3106
2931,4709,4710,3844,3842,2927
963,1729,1728,962,1020,1021
1945,1946,1904,1905,408,406
5280,5278,5279,5277,5282
805,803,802,804,806,807
5151,5154,5153,4234,4227,4228
3222,3221,2199,2200,670,672
188,104,2087,2088,731,729
2016,2015,2014,2012,2011,2013
1050,1052,1953,1949,1907,1908
4165,2867,2101,2102,1140,3146,4166
2011,2012,1081,459,460,468,467
2307,4292,4293,3311,2308,2309
2353,2352,1457,1458,4282,2346
3203,3202,3201,3205,3206,3204
2048,1101,1105,1104,1103,1102,2049
5553,4994,4996,4995,5868,5866
2328,2327,2330,2329,3332,3335
301,873,874,1674,1673,300
3605,3606,2573,2569,2568,2567
1403,2486,2489,1935,1932
5595,5597,5599,5600,5598,5596
1007,1006,1842,1843,1004,1005
3871,1630,5769,5770,4738,3870
5149,5150,4229,4226,3260,3261
24,1362,2410,2409,170,23
2175,1224,3498,3500,2172,2177
2970,4928,4929,5319,5318,3728,3727
5964,5963,5962,5965,5966,5967
2110,2109,3148,3147,2111,2112
3949,3951,1818,1819,1817,1816
3554,3555,2539,3549,3550
3701,3700,2678,1583,1584,2677
2306,2298,3363,3359,3309,3304
5284,4449,3610,4884,4888,5286
3789,4654,4651,3787,3788
3886,3884,5481,5482,4753,3885
4516,4517,1590,1589,1585,1586
2555,1481,3669,3668,2554
2205,2206,3219,4190,4189,2203
5598,5600,4158,3123,4154,5061
3515,3514,4379,4386,4383,3513
3819,3818,3817,5938,5942,3816,3815
484,483,2043,2073,2072,2082,2081
1602,1601,2702,3744,4593,4594
5985,4153,5055,5960,5986
646,644,146,147,1434,1433
4779,4778,4781,4780,4782,4783
1731,965,905,904,892,1730
4722,4721,4005,4002,571,573
1631,841,840,2740,3803,3802
4311,4308,3431,4325,4326,3441
3292,3294,3830,3829,3288,3287
3976,3977,3200,3199,3198
1400,1401,2480,2476,1399
1874,1875,1872,3766,4480,4478
1560,1559,2654,2655,1558,1557
1624,3809,3808,2748,2751
1862,1866,2924,2925,3817,3818
4761,4763,4764,4765,4766,4762
5007,5008,5006,5005,5565,5560
3247,3248,2220,2219,2214,2213,2212
69,354,355,942,1781,1780,337
2572,2553,3583,3585,2563,2570
3236,3234,3238,3240,1262,3992,3993
402,411,412,488,487,401
2856,1708,1710,1711,1709,2853
2145,514,513,3514,3515,2146
5629,5899,5897,5632,5627,5628
3327,1328,1329,1331,1330,3325
4501,4496,4485,4488,3652
3603,3607,3608,3606,3605,3604
1116,2051,2052,1111,1118
3406,3397,3396,2385,3401,3405,3409
5082,5084,5083,5080,5079,5081
397,1016,1019,386,390,395
539,540,1208,1211,542,541
5431,4675,4673,4674,5426
5015,5016,5559,5558,5008,5007,4115
5361,5360,3723,3724,2691
1077,455,456,86,457,1078
3046,3042,3034,3036,1051,3045
1558,2655,2652,1554,783,782
2164,2163,2160,2161,2166,2167
1062,1982,1983,78,80,79,1061
2859,2860,2863,2862,2861
4685,2757,4882,4877,5445,5446
4540,4591,4592,3734,3705,4539
3839,2761,3806,3805,2762,2763,3840
817,816,2132,2131,820,819
269,268,178,179,822,823,270
3499,2472,3188,3189,4356,4357
5439,5440,5441,5757,5758,5442
593,3387,3386,3312,4294,4296
2137,1213,2165,4382,4380,2136
1564,815,261,233,1565
1483,697,1481,2555,2556
960,961,71,11,956,957
5229,4391,5227,5225,5242,5245
2511,4384,4385,3520,2517,1449,1450
520,517,521,523,522,518,519
2789,4657,4655,2738,3793,3792,2788
5113,5114,5107,5106,4184,4185
5362,5359,5358,5360,5361,5363
2411,2412,2414,2415,708,707
2249,4216,4217,3244,3241,3239
4585,5710,5917,5918,3721,3733
4297,4296,4294,4295,4307,4305
613,2439,2440,1370,127
3059,3056,1928,1927,3054
5621,5310,5587,5588,5308,5623
2725,1608,1607,1609,2728
4777,3897,3898,3899,4774
3832,4687,5440,5439,4684
5937,5746,5747,5748,5749,5940
4735,5480,5479,4761,4762,3890,2802
1788,1789,1787,1791,1792,1786
946,347,348,1163,1164,949
1100,1099,1110,1115,3127,3126
5417,5419,5418,5416,5747,5746
1070,1071,85,239,240,237,91
4085,3041,3040,3042,3046,4083
2496,2490,2493,2492,2491,2494,2495
2667,2671,2669,230,813
777,214,57,56,7,776
522,523,1177,1178,1173,1172,15
3223,4192,4191,3221,3222
528,529,531,119,527
4543,5326,5329,4587,4588,4544
719,2125,2124,720,718,717
4289,1185,1184,1183,2147,4291
3063,3062,1919,1923,1924,1920
1318,2290,2291,2312,2311,592
2624,2625,2626,2627,3676,3675
3567,3568,2520,1463,1461,1459
1340,1324,2323,2318,1342
1098,98,97,1107,1110,1099
1004,1843,1841,1714,1712,382
5952,5955,5833,5832,5741,5740
1471,3564,4428,4429,3569,1475,1476
2414,2413,2418,2417,2416,2415
2376,3381,3383,2374,2375
3235,3233,3234,3236,3237
947,946,949,950,948
2780,2777,2776,2775,2778
856,855,294,297,869,868
2138,516,3179,3180,1168,2139
118,1320,2307,2309,1193,1194
3080,3081,3083,3082,3079,3078
278,285,286,859,860,277,279
5456,4695,5754,5755,4696,5455
5221,5222,5219,5665,5661,5220
3771,3772,3774,3773,3770
454,452,453,451,456,455
3537,3532,3533,3534,3535,3536
3594,2560,2565,2566,2557,3593
769,770,768,765,767,766
3706,4544,4588,4591,4540,4542
1265,1266,891,890,888,889
3465,3457,3456,5209,5210,4348,3464
3119,4128,4127,2037,4136,4137,3120
4353,3496,3497,3495,3494,4355
5102,5101,3134,3135,2046,1134,3151
5714,4633,4631,5345,5346,5715
453,242,243,60,87,451
1401,617,1402,1404,2479,2480
5052,5050,4148,1096,3679,4508
5338,5339,4552,5340,5341
5821,5509,1868,1869,1870,3864,5820
979,1742,1739,980,981,982
2219,2218,1270,1271,1268,2214
695,696,693,692,691,1466,1465
1270,1269,1276,1277,1272,1271
4798,308,309,292,4800
204,472,471,101,100
4405,5648,5647,2528,2524
5766,5765,5443,4872,4867,4869
4419,5970,5969,3560,3561,4417
4947,2971,4924,4925,4927,4949
2913,3860,3859,1837,1839,2914
4819,4818,4812,4813,4814,4815
465,1088,1094,1093,5023,5022
2407,1365,1366,2413,2414,2412
2723,5734,5732,4653,4654,3789
954,957,956,1653,1655,955
1407,1411,1410,1421,1419,630
2889,2890,4821,4822,2877,972
4707,4708,4705,5779,5782,4706
3005,3006,3007,3010,3011,3004,3003
1349,1350,598,3395,3394
1436,1433,1434,1437,1438,1435
3784,3783,4649,4648,3786,3785
4409,2537,3547,3543,3551
1973,3087,3086,1960,1053
4636,4637,4635,4639,4640,5401,5400
5897,5900,5893,5630,5631,5632
5171,5175,5176,5172,5173,5174
2623,1506,753,752,721
1488,2550,2549,3607,3603,1489
4620,5515,5947,5943,4617,4611
5774,5771,5773,5772,5776,5777,5775
2064,2065,2068,2067,2066
5608,5612,5063,5313,5311,5064
3699,2681,2680,2679,2678,3700
3611,3613,4446,4448,4447,3612
1719,1718,922,924,3928,3929,2857
5652,5655,4281,4280,3293,5161
865,864,3681,3682,1663,1664,866
2872,2871,1835,1836,1808,1807
4905,2944,2943,2940,2941,4903
4009,4008,4845,4844,4007
5521,4906,4905,4903,4904,5520
57,218,217,55,56
3055,3053,1883,1884,1886,1885
2552,2716,3784,3785,1481,697
3598,2567,2568,2559,3596
4532,2677,1584,829,1598,4531
32,27,26,22,31
5743,5745,5412,5411,5413,5415
2082,2072,2076,1124,1125,2078
5226,3546,3545,3538,4390,5223
2342,2343,695,1465,1464
4160,5071,5070,5620,5618,5065
545,1196,1197,1192,1210
830,739,738,185,186,831
2114,5628,5627,5091,1152,2116
4902,4899,4900,4990,4989,5516,5517
676,674,3961,3962,2895,1812
5035,5034,784,785,4135
1019,1018,385,384,388,386
1638,1637,845,847,846,844
174,175,1548,1547,173
4466,3630,4473,4472,4431,4432,4467
2566,2564,3587,3590,3589,2557
3723,5725,5726,3725,3724
2865,506,2099,2101,2867,2868
5459,5460,4701,4699,5451,5450
3219,3220,3217,3218,4194,4190
2892,2893,3956,3955,2890,2889,2891
1335,2354,2355,2347,585,587
5689,5688,5685,5686,5687
111,1150,2112,2111,2117,2118,499
3707,5356,5357,4545,4548,3708
3050,3052,2487,2488,2489,2486
1445,1444,1443,1442,1441,1439,1440
806,804,250,249,245
2192,2902,3980,3979,1245,1249
5756,3834,2758,2757,4685,5760
5484,3880,3879,3878,5485
5872,5958,5959,5060,5601,5604
4027,5510,5818,5817,5468
3720,1597,828,184,193,3719
2467,2173,1391,2469,3497,3496
1860,1855,1854,1857,2922,2923
1646,810,811,814,853,1645
165,640,639,45,50,164
5288,5293,5292,5290,5291,5289
5454,5455,4696,5448,5447,2759
1356,4411,4412,3558,1357,1358
5279,2607,3572,5270,5268,5277
4244,5160,5159,3291,3265,4243
2563,3585,3586,2564,2566,2565
3458,2424,2425,2427,2428,3459
4189,4190,4194,4193,4191,4192
4335,4332,2601,2602
3040,1963,1962,3035,3034,3042
2425,1497,2592,2591,2426,2427
2098,2097,508,116,117,1138
5093,5103,5102,3151,3152
4242,4241,4240,4239,4238,5158,5157
822,179,717,718,181,825
2474,2473,3938,3937,3504
4408,3531,5250,5644,5649
2549,2548,1482,2571,3608,3607
5603,5602,5610,5607,5889,5891
5576,4133,4134,5031,5032,5574
812,2668,2667,813,933,934
2858,2857,3929,3935,4809,4808
1386,1390,1389,1384,1383,1385
2462,2461,3048,3047,1402,617,1388
5845,5842,5841,5843,5844
2882,2881,1293,1292,75,379
4217,4215,3245,3246,3244
5833,5828,5829,5830,5831,5832
3263,5435,5434,4240,4241
1813,1812,2895,2896,5010,5009
3778,3777,2957,2958,2712
4716,4715,3790,2731,2729,2730
1736,1735,351,1787,1789
169,168,1232,1234,668,669
4439,2575,2576,2574,3609
3561,3560,5259,5260,4426
543,3437,3438,544,545,1209
2484,2482,1973,1053,1956,3082,3083
886,885,884,883,890,891
3895,3896,4768,5489,5490,4772,3894
146,1171,1169,162,159,147
4158,4157,4130,4131,3121,3123
715,2091,2092,1135,485,105,106
4344,4345,3468,2597,2596,1498
1717,1716,65,1723,1722,878
1712,1714,1715,1716,1717,1713
2758,2934,2935,4883,4882,2757
53,173,1547,2084,2087,104
3264,2252,3296,4232,4230
1978,1977,1974,1975,1976
2664,2661,2660,1571,2675,2672
155,1435,1438,662,658,153
4376,5220,5661,5660,4378,4377
1977,1058,1056,415,416,1974
2392,2391,1360,1359,124
2242,2240,2248,2247,2243,2241
2025,2022,2024,1085,2029,2032
3566,3565,3526,3527,3528,3530,3529
1138,117,432,436,1997,1998,1139
4057,2998,2997,2991,2992,4060
936,340,58,452,454,937
2981,1031,1030,2988,2987,2979
1941,409,411,402,1939
4462,5204,5203,4463,4465,4464
2499,548,1218,1217,143,1426,2500
5809,5810,5467,4726,4725,4724
3162,3160,511,512,510,1190
4576,4575,3726,4572,4571,4577,4578
5894,5634,5635,5636,5633,5896
976,977,971,2473,2474,1397
3599,3604,3605,2567,3598
894,897,899,898,896,895
3351,1339,3346,3347,2358,2357,3352
5838,5953,5952,5740,5389,5525
5292,5682,5683,4482,3638,5290
4518,3696,3698,1594,1590,4517
992,991,985,984,986,987,988
5197,5198,5193,5194,5195,5196
3331,3342,3341,3357,3356,3333
1044,1039,1911,3072,3071,1043
1492,2584,4453,4452,3617,1493
2008,2007,2006,2005,2010,2009
874,875,872,871,1677,1674
1315,2277,2276,2269,2270,1317,1316
3161,2141,2140,1167,511,3160
5850,5535,5534,5532,5533,5851
5487,4769,4009,4007,3866,5492
2127,1160,503,504,505,2129
2246,2245,1300,1299,1303,1304
2537,2754,2753,3548,3547
3146,1140,1139,1998,1996,3145
4898,5513,5524,5523,4896,4897
4340,4341,4462,4464,3627,3626
5526,5527,5528,5529,5695,5696
5983,5984,5979,5980,5981,5982
4658,4660,4659,4656,4655,4657
434,1066,1999,2000,82,435
2122,1159,716,176,2123
3211,2197,559,557,558,3214
4154,3123,3121,3122,5056,5055,4153
4227,4234,4236,3268,3269,4225
2644,2643,2640,2638,2639,2641,2642
4567,5363,5361,2691,1606
5216,4366,5011,5012,4116,5218
4001,3882,3883,2913,2914,2912,4004
4729,4728,5472,5471,4727,4730
668,1234,1233,373,3965,3963
2051,2050,2048,2049,2053,2052
1896,1895,1894,1899,1900,1893
4959,4960,4961,4957,4958
5353,4562,3706,4542,4541,5352
4507,5307,5306,215,3124
2633,1520,763,1541,1540,764,2632
71,344,343,70,10,11
3089,3088,4979,5547,5546,1970
5671,5245,5242,5243,5244,5246,5670
1749,2808,2809,1643,843,842,1748
3644,4490,4491,3645,3647,3646
3447,2402,1361,4327,4337,4336
2150,2151,2152,3159,3163,2149
3928,924,925,920,345,3930
1616,2730,2729,306,308,4798,4799
5551,5549,4975,4976,4078,3029
2280,2279,3280,3281,5641,5640
909,319,320,321,318,906
4494,4495,4493,4492,4491,4490
5195,5194,3320,3314,2313,3321
1817,1819,975,977,976,1814
3557,3550,3549,5230,5669,5668,3556
4605,4608,4634,4633,5714,5712
1117,1118,1111,1112,2059,2054
4134,3117,3112,3113,5030,5031
3469,4343,4344,1498,3444,3470
758,760,747,194,195
2585,706,2579,3614,4456,4455
5281,5273,5274,5275,5276
5669,5230,5228,5229,5245,5671
2377,2378,2379,4301,4302
4828,4826,3973,3974,5502,5503
1024,1022,77,1033,1034,410
2096,1137,1136,1135,2092
5601,5060,5040,5609,5610,5602
3373,3371,3370,2365,2364,3372
205,2080,2077,472,204,206,207
2038,1551,778,4144,4145
4510,4511,3689,3686,3685,3680
5224,5223,4390,4389,5241,5238
5348,3712,4564,4561,5350
2747,3801,3799,3812,1623
4924,4923,5526,5696,5697,4925
2184,5135,5134,3196,3194,2181
4096,3063,1920,3057,3058,4099
5273,5269,5272,3601,3600,5274
3279,2272,2273,2275,2274,2271,3278
3780,3782,3781,3779,4644,4645
5719,5718,5716,5717,5721,5720
4610,4619,4618,4638,4639,4635
2406,2403,2404,2405,3448
2645,3140,5081,5079,759,2648
2243,2247,2246,1304,1302,568
5860,5858,5865,5864,5859,5861
4835,4829,4827,3985,4832
183,202,774,772,182
3781,3752,3753,2707,1599,3779
5836,5837,4922,4047,4626,4625
5467,5819,5820,3864,3865,4726
1867,2926,2930,2929,2924,1866
2372,2363,3322,3378,3380
4833,4837,4836,4835,4832,4831,4834
921,919,305,304,68,335
1635,3921,4802,4803,2785,1634
1999,2004,2003,2002,2001,2000
1566,1565,233,234,235,790
1282,1280,1290,1287,1284
4431,4472,5288,5289,5267,4438
2394,5188,5187,4292,2307,1320
2674,799,252,803,805,2673
4571,4572,4570,5315,5317,4568,4569
1856,5414,5415,5413,2920,1854,1855
1670,865,866,850,1668
1069,448,446,84,85,1071
4772,5490,5488,4773,4771
5027,3111,3110,3109,4126,5025
950,949,1164,1165,506,2865,2866
1521,1522,1523,1520,2633,2637
4647,4646,3664,3663,3661,3662
5916,5973,5975,5684,5683,5682
4649,4645,4644,4646,4647,4648
2202,2201,169,669,675,673
85,84,1561,1562,791,239
2493,5561,5563,5001,2481,2492
1084,91,237,238,459,1081
20,21,24,23,1372,1373
667,665,158,156,161
5966,5965,5151,4228,4229,5150
1671,870,298,864,865,1670
610,2507,2505,1364,1363
2505,3512,3511,2509,1364
1416,1417,1415,1414,2459,2460
4106,3941,3940,974,4105,4992,4993
601,2430,3486,3485,2400
3004,3011,3009,3002,3000
4909,4908,5950,5984,5983,4907
286,289,283,290,858,859
5166,5164,5165,5170,5169,5167,5168
2018,2019,5595,5596,5062,2017
638,645,646,1433,1436,639,640
2879,3946,3947,3942,1804
2134,2135,2137,2136,2133
4108,1396,3503,4107,4995,4996
1967,3095,3093,1966,1965,1964
5136,5132,5131,5133,5134,5135
869,297,1660,1661,298,870
4689,4690,5438,5752,5754,4695
3288,3829,3827,3283,3282,3286
2762,3805,3804,3811,3810,2752
356,362,954,955,352,359
4533,4532,4531,4529,4530
569,1305,1309,2240,2242,2223
1523,755,762,763,1520
3902,3901,2808,1749,1745,914
3925,3926,3924,3927,5812,5813
2340,2382,2384,2341,3337,3338
5823,2475,2477,1871,4034,5824
1917,1915,4084,4086,1911,1039
3614,5285,5287,3615,4454,4456
2722,2723,3789,3788,2720,2721
1348,1349,3394,3390
5613,5614,4159,3125,2629
3842,3844,3843,3839,3840,3841
1123,2071,3138,3144,3143,2089,1131
1184,587,585,1180,1179,1183
2073,2074,2075,2076,2072
4454,3615,2582,2583,3616
2188,2189,2190,2191,2187,2186
931,1770,1773,927,928,930
4648,4647,3662,2619,3786
2225,2229,2228,2227,2226,2232,2231
1546,771,209,1126,2083,2085
2641,2639,1529,1539,1538,1528
3645,3740,3742,2701,2700,3647
2680,1588,826,187,189,2679
1690,1014,1015,1008,877,1689
2779,2780,2778,3851,3852
3297,2287,2288,3295,5656,5654
1119,2061,2060,2027,2028,1120
3194,3196,3197,3195,3193
3535,3534,2535,2536,2534,2533
4396,4397,2278,2276,2277
881,1713,1717,878,879,882
1235,3954,3949,1816,1825,1824
252,59,241,802,803
4015,4014,4678,4679,4013
5674,5909,5913,5675,5677,5676
2418,1367,637,3613,3611,2417
5615,5881,5880,5691,4159,5614
2024,2023,1072,92,463,1085
2143,2145,2146,2142,2144
1529,2090,3139,3141,1539
2620,2622,1503,2616,2618
1289,2210,2229,2225,1288
2911,4730,4727,2908,2909,2910
1214,1215,548,2499,2501
2604,3627,4464,4465,3631,2603
4878,4881,5511,5510,4027,4028
4468,4469,4466,4467,4471,4470
4003,4004,2912,1838,1006,1007,1001
1461,1463,1462,4407,4406,1460
5370,5368,5366,5358,5359,5371
3754,3755,3771,3770,2703,2705
3814,2752,3810,3809,1624,3813
5294,4478,4480,4479,5296,5297,5295
3980,3975,3977,3976,3978,3979
1868,1861,1862,3818,3819,1869
4282,1458,4284,4285,4283
5857,5854,4962,4963,4965,4964
1851,1623,3812,2742,2743
4139,5041,5042,5036,4140,2039
4465,4463,3634,3633,3632,3631
1585,1589,1592,827,826,1588
584,582,583,3365,3367
4753,5482,5486,4754,4752,4751
2235,1295,567,565,566,564,2236
5012,5015,4115,4117,4116
2534,2536,1255,1261,1260,1256
3579,3576,3575,3578,3577,3580
5769,5768,5774,5775,5770
338,941,940,1079,1080,13
3857,4751,4752,3882,4001,4006
5165,5163,5160,4244,5170
2671,2672,2675,2674,2673,2670,2669
1612,1614,1613,1610,1611
5978,5977,5976,5974,5975,5973
3274,3277,3276,3279,3278,3275
3363,3364,3362,3361,3360,3359
549,1226,1225,1224,2175,2174
3375,3372,2364,589,588
1114,1109,1101,2048,2050,1113
1655,1653,4793,4794,3916,1654
3423,3421,2390,2391,2392
2409,2410,2407,2412,2411,2408
4325,3431,3430,5190,5189,4322
2393,2366,1341,2316,4313,4310
495,1148,1145,497,2105,2103
2888,4840,4838,2906,3960,3959
5548,5543,5545,4974,4975,5549
5145,5146,3232,4208,4209,4201,4203
4881,4880,4876,4875,5508,5511
532,539,541,538,1187
4010,4854,4855,4847,4845,4008
2070,2069,4162,4163,3138,2071
5944,5945,5834,5837,5836,5835
1274,563,4219,4222,2221,1273
940,937,454,455,1077,1079
4796,4799,4798,4800,4801,4797
2453,622,1387,1390,1386,2454
2332,3336,3334,2333,2335,2334
1930,4098,4099,3058,4089,4088
2502,2500,1426,1425,1427,1428
167,164,50,653,657
5300,5301,2711,2722,2721,1605
3408,3409,3405,3404,2383,2384,2382
254,808,809,263
5779,5778,5788,5787,5780,5781,5782
2408,2411,707,1495,1496,1368
1753,2859,2861,334,332,331
885,882,879,310,884
3137,3136,3133,3132,3135,3134
1575,1574,1573,1572,1576
2976,4070,4069,2972,2973,1876
2479,1404,1403,1932,1931,2478
658,662,1445,1440,659,660
3353,3352,2357,2360,2351,2350
2317,2319,2320,2300,3300,3301
2068,2070,2071,1123,1122,2067
1438,1437,661,1444,1445,662
989,990,2238,2237,993,994
623,624,628,627,626,625
414,1023,1024,410,409,1941,1942
1619,834,836,835,1621
105,485,484,2081,2079
5554,5555,4999,4994,5553,5552,4114
3302,3303,4287,5181,5182,5192,5191
1924,1923,1921,1925,1926,1922
1584,1583,740,739,830,829
2357,2358,2359,2361,2362,2360
2606,4470,4471,3628,2605
1806,2883,2882,379,1832,1831
858,290,867,1667,1666,861
5357,5352,4541,4549,4545
918,333,67,302,305,919
1493,3617,3618,2581,2595,2594
1291,2234,2233,1296,2239,2238,990
4857,4856,4860,4859,4858,4855,4854
4560,4559,4558,5349,5717,5716
5329,5330,4580,4586,4589,4587
3086,3085,1958,1957,1959,1960
3969,4214,4216,2249,3972
3667,3665,2620,2618,3658,3659
3430,3329,3302,5191,5190
2599,2580,4035,4460,4459,3621
4111,4112,3092,3098,3096,1972
5320,5321,5314,5316,5317,5315
4701,4700,4698,5457,5458,4699
5562,5560,5565,5564,5563,5561
5213,5214,5216,5218,5217,5215
4318,4319,4320,4315,4316,4317
5045,5048,4146,4149,4147
3586,3584,1504,3588,3587,2564
1697,1705,1704,2733,2734,1700
3173,3174,2176,2466,2465,2162
4346,5212,5211,4343,3469,3472
4002,4003,1001,999,571
757,1528,1538,2647,762,755
2922,1857,1858,2849,3924,3926
1162,2115,2116,1152,500,503,1160
2266,2267,3277,3274,2265
3197,2171,2170,3183,3186,3195
4952,4948,4947,4949,4950,4951
2268,2265,3274,3275,4262,4263
560,562,2212,2213,1278,1279
3128,3126,3127,3130,3131,3129
4655,4656,3797,1618,2738
428,429,425,929,1989,1988,417
4618,5835,5836,4625,4641,4638
3108,3106,4120,4123,3105,3107
4943,1026,1025,265,4056,4942
1200,526,649,648,51
1110,1107,1108,1106,1109,1114,1115
2031,2030,462,2019,2018,1090,1091
5979,5949,5957,5953,5838,5980
4255,4256,4258,4260,4259,4257
2810,2806,1644,1642,1643,2809
1189,2149,3163,3162,1190,1188
3716,3719,193,192,191
4609,5403,5402,5410,5408,4652
3445,3623,3620,2600,3443
3726,3727,3728,4570,4572
649,650,647,652,651,648
3768,4606,4605,5712,5713,3749
4055,4941,4940,1881,1877,1882
4904,4903,2941,1929,4980,4983
839,1629,3836,3837,1627,1626
3643,3642,3641,2610,2608,2609
461,96,466,4155,5599,5597
3990,560,1279,1280,1282,3989
2933,2936,3824,4024,4021
550,555,554,1430,1431,551
616,1399,2476,2475,5823,5826
4969,394,391,398,400,4968
4290,4291,2147,2148,3158,3156
200,106,105,2079,2080,205,201
4603,4602,5384,5731,5735,4604
2949,4622,4623,1872,1875
5022,5023,5021,5568,5569,5024
525,524,1176,1177,523,521
1888,372,371,370,3025,3023
2636,2637,2633,2632,2634,2635
5308,5588,5589,5303,5302,5309
1466,691,684,685,1467,1469
4159,5691,5692,4507,3124,3125
3069,3068,1945,406,1919,3062
272,9,271,840,841
380,381,979,982,374,375
3855,2788,3792,4717,4718
151,150,49,38,46,149
1179,1180,1181,3176,3175,1182
5187,5192,5182,5183,4293,4292
2693,2695,4499,4500,713,172
5990,5986,5960,5961,5959,5958
731,2088,2086,1130,481,730
1538,1539,3141,3140,2645,2647
828,831,186,725,727,184
597,1352,2386,3411,3410,2337,596
2638,1131,2089,2090,1529,2639
2706,2705,2703,2704,2702,1601
4679,4678,5429,5428,4676,4677
5474,5506,5504,4733,5469
1535,2642,2641,1528,757,1532
367,72,958,959,363,364
3015,3014,3013,3012,4080,4082
4710,4714,3849,3843,3844
621,625,626,622,2453,2456
1169,1170,1174,2513,2512,666,162
1223,1222,673,675,674,676,677
3389,3388,3385,3386,3387
115,501,1157,2126,2125,719,177
1607,832,1612,1611,1609
1285,1288,2225,2231,2230,1294
566,565,1741,1742,979,381
471,1121,2064,2066,470,102,101
4235,4230,4232,4233,4231,4237
4584,4582,3729,3730,3731
1918,3080,3078,3051,3049
2155,2153,525,521,517
3096,3098,3097,3094,3093,3095
5932,5525,5389,5391,5387,5737,5933
2801,3891,3889,2799,2798,1641
943,944,81,442,440
4029,2938,4890,4891,4031,4030
3424,3422,3420,3421,3423
2648,759,761,760,758,2649
2744,2743,2742,2746,2745
2087,2084,2085,2083,2086,2088
2527,2521,1254,2204,2525
2825,2824,1620,291,1659
5889,5607,5608,5064,5069,5887
3075,3044,3043,1052,1050,3076
2379,3391,3392,2380,2381,4300,4301
4210,5802,5801,1264,1269,1270,2218
2147,1183,1179,1182,515,2148
2535,686,1258,1257,1255,2536
4459,4460,4461,4457,4458
1364,2509,2508,1366,1365
1455,3536,3535,2533,678,1456
2688,2689,2690,1596,1595
2538,3553,3552,4391,5229,5228
927,938,941,338,928
1478,694,1471,1476,1473,1479
4361,4358,1393,4362,4365
3995,3994,561,562,560,3990,3991
5763,5446,5445,5444,5443,5765
2845,2846,2844,2847,5496,5497,3923
4561,4564,4563,4562,5353,5354
5516,4989,4987,4920,5518
969,968,1796,1797,967,970
3091,1892,1891,4978,4979,3088
1379,2457,2458,1382,704,1378
1745,1749,1748,1747,1746
2254,2253,3273,3270,4825,4824
4870,4868,4863,4862,5477,5478
1042,1043,3071,3073,3067,1936
3258,880,881,882,885,886,3259
4696,5755,5753,4740,5449,5448
2180,2181,3194,3193,2182,2183
3450,2446,1369,3460,3461,3452
1796,1798,1799,1801,1800,1797
4063,1882,1877,2971,4947,4948
4126,3109,2036,2035,3116,3114
4554,3710,3714,3713,3711,4553
1164,1163,1783,1782,1166,1165
3543,3547,3548,3544,3545,3546
2614,2613,1502,2724,2726,2611
5924,5705,5706,5707,5708,5921
3285,3287,3288,3286,3289,3290
2985,2986,2984,4054,4053,2983
4304,4305,4307,4306,5193,5198
5581,5033,5035,4135,5580
2579,3612,4447,5283,5285,3614
1195,2150,2149,1189,1191
3269,3268,5166,5168,4246
2381,2380,1325,1326,1329,1328
3597,3592,3591,2561,2562
4236,4237,4231,5164,5166,3268
3148,3149,5898,5899,5629,3147
3961,3963,3965,3966,3964,3962
77,399,396,389,1035,1033
5263,5265,4476,1604,2544
1878,1880,1580,5527,5526,4923
5206,5201,4329,4481,5657,5658
1490,704,1382,1381,702,703,1491
4381,3167,3165,3521,4387,4388
3600,3601,3579,3580,2550,1488
93,2013,2011,467,466,96
4316,4315,2310,4304,5198,5197,3368
3545,3544,5650,5651,5148,3538
1548,1545,1546,2085,2084,1547
1931,1932,1935,1934,1933,2947,2946
2980,2982,2981,2979,2984,2986
443,2818,2819,423,424,441
5472,5473,5474,5469,5470,5471
5946,5517,5516,5518,5834,5945
4596,4597,5338,5341,4492,4493
3964,3966,1811,4997,5000,2894
1168,3180,3177,1213,2137,2135
4861,4864,2794,3887,4764,4763
3476,4347,4346,3472,3471,2399
30,31,22,21,20,19
4132,5026,5025,4126,4127,4128
3022,3024,392,391,394
4859,1859,1860,2923,4011,4858
2992,2991,4954,4955,4068,2974
5355,5354,5353,5352,5357,5356
1383,1384,1400,1399,616,701,700
1369,2423,2419,2424,3458,3460
5090,5089,5088,5085,5086,5087
58,786,789,242,453,452
2273,4247,4248,2260,2259,2275
5466,5465,5795,5796,5804,5800
447,449,450,448,1069,1068
75,1292,1291,990,989,378
275,1669,1668,850,849,276
1010,1011,1012,1013,1015,1014
4627,4628,4044,4045,2966,2956
2670,2673,805,807,800,801
3866,4007,4844,5507,5506,5474,5473
4224,4225,3269,4246,4245,2251,2250
5617,5615,5614,5613,5616
5635,4166,3146,3145,5098,5636
4122,2009,2010,1075,1073,4124
1143,1141,2104,2106,1142
767,765,198,197,1515,1512
534,2398,3436,3437,543,535
1838,1840,997,1844,1842,1006
2508,2510,1367,2418,2413,1366
186,185,722,723,724,725
3210,2901,2897,3999,4843,4842
1387,2464,2462,1388,1389,1390
1165,1166,509,2100,2099,506
1660,2832,2827,1662,1661
3031,3021,3017,3027,3032
4178,4176,4177,5111,5109
2390,3434,3435,2395,1360,2391
2796,3894,4772,4771,3861,2797
44,47,139,138,41
5829,4894,4895,4032,4901,5514,5830
3542,3262,3263,4241,4242,3540
3658,2618,2616,2615,2617,3655
5867,4993,4992,4991,5863
157,664,663,120,17,16
1072,2016,2013,93,92
2899,3970,3971,3233,3235,2898
820,2131,2128,114,267,821
3960,2906,2907,3988,3987,3958
5422,5420,5421,5423,5425,5424
1049,1048,405,1894,1895
883,884,310,887,1724,1726
2021,2017,5062,5987,5989,5874
4307,4295,3313,2331,3318,4306
4580,4579,3732,5709,5711,4586
3398,2540,1470,688,2385,3396
5987,5988,5985,5986,5990,5989
5202,5200,5199,5201,5206,5205
1145,1144,4169,4170,496,497
1415,1413,2483,3081,3080,1918,1414
4183,4182,4181,4179,4180
1574,1151,2113,2115,1162,1161,1573
1362,1363,1364,1365,2407,2410
4644,3779,1599,1600,3664,4646
5742,4668,3814,3813,4664,5744
4558,4051,4049,3712,5348,5349
709,714,712,1505,710
1172,1173,1170,1169,1171
1858,1692,1688,1701,2848,2849
2827,2826,4514,4509,3683,1662
4117,4115,5007,5560,5562,4113
2318,2323,2324,2322,2321,2320,2319
5311,5313,5312,5586,5587,5310
5558,5554,4114,5006,5008
2581,3618,4909,4907,4035,2580
567,1301,1743,1741,565
2573,2570,2563,2565,2560,2569
5205,5206,5658,5659,5203,5204
1598,829,830,831,828,1597
5312,4141,4142,5049,5584,5586
3361,3355,3350,3354,2356,3360
2597,2598,2599,3621,3622,2596
588,589,1345,1344,591
196,195,194,746,1508
2045,2047,1100,3126,3128,1097
4846,4012,3925,5813,5811,5505
4885,4029,4030,5394,5396,4886
2210,2211,2209,2208,2228,2229
3482,3481,3462,3465,3464,3463
27,28,2506,2507,610,26
2963,2955,2975,2977,2954,2962
3093,3094,1971,1969,1966
4313,2316,2317,3301,3330,4314
905,903,901,902,900,904
5528,3692,3694,3695,4525,5529
2875,2873,1834,1835,2871
5745,5744,4664,4666,4665,5412
3623,3622,3621,4459,4458,3619,3620
4211,5138,5799,5802,4210,4212
334,2861,2862,328,67,333
5013,5014,5016,5015,5012,5011
2367,590,1321,1324,1340,2368
3595,3594,3593,3591,3592
2568,2569,2560,3594,3595,2559
5257,5258,4418,4415,4413
4371,2497,2451,2452,4374
3534,3533,1468,687,686,2535
1593,52,174,173,53,1591
1590,1594,1593,1591,1592,1589
4447,4448,4451,4450,4449,5284,5283
3213,3214,558,1241,1242,1232,168
1452,1453,1454,1451,3501,3502
3127,1115,1114,1113,3130
4090,4088,4089,4091,4092,4093
5234,4402,4396,2277,1315,5231
1149,2107,2108,2110,2112,1150
2118,2117,2114,2116,2115,2113
2603,3631,3632,4469,4468,1499
4322,5189,5188,2394,3439,4321
4831,4832,3985,2904,2905,3982
4675,3822,3821,3820,4673
2578,1491,703,699,705,2577
2119,2121,2094,2093,1158,1156
2546,2547,2545,2551,3575,3576
3376,3374,3373,3372,3375
1835,1834,1833,3014,3015,1836
202,203,200,201,775,774
1956,1053,1960,1959,1912,1913,1955
5557,5556,5555,5554,5558,5559
5563,5564,5004,5003,5002,5001
879,878,1722,1720,887,310
390,386,388,387,491,493
3493,1378,704,1490,4443,4444
5411,5412,4665,1011,1010,2921
4091,3059,3054,3053,3055,4092
4100,4101,4097,4096,4099,4098
2964,2962,2954,2952,2960
2841,2840,1699,2844,2846,1693
4950,4949,4927,4929,4928,4926
3956,3959,3960,3958,3957,3955
80,78,2062,2061,1119,99
3666,2621,2698,2699,2622,2620,3665
5934,5933,5737,5738,5739,5736
2325,2338,2339,2326,2329,2330
611,132,612,614
462,464,461,5597,5595,2019
41,138,133,132,611
3367,3365,3366,3374,3376
1986,1987,1057,1055,1056,1058
887,1720,1719,2857,2858,1724
4014,5430,5429,4678
456,451,87,449,447,86
656,655,148,47,44
2696,3736,4506,4505,4498,4499,2695
1300,326,325,324,1299
3795,3794,4660,4658,3796
3271,3272,4274,4275,2284,2283
108,109,1149,1150,111,110
1615,1617,1616,4799,4796,3919
4737,5777,5776,5475,5476,4734,3869
1258,2522,2526,3225,3224,1257
4034,1871,2945,2944,4905,4906
295,1681,1680,2830,2831,296
1421,1410,1409,2496,2495,1422
2550,3580,3577,2548,2549
3826,5437,5435,3263,3262
1792,1791,1790,1795,1794,1793
5753,5750,5764,5767,4740
2732,3796,4658,4657,2789,2787
1420,1423,620,628,624
4755,3888,2790,3892,3893,4756
631,1418,1420,624,623,618
935,932,339,340,936,939
2093,2094,2095,2096,2092,2091
2726,2724,2725,2728,2727
4363,3502,3501,5013,5011,4366
103,102,470,2643,2644,1530
3350,3351,3352,3353,3354
1921,407,2980,2986,2985,1925
2483,2485,2484,3083,3081
4367,2504,2502,1428,3505,4368
3946,4820,4819,4815,3948,3947
3864,1870,2915,2918,2793,3865
5318,5319,5698,5694,5321,5320
4279,4278,4741,4750,4749,3828
3787,4651,4650,3769,3774,3772
3112,228,229,226,3113
536,534,535,533,537
5656,3295,4681,4683,4281,5655
2815,1658,1657,1656,2811,2817
4934,4573,4574,5328,5327,4933
1080,1079,1077,1078,2006,2007
4841,4842,4843,4839,4838,4840
2734,2733,3795,3796,2732,2735
3251,3250,3249,3248,3247
3152,3151,1134,2095,2094,2121
459,238,236,95,460
1825,1816,1817,1814,1815,1822
190,211,769,766,751,750
4498,4505,4503,3654,3653,4497
412,1036,1038,1141,1143,488
4329,3446,3443,2600,5688,5689,4481
5333,5332,3709,3710,4554,4555,4551
4248,5167,5169,4254,4253,2260
552,2168,2169,1216,547,546,553
4631,4632,3764,3763,5344,5345
5397,5396,5394,5395,5398,5399
3695,3694,3693,3697,3698,3696
5158,4238,3264,4230,4235,5156
2627,1507,1506,2623,3674,3676
2602,2601,3626,3627,2604,3624
4499,4498,4497,4496,4501,4500
1819,1818,972,2877,2878,1805,975
128,2435,3454,3451,3480,3484
3097,3090,3089,1970,1971,3094
5267,5289,5291,5266,5265,5263,5264
2387,1351,3399,3397,3406,3407
377,995,992,988,3018,3019
5178,2302,1185,4289,5177
1883,3003,3004,3000,2999,1884
1073,1075,1074,1082,2014,2015
1863,5424,5425,2926,1867,1865
1828,1831,1832,1827,1830,1829,1826
5919,5920,5325,4581,4582,4584,4583
17,120,550,551,126,25
3975,3981,3982,2905,3200,3977
3967,3968,3969,3972,3971,3970
4197,2203,4189,4192,3223,4195
4072,5856,5857,4964,4071
1448,1447,552,553,554,555
5592,5593,5071,4160,5076
1740,908,909,906,907,1738
3519,3518,4350,4351,3516,3517
1148,1147,1146,1144,1145
313,311,316,315,320,319
3371,4317,4316,3368,3369,3370
1808,1836,3015,4082,4081,983
5340,4552,3741,3742,3740
4975,4974,4972,4973,4977,4976
2750,2751,2748,3800,3801,2747,2749
4770,4848,4849,4010,4008,4009,4769
282,277,860,863,1647,1648
5063,2039,4140,4141,5312,5313
4416,4417,3561,4426,4427,2543,2542
5941,5939,5414,1856,1853
3347,3344,2531,2530,2359,2358
5219,4368,3505,3506,5664,5665
3167,3168,3166,3164,3518,3519,3165
463,92,93,96,461,464
2269,2268,4263,4266,2270
3057,1920,1924,1922,1928,3056
2816,2817,2811,2812,2814,2813
4650,5407,5406,4606,3768,3769
1776,1775,1774,1777,1778,1779
3008,4936,5845,5844,4061,4062,2995
4480,3766,4603,4604,3765,4479
4031,4891,5512,5513,4898,4892
2900,5499,5500,2901,3210,3209
4865,5807,5808,1639,2794,4864
5002,5003,3100,3087,1973,2482
647,643,645,638,652
2767,2774,2773,2764,2765,2766
3825,3826,3262,3542,3541
425,1766,1771,1770,931,929
1644,3922,3921,1635,1642
3899,3898,2803,2804,4781,4778
1879,1578,1582,1581,1579,1580,1880
3074,3077,1946,1945,3068
1886,1884,2999,3001,2996,1887
2433,2436,2447,3449,3455
5737,5387,4612,4616,5385,5738
2556,2555,2554,3582,3583,2553
5805,5806,5810,5809,5808,5807
4957,4961,4066,4065,5538,5539,4953
3370,3369,2363,2372,2373,2365
4920,4987,4986,4042,4046,4921
5888,5887,5069,5622,5626
5749,5748,5742,5744,5745,5743
5368,5367,5365,5364,5723,5722,5366
5070,5624,5625,5877,5876,5620
3940,3936,2872,1807,973,974
2848,1701,1702,1703,2842,2851
3414,3407,3406,3409,3408,3413
4522,4515,4518,4517,4516,4521
3610,2577,705,2938,4029,4885,4884
2811,1656,852,1763,1769,1768,2812
4822,4821,4817,4816,4818,4819,4820
4050,4048,4932,4931,4049,4051
3399,3400,3398,3396,3397
1336,1337,2349,2354,1335,1334
732,729,731,730,733,734
4851,4850,4852,4853,4849,4848
1870,1869,3819,3815,2915
2034,2032,2029,2030,2031,2033
4613,4611,4617,4619,4610,4614
1891,983,4081,5540,5541,4978
1305,1307,1306,1308,1309
1324,1321,1323,1322,2297,2324,2323
4245,4246,5168,5167,4248,4247
1419,1421,1422,1423,1420,1418
4550,4539,3705,5369,5372,4546
5500,5501,2899,2898,2897,2901
4403,5237,5239,4397,4396,4402
633,634,635,636,1376,1377
538,541,542,1204,1207,1203
3625,1499,4468,4470,2606
3419,5256,4411,1356,3415
5798,5797,3857,4006,4005,4721
4984,4983,4980,4981,4982
4759,4757,3896,3895,2800
194,747,748,745,746
3633,3634,5678,5680,4473,3630
1199,528,527,526,1200
355,353,342,341,945,942
981,980,327,323,966,964
2284,4275,4276,4213,4214,3969,3968
4156,2041,2040,4129,4130,4157
3617,4452,3616,4908,4909,3618
2655,2654,2653,2651,2652
5385,4616,4637,4636,4615,5386
1346,1343,2375,2374,3426,3427,2389
5389,5740,5741,5388,5390,5391
1137,2044,2045,1097,482,1136
1454,677,676,1812,1813,1451
4781,2804,2801,1641,1640,4780
396,395,390,493,492,389
2308,3311,3310,3154,3155,1198
1297,568,1302,1301,567,1295
999,1001,1007,1005,998,1000
4732,4731,1685,4788,4784,3867
581,2289,1319,580
2140,2139,1168,2135,2134,1167
1901,1898,1028,1027,1025,1026
2498,1424,1374,2449,2451,2497
5057,5605,5603,5891,5892,5885
5242,5225,5224,5238,5236,5243
1502,1501,1500,1608,2725,2724
4252,4243,3265,3266,3267,4249
2477,2478,1931,2946,2945,1871
2862,2863,916,917,910,876,328
1391,1394,1395,615,2468,2469
4065,4064,4952,4951,5537,5538
3916,4794,4795,3914,3913,3915
5565,5005,5860,5861,5004,5564
3418,3419,3415,3416,3417
1232,1242,1240,1231,1233,1234
1181,586,5116,5112,3176
1809,978,1398,1396,4108,4109
3246,3245,4202,5140,5139,2217
5741,5832,5831,5515,4620,5388
915,1756,1759,917,916
2798,2799,4760,4759,2800,3879,3880
1475,3569,3567,1459,690,1474
2003,417,1988,1985,418,2002
3953,3950,3952,3951,3949,3954
5783,5453,5454,2759,2760,5785
4897,4896,2948,4033,4032,4895
1125,1124,2055,2056,2065,2064,1121
5449,4740,5767,5766,4869,5773,5771
4219,4218,4220,4221,4223,4222
2351,2360,2362,1457,2352
1330,1331,1327,2325,2330,2327
4843,3999,4000,3998,4839
4782,4780,1640,5483,5481,3884
131,128,3484,3483,129
4593,3744,3743,3746,3747,4595
3136,3104,1992,98,1098,3133
5030,3113,226,784,5034
2703,3770,3773,4598,4600,2704
1350,3418,3417,600,598
2170,1221,1222,1223,3185,3183
3324,3328,3327,3325,3326,3323
4988,4982,4981,4094,4095,4985
3971,3972,2249,3239,3238,3234,3233
3092,4102,4103,3090,3097,3098
5421,4670,4669,4671,4672,5423
4474,3637,3635,2713,1603,4475
1496,1495,1494,2588,2592,1497
2198,1252,1244,559,2197
1527,1536,1533,1522,1521,199
2930,2932,2931,2927,2928,2929
4320,592,2311,2310,4315
5512,5825,5822,5522,5524,5513
4148,4150,214,777,1096
4867,4872,4873,4866,4863,4868
643,642,641,644,646,645
533,535,543,1209,1208,540
5747,5416,4667,4668,5742,5748
2895,3962,3964,2894,2896
1203,1207,1206,1202,1201
4523,4524,4522,4521,4520,4519
221,782,783,3111,5027,5028
339,231,787,786,58,340
2444,2443,2437,2438,2448,2447,2436
1688,1689,877,1698,1702,1701
3200,2905,2904,2900,3209,3208,3199
3182,4185,4184,2163,2164,3178
4215,5141,5145,4203,4202,3245
3816,5942,5941,1853,1852,2916
4589,4586,5711,5710,4585,4590
95,236,1557,1558,782,221,94
1587,1586,1585,1588,2680,2681
1090,2018,2017,2021,2020,1092
5761,5760,4685,5446,5763,5762
3282,3283,3284,4268,4269
2782,2783,2781,3847,4713,4712
573,571,999,1000,572,570,574
2362,2361,1455,1456,1458,1457
361,357,356,359,358,360
3416,3415,1356,1358,1354,1355
2259,2260,4253,4251,3273,2253
1937,1936,3067,3070,3066,3065
951,1786,1792,1793,953,952
3685,3686,3688,3687,3684
1544,2646,2649,758,195,196,1543
2102,2098,1138,1139,1140
2814,2812,1768,1766,425,429
1357,3558,3559,2541,3400,3399,1351
2903,3984,3981,3975,3980,2902
675,669,668,3963,3961,674
505,504,502,1155,1157,501
2463,2460,2459,2461,2462,2464
1154,4174,4175,2120,1153
10,70,281,3905,4791,4790
5599,4155,4156,4157,4158,5600
4208,4207,4206,4204,4205,4209
4506,4504,4502,4503,4505
5950,5951,5949,5979,5984
5130,5129,1250,1248,1251,2196
997,2910,2909,1636,1845,1844
4874,4028,4027,5468,5806,5805,4871
2111,3147,5629,5628,2114,2117
2622,2699,2697,2692,2694,1503
2416,2417,3611,3612,2579,706
5883,5890,5888,5626,5625,5624
1900,1899,1897,1898,1901,1902
3730,3729,3718,3715,2690,2689
129,3483,3479,2430,601
2074,2042,1116,1118,1117,2075
5322,4519,4520,2676,5700,5699
5364,4583,4584,3731,5724,5723
3792,3793,3791,3790,4715,4717
2947,1933,1937,3065,3064,2942
3175,3176,5112,5113,4185,3182,3181
3539,5147,5149,3261,577
5938,5937,5940,5939,5941,5942
3986,3989,1282,1284,1283,1281
2458,2454,1386,1385,1381,1382
2531,2529,2532,3532,3537,2530
4970,4968,400,399,77,1022
82,2000,2001,1979,1981,420
2441,2442,2443,2444,2440,2439
470,2066,2067,1122,2640,2643
5246,5244,4401,4400,4398
4698,4692,4689,4695,5456,5457
5898,5903,5902,5901,5900,5897,5899
4269,4268,5171,5174,4271,4270
4514,4513,4512,4511,4510,4509
1951,1944,1940,1048,1049,1947
1186,1201,1202,529,528,1199
1750,1751,1754,2860,2859,1753,1752
1507,750,751,754,753,1506
5159,5161,3293,3294,3292,3291
476,103,1530,1531,756,480
4526,4525,3695,3696,4518,4515
2374,3383,3382,2369,3428,3426
4253,4254,4252,4249,4250,4251
5678,5679,5914,5915,5681,5680
4764,3887,3888,4755,4758,4765
3454,3455,3449,3450,3452,3453,3451
2831,2830,2829,2828,2826,2827,2832
4914,4060,2992,2974,2975,2955,4913
232,262,220,1556,1552
81,1649,2820,2818,443,442
2545,2544,1604,2715,2717,2551
3985,4827,5498,5499,2900,2904
5062,5596,5598,5061,5988,5987
3827,4746,4744,2756,3284,3283
2447,2448,2445,2446,3450,3449
2836,3918,3917,2835,1684,1683
2431,3463,3464,4348,4349,3478
3687,3688,3691,2657,1568,1567
2245,2244,1265,889,326,1300
2915,3815,3816,2916,2917,2918
2302,2301,1334,1335,587,1184,1185
1269,1264,575,576,1275,1276
5508,4875,1864,1861,1868,5509
3169,3171,3172,3174,3173,3170
2513,3513,4383,4384,2511,2512
1192,1197,1195,1191,2154,2157
212,213,210,770,769,211
3587,3588,4440,4441,3590
3139,4164,5082,5081,3140,3141
3997,3993,3992,3994,3995,3996
5193,4306,3318,3319,3320,5194
4220,383,76,880,3258,4221
5327,5328,5331,5330,5329,5326
5792,5461,5460,5459,5790
1639,5808,5809,4724,3863,2791
4789,2807,2805,2806,2810,4787
4749,4750,4748,4747,4745,4744,4746
4017,4018,2937,2936,2933,2935,2934
5048,5578,5579,2038,4145,4146
1541,1544,1543,1542,1540
996,994,993,991,992,995
4664,3813,1624,2751,2750,4666
4488,4485,4486,4487,4484,4489
5981,5980,5838,5525,5932,5936
796,795,254,263,264,255
3943,3945,2874,2873,2875,2876
2610,2611,2726,2727,2608
4541,4542,4540,4539,4550,4549
3358,1338,1339,3351,3350,3355
1408,5213,5215,1411,1407,1406
324,325,313,319,909,908
733,730,481,54,742,743
159,162,666,667,161,160
3762,3760,3759,3758,3757,3761
5436,5432,1629,839,5433
860,859,858,861,862,863
2062,2063,3108,3107,2060,2061
2521,5121,5122,4188,2194,1253,1254
3204,3206,2893,2892,2887
2052,2053,1086,1087,1112,1111
3743,4601,5382,5380,3745,3746
3635,3636,2714,3751,3750,2713
5398,5395,4893,4894,5829,5828
55,217,8,1,4
266,113,498,1151,1574,1575
5173,5172,3900,4207,4208,3232
4744,4745,3875,4776,4775,2756
4276,4277,4199,5143,5144,4213
3322,5196,5195,3321,3379,3378
1906,1903,1032,1031,2981,2982
4094,4090,4093,4040,4041,4095
2213,2214,1268,2209,2211,1278
4273,3290,3289,4200,4199,4277
4555,4554,4553,4557,4556
5510,5511,5508,5509,5821,5818
713,4500,4501,3652,712,714
124,1359,2397,2396,18
3737,3748,4494,4490,3644,4502,4504
1025,1027,112,113,266,265
3225,2526,2525,2204,2206,2205,3226
2333,3334,3333,3356,3362,3364
503,500,1154,1153,502,504
3401,2385,688,694,1478,3403
1389,1388,617,1401,1400,1384
3037,1890,4077,4076,413,1938,3038
5498,5503,5502,5501,5500,5499
2429,3475,3477,1361,2402,2401
1439,1441,125,608,609,603
602,607,3509,3510,2506,28
3933,3934,3931,344,71,961
5730,5386,4615,3767,5733
2877,4822,4820,3946,2879,2878
4612,4614,4610,4635,4637,4616
3284,2756,4775,5175,5171,4268
1799,964,966,965,1731,1801
4855,4858,4011,4012,4846,4847
4011,2923,2922,3926,3925,4012
87,60,61,444,450,449
5072,5075,5074,5078,5077,5073
3461,3460,3458,3459,3456,3457
4181,1259,3230,3229,3192,4179
2421,170,2409,2408,1368,2420
366,367,364,365,369,368
3732,4569,4568,5705,5924,5925,5709
4980,1929,1930,4088,4090,4094,4981
2819,2816,2813,427,423
3577,3578,2552,697,1483,1482,2548
2714,1605,2721,2720,3756,3751
698,701,616,5826,5827,4889
4758,4755,4756,4757,4759,4760
3705,3734,3735,5367,5368,5370,5369
5519,5520,4904,4983,4984,3061,3060
4937,4938,5531,5842,5845,4936
2954,2977,2976,1876,2953,2952
1815,1814,976,1397,1398,978
1251,1248,1247,1243,1244,1252
4805,3855,4718,4720,3856,4804
3679,1096,777,776,1549,3677
3978,3976,3198,2185,2190,2189
5014,5009,5010,5557,5559,5016
5252,5255,5254,5253,5262,5261
1877,1881,1879,1880,1878
304,303,284,288,287,68
3379,3321,2313,590,2367,3377
193,184,727,728,192
4986,4985,4095,4041,4036,4042
5217,5218,4116,4117,4113,1405,1412
5477,4862,4861,4763,4761,5479
845,3904,3902,914,913,847
899,360,358,354,69,898
663,1446,1448,555,550,120
5579,5580,4135,785,1551,2038
4250,4249,3267,4272,4274,3272
1968,5550,5551,3029,1889,1961
2999,3000,3002,4960,4959,3001
5659,5658,5657,5977,5978,5914,5679
4629,3761,3757,3764,4632
4093,4092,3055,1885,4037,4040
3910,3909,3908,3911,3912
1347,1346,2389,3422,3424
1215,3494,3495,2471,1218,548
966,323,322,903,905,965
4339,4336,4337,4338,4341,4340
4795,4792,3910,3912,3914
4201,4209,4205,5465,5466,5137
958,3932,3933,961,960,959
5907,3541,3542,3540,5152,5962,5963
779,780,227,223,224
2356,3354,3353,2350,2349,1337
1957,1958,1967,1964,1909,1910
502,1153,2120,2119,1156,1155
5451,4699,5458,5453,5783,5784
1677,871,1682,1681,295,1676
2928,2927,3842,3841,5418,5419
135,134,43,42,142,140
385,317,1737,1736,1789,1788,384
2886,2887,2892,2891,3952,3950
5334,5719,5720,3709,5332
3132,3133,1098,1099,1100,2047
4945,4944,4943,4942,4946
768,1526,1527,199,198,765
3142,5019,5017,4118,5074,5075
210,474,1524,1526,768,770
2600,3620,3619,1873,5685,5688
2769,2770,1631,3802,3806,2761
3227,3226,2205,2203,4197,4198
3187,3184,1453,1452,1392
1127,477,479,473,1128
3619,4458,4457,2949,1875,1874,1873
