4         0.0260163       0.342327        
16        0.00657935      0.392554        
64        0.00164728      0.404375        
256       0.00041194      0.407283        
1024      0.000102992     0.408007        
4096      2.57484e-05     0.408188        
16384     6.43713e-06     0.408233        
4         0.00160241      0.00160241      
16        0.017001        0.017001        
64        0.0221189       0.0221189       
256       0.0230107       0.0230107       
1024      0.0233243       0.0233243       
4096      0.0234451       0.0234451       
16384     0.0234934       0.0234934       
